 0.00000 1.00000 1.00000 0.00000 0.00000 0.00000 0.00000 0.00000 0.00000 
 0.00100 0.99965 0.99965 0.00022 0.00022 -0.01882 -0.01882 0.00035 0.00035 
 0.00200 0.99858 0.99858 0.00087 0.00087 -0.03756 -0.03756 0.00142 0.00142 
 0.00300 0.99682 0.99682 0.00195 0.00195 -0.05614 -0.05614 0.00318 0.00318 
 0.00400 0.99436 0.99436 0.00343 0.00343 -0.07451 -0.07451 0.00564 0.00564 
 0.00500 0.99121 0.99121 0.00531 0.00531 -0.09260 -0.09260 0.00879 0.00879 
 0.00600 0.98738 0.98738 0.00755 0.00755 -0.11035 -0.11035 0.01262 0.01262 
 0.00700 0.98290 0.98290 0.01014 0.01014 -0.12770 -0.12770 0.01710 0.01710 
 0.00800 0.97777 0.97777 0.01306 0.01306 -0.14459 -0.14459 0.02223 0.02223 
 0.00900 0.97201 0.97201 0.01627 0.01627 -0.16098 -0.16098 0.02799 0.02799 
 0.01000 0.96564 0.96564 0.01976 0.01976 -0.17681 -0.17681 0.03436 0.03436 
 0.01100 0.95869 0.95869 0.02349 0.02349 -0.19205 -0.19205 0.04131 0.04131 
 0.01200 0.95118 0.95118 0.02744 0.02744 -0.20666 -0.20666 0.04882 0.04882 
 0.01300 0.94313 0.94313 0.03158 0.03158 -0.22058 -0.22058 0.05687 0.05687 
 0.01400 0.93457 0.93457 0.03587 0.03587 -0.23381 -0.23381 0.06543 0.06543 
 0.01500 0.92553 0.92553 0.04029 0.04029 -0.24629 -0.24629 0.07447 0.07447 
 0.01600 0.91602 0.91602 0.04481 0.04481 -0.25802 -0.25802 0.08398 0.08398 
 0.01700 0.90609 0.90609 0.04939 0.04939 -0.26897 -0.26897 0.09391 0.09391 
 0.01800 0.89577 0.89577 0.05402 0.05402 -0.27911 -0.27911 0.10423 0.10423 
 0.01900 0.88507 0.88507 0.05865 0.05865 -0.28844 -0.28844 0.11492 0.11492 
 0.02000 0.87404 0.87404 0.06327 0.06327 -0.29695 -0.29695 0.12596 0.12596 
 0.02100 0.86271 0.86271 0.06784 0.06784 -0.30463 -0.30463 0.13729 0.13729 
 0.02200 0.85110 0.85110 0.07234 0.07234 -0.31148 -0.31148 0.14890 0.14890 
 0.02300 0.83925 0.83925 0.07674 0.07674 -0.31749 -0.31749 0.16075 0.16075 
 0.02400 0.82719 0.82719 0.08103 0.08103 -0.32267 -0.32267 0.17281 0.17281 
 0.02500 0.81495 0.81495 0.08517 0.08517 -0.32703 -0.32703 0.18505 0.18505 
 0.02600 0.80256 0.80256 0.08915 0.08915 -0.33057 -0.33057 0.19744 0.19744 
 0.02700 0.79005 0.79005 0.09295 0.09295 -0.33331 -0.33331 0.20995 0.20995 
 0.02800 0.77746 0.77746 0.09655 0.09655 -0.33526 -0.33526 0.22254 0.22254 
 0.02900 0.76480 0.76480 0.09994 0.09994 -0.33643 -0.33643 0.23520 0.23520 
 0.03000 0.75212 0.75212 0.10310 0.10310 -0.33685 -0.33685 0.24788 0.24788 
 0.03100 0.73943 0.73943 0.10602 0.10602 -0.33653 -0.33653 0.26057 0.26057 
 0.03200 0.72677 0.72677 0.10868 0.10868 -0.33550 -0.33550 0.27323 0.27323 
 0.03300 0.71416 0.71416 0.11109 0.11109 -0.33377 -0.33377 0.28584 0.28584 
 0.03400 0.70163 0.70163 0.11323 0.11323 -0.33139 -0.33139 0.29837 0.29837 
 0.03500 0.68920 0.68920 0.11509 0.11509 -0.32836 -0.32836 0.31080 0.31080 
 0.03600 0.67690 0.67690 0.11668 0.11668 -0.32472 -0.32472 0.32310 0.32310 
 0.03700 0.66474 0.66474 0.11798 0.11798 -0.32050 -0.32050 0.33526 0.33526 
 0.03800 0.65276 0.65276 0.11900 0.11900 -0.31572 -0.31572 0.34724 0.34724 
 0.03900 0.64096 0.64096 0.11975 0.11975 -0.31041 -0.31041 0.35904 0.35904 
 0.04000 0.62938 0.62938 0.12020 0.12020 -0.30461 -0.30461 0.37062 0.37062 
 0.04100 0.61802 0.61802 0.12039 0.12039 -0.29834 -0.29834 0.38198 0.38198 
 0.04200 0.60690 0.60690 0.12029 0.12029 -0.29164 -0.29164 0.39310 0.39310 
 0.04300 0.59605 0.59605 0.11993 0.11993 -0.28453 -0.28453 0.40395 0.40395 
 0.04400 0.58547 0.58547 0.11930 0.11930 -0.27704 -0.27704 0.41453 0.41453 
 0.04500 0.57518 0.57518 0.11842 0.11842 -0.26921 -0.26921 0.42482 0.42482 
 0.04600 0.56519 0.56519 0.11729 0.11729 -0.26107 -0.26107 0.43481 0.43481 
 0.04700 0.55551 0.55551 0.11591 0.11591 -0.25263 -0.25263 0.44449 0.44449 
 0.04800 0.54616 0.54616 0.11431 0.11431 -0.24395 -0.24395 0.45384 0.45384 
 0.04900 0.53713 0.53713 0.11248 0.11248 -0.23503 -0.23503 0.46287 0.46287 
 0.05001 0.52845 0.52845 0.11043 0.11043 -0.22591 -0.22591 0.47155 0.47155 
 0.05101 0.52011 0.52011 0.10819 0.10819 -0.21662 -0.21662 0.47989 0.47989 
 0.05201 0.51213 0.51213 0.10575 0.10575 -0.20718 -0.20718 0.48787 0.48787 
 0.05301 0.50450 0.50450 0.10314 0.10314 -0.19762 -0.19762 0.49550 0.49550 
 0.05401 0.49724 0.49724 0.10035 0.10035 -0.18797 -0.18797 0.50276 0.50276 
 0.05501 0.49034 0.49034 0.09740 0.09740 -0.17825 -0.17825 0.50966 0.50966 
 0.05601 0.48381 0.48381 0.09431 0.09431 -0.16848 -0.16848 0.51619 0.51619 
 0.05701 0.47765 0.47765 0.09108 0.09108 -0.15870 -0.15870 0.52235 0.52235 
 0.05801 0.47185 0.47185 0.08773 0.08773 -0.14891 -0.14891 0.52815 0.52815 
 0.05901 0.46643 0.46643 0.08427 0.08427 -0.13914 -0.13914 0.53357 0.53357 
 0.06001 0.46137 0.46137 0.08070 0.08070 -0.12941 -0.12941 0.53863 0.53863 
 0.06101 0.45668 0.45668 0.07704 0.07704 -0.11974 -0.11974 0.54332 0.54332 
 0.06201 0.45235 0.45235 0.07330 0.07330 -0.11015 -0.11015 0.54765 0.54765 
 0.06301 0.44838 0.44838 0.06949 0.06949 -0.10067 -0.10067 0.55162 0.55162 
 0.06401 0.44476 0.44476 0.06562 0.06562 -0.09129 -0.09129 0.55524 0.55524 
 0.06501 0.44150 0.44150 0.06170 0.06170 -0.08205 -0.08205 0.55850 0.55850 
 0.06601 0.43858 0.43858 0.05774 0.05774 -0.07296 -0.07296 0.56142 0.56142 
 0.06701 0.43600 0.43600 0.05374 0.05374 -0.06403 -0.06403 0.56400 0.56400 
 0.06801 0.43375 0.43375 0.04973 0.04973 -0.05528 -0.05528 0.56625 0.56625 
 0.06901 0.43183 0.43183 0.04570 0.04570 -0.04671 -0.04671 0.56817 0.56817 
 0.07001 0.43023 0.43023 0.04166 0.04166 -0.03835 -0.03835 0.56977 0.56977 
 0.07101 0.42894 0.42894 0.03762 0.03762 -0.03020 -0.03020 0.57106 0.57106 
 0.07201 0.42795 0.42795 0.03359 0.03359 -0.02228 -0.02228 0.57205 0.57205 
 0.07301 0.42726 0.42726 0.02958 0.02958 -0.01459 -0.01459 0.57274 0.57274 
 0.07401 0.42685 0.42685 0.02559 0.02559 -0.00714 -0.00714 0.57315 0.57315 
 0.07501 0.42672 0.42672 0.02163 0.02163 0.00006 0.00006 0.57329 0.57329 
 0.07601 0.42685 0.42685 0.01769 0.01769 0.00699 0.00699 0.57315 0.57315 
 0.07701 0.42724 0.42724 0.01380 0.01380 0.01366 0.01366 0.57276 0.57276 
 0.07801 0.42787 0.42787 0.00995 0.00995 0.02005 0.02005 0.57213 0.57213 
 0.07901 0.42875 0.42875 0.00615 0.00615 0.02617 0.02617 0.57125 0.57125 
 0.08001 0.42984 0.42984 0.00240 0.00240 0.03200 0.03200 0.57016 0.57016 
 0.08101 0.43115 0.43115 -0.00129 -0.00129 0.03754 0.03754 0.56885 0.56885 
 0.08201 0.43267 0.43267 -0.00492 -0.00492 0.04280 0.04280 0.56733 0.56733 
 0.08301 0.43437 0.43437 -0.00849 -0.00849 0.04775 0.04775 0.56563 0.56563 
 0.08401 0.43626 0.43626 -0.01199 -0.01199 0.05241 0.05241 0.56374 0.56374 
 0.08501 0.43832 0.43832 -0.01543 -0.01543 0.05677 0.05677 0.56168 0.56168 
 0.08601 0.44054 0.44054 -0.01879 -0.01879 0.06082 0.06082 0.55946 0.55946 
 0.08701 0.44290 0.44290 -0.02209 -0.02209 0.06458 0.06458 0.55710 0.55710 
 0.08801 0.44540 0.44540 -0.02530 -0.02530 0.06804 0.06804 0.55460 0.55460 
 0.08901 0.44802 0.44802 -0.02845 -0.02845 0.07119 0.07119 0.55198 0.55198 
 0.09001 0.45076 0.45076 -0.03151 -0.03151 0.07404 0.07404 0.54924 0.54924 
 0.09101 0.45360 0.45360 -0.03450 -0.03450 0.07660 0.07660 0.54640 0.54640 
 0.09201 0.45653 0.45653 -0.03740 -0.03740 0.07886 0.07886 0.54348 0.54348 
 0.09301 0.45953 0.45953 -0.04023 -0.04023 0.08083 0.08083 0.54047 0.54047 
 0.09401 0.46261 0.46261 -0.04298 -0.04298 0.08250 0.08250 0.53739 0.53739 
 0.09501 0.46575 0.46575 -0.04565 -0.04565 0.08389 0.08389 0.53425 0.53425 
 0.09601 0.46893 0.46893 -0.04823 -0.04823 0.08500 0.08500 0.53107 0.53107 
 0.09701 0.47215 0.47215 -0.05074 -0.05074 0.08583 0.08583 0.52785 0.52785 
 0.09801 0.47539 0.47539 -0.05317 -0.05317 0.08638 0.08638 0.52461 0.52461 
 0.09901 0.47865 0.47865 -0.05551 -0.05551 0.08667 0.08667 0.52135 0.52135 
 0.10001 0.48192 0.48192 -0.05778 -0.05778 0.08670 0.08670 0.51808 0.51808 
 0.10101 0.48518 0.48518 -0.05997 -0.05997 0.08647 0.08647 0.51482 0.51482 
 0.10201 0.48843 0.48843 -0.06208 -0.06208 0.08599 0.08599 0.51157 0.51157 
 0.10301 0.49166 0.49166 -0.06412 -0.06412 0.08526 0.08526 0.50834 0.50834 
 0.10401 0.49485 0.49485 -0.06608 -0.06608 0.08431 0.08431 0.50515 0.50515 
 0.10501 0.49801 0.49801 -0.06797 -0.06797 0.08312 0.08312 0.50199 0.50199 
 0.10601 0.50111 0.50111 -0.06978 -0.06978 0.08172 0.08172 0.49889 0.49889 
 0.10701 0.50416 0.50416 -0.07152 -0.07152 0.08010 0.08010 0.49584 0.49584 
 0.10801 0.50714 0.50714 -0.07319 -0.07319 0.07828 0.07828 0.49285 0.49285 
 0.10901 0.51006 0.51006 -0.07479 -0.07479 0.07626 0.07626 0.48994 0.48994 
 0.11001 0.51289 0.51289 -0.07633 -0.07633 0.07406 0.07406 0.48711 0.48711 
 0.11101 0.51563 0.51563 -0.07780 -0.07780 0.07168 0.07168 0.48437 0.48437 
 0.11201 0.51829 0.51829 -0.07920 -0.07920 0.06913 0.06913 0.48171 0.48171 
 0.11301 0.52084 0.52084 -0.08054 -0.08054 0.06642 0.06642 0.47916 0.47916 
 0.11401 0.52329 0.52329 -0.08182 -0.08182 0.06357 0.06357 0.47671 0.47671 
 0.11501 0.52563 0.52563 -0.08304 -0.08304 0.06057 0.06057 0.47437 0.47437 
 0.11601 0.52785 0.52785 -0.08421 -0.08421 0.05744 0.05744 0.47215 0.47215 
 0.11701 0.52995 0.52995 -0.08532 -0.08532 0.05419 0.05419 0.47004 0.47004 
 0.11801 0.53193 0.53193 -0.08637 -0.08637 0.05083 0.05083 0.46807 0.46807 
 0.11901 0.53378 0.53378 -0.08737 -0.08737 0.04737 0.04737 0.46622 0.46622 
 0.12001 0.53550 0.53550 -0.08833 -0.08833 0.04382 0.04382 0.46450 0.46450 
 0.12101 0.53709 0.53709 -0.08923 -0.08923 0.04019 0.04019 0.46292 0.46292 
 0.12201 0.53853 0.53853 -0.09009 -0.09009 0.03649 0.03649 0.46147 0.46147 
 0.12301 0.53983 0.53983 -0.09090 -0.09090 0.03272 0.03272 0.46017 0.46017 
 0.12401 0.54099 0.54099 -0.09168 -0.09168 0.02890 0.02890 0.45901 0.45901 
 0.12501 0.54201 0.54201 -0.09241 -0.09241 0.02504 0.02504 0.45799 0.45799 
 0.12601 0.54288 0.54288 -0.09310 -0.09310 0.02114 0.02114 0.45712 0.45712 
 0.12701 0.54360 0.54360 -0.09376 -0.09376 0.01722 0.01722 0.45640 0.45640 
 0.12801 0.54418 0.54418 -0.09439 -0.09439 0.01329 0.01329 0.45582 0.45582 
 0.12901 0.54460 0.54460 -0.09498 -0.09498 0.00935 0.00935 0.45540 0.45540 
 0.13001 0.54488 0.54488 -0.09554 -0.09554 0.00541 0.00541 0.45512 0.45512 
 0.13101 0.54501 0.54501 -0.09607 -0.09607 0.00149 0.00149 0.45499 0.45499 
 0.13201 0.54499 0.54499 -0.09658 -0.09658 -0.00242 -0.00242 0.45501 0.45501 
 0.13301 0.54483 0.54483 -0.09706 -0.09706 -0.00629 -0.00629 0.45517 0.45517 
 0.13401 0.54452 0.54452 -0.09752 -0.09752 -0.01013 -0.01013 0.45548 0.45548 
 0.13501 0.54407 0.54407 -0.09796 -0.09796 -0.01393 -0.01393 0.45593 0.45593 
 0.13601 0.54347 0.54347 -0.09838 -0.09838 -0.01767 -0.01767 0.45653 0.45653 
 0.13701 0.54274 0.54274 -0.09878 -0.09878 -0.02135 -0.02135 0.45726 0.45726 
 0.13801 0.54186 0.54186 -0.09917 -0.09917 -0.02497 -0.02497 0.45814 0.45814 
 0.13901 0.54085 0.54085 -0.09954 -0.09954 -0.02851 -0.02851 0.45915 0.45915 
 0.14001 0.53972 0.53972 -0.09991 -0.09991 -0.03198 -0.03198 0.46028 0.46028 
 0.14101 0.53845 0.53845 -0.10026 -0.10026 -0.03535 -0.03535 0.46155 0.46155 
 0.14201 0.53705 0.53705 -0.10060 -0.10060 -0.03864 -0.03864 0.46295 0.46295 
 0.14301 0.53554 0.53554 -0.10094 -0.10094 -0.04183 -0.04183 0.46446 0.46446 
 0.14401 0.53390 0.53390 -0.10127 -0.10127 -0.04491 -0.04491 0.46610 0.46610 
 0.14501 0.53215 0.53215 -0.10160 -0.10160 -0.04789 -0.04789 0.46785 0.46785 
 0.14601 0.53030 0.53030 -0.10193 -0.10193 -0.05076 -0.05076 0.46970 0.46970 
 0.14701 0.52833 0.52833 -0.10225 -0.10225 -0.05351 -0.05351 0.47167 0.47167 
 0.14801 0.52627 0.52627 -0.10258 -0.10258 -0.05614 -0.05614 0.47373 0.47373 
 0.14901 0.52410 0.52410 -0.10290 -0.10290 -0.05864 -0.05864 0.47590 0.47590 
 0.15002 0.52185 0.52185 -0.10324 -0.10324 -0.06102 -0.06102 0.47815 0.47815 
 0.15102 0.51951 0.51951 -0.10358 -0.10358 -0.06327 -0.06327 0.48049 0.48049 
 0.15202 0.51708 0.51708 -0.10392 -0.10392 -0.06539 -0.06539 0.48292 0.48292 
 0.15302 0.51458 0.51458 -0.10427 -0.10427 -0.06737 -0.06737 0.48542 0.48542 
 0.15402 0.51201 0.51201 -0.10463 -0.10463 -0.06921 -0.06921 0.48799 0.48799 
 0.15502 0.50937 0.50937 -0.10500 -0.10500 -0.07092 -0.07092 0.49063 0.49063 
 0.15602 0.50667 0.50667 -0.10538 -0.10538 -0.07249 -0.07249 0.49333 0.49333 
 0.15702 0.50391 0.50391 -0.10577 -0.10577 -0.07392 -0.07392 0.49609 0.49609 
 0.15802 0.50110 0.50110 -0.10618 -0.10618 -0.07520 -0.07520 0.49890 0.49890 
 0.15902 0.49824 0.49824 -0.10659 -0.10659 -0.07635 -0.07635 0.50175 0.50175 
 0.16002 0.49535 0.49535 -0.10702 -0.10702 -0.07736 -0.07736 0.50465 0.50465 
 0.16102 0.49242 0.49242 -0.10747 -0.10747 -0.07822 -0.07822 0.50758 0.50758 
 0.16202 0.48946 0.48946 -0.10794 -0.10794 -0.07895 -0.07895 0.51054 0.51054 
 0.16302 0.48647 0.48647 -0.10842 -0.10842 -0.07954 -0.07954 0.51353 0.51353 
 0.16402 0.48347 0.48347 -0.10891 -0.10891 -0.07999 -0.07999 0.51653 0.51653 
 0.16502 0.48045 0.48045 -0.10943 -0.10943 -0.08030 -0.08030 0.51955 0.51955 
 0.16602 0.47742 0.47742 -0.10996 -0.10996 -0.08048 -0.08048 0.52258 0.52258 
 0.16702 0.47438 0.47438 -0.11052 -0.11052 -0.08053 -0.08053 0.52562 0.52562 
 0.16802 0.47135 0.47135 -0.11109 -0.11109 -0.08045 -0.08045 0.52865 0.52865 
 0.16902 0.46832 0.46832 -0.11168 -0.11168 -0.08025 -0.08025 0.53168 0.53168 
 0.17002 0.46531 0.46531 -0.11229 -0.11229 -0.07992 -0.07992 0.53469 0.53469 
 0.17102 0.46230 0.46230 -0.11292 -0.11292 -0.07946 -0.07946 0.53770 0.53770 
 0.17202 0.45932 0.45932 -0.11357 -0.11357 -0.07889 -0.07889 0.54068 0.54068 
 0.17302 0.45636 0.45636 -0.11424 -0.11424 -0.07821 -0.07821 0.54364 0.54364 
 0.17402 0.45343 0.45343 -0.11493 -0.11493 -0.07741 -0.07741 0.54657 0.54657 
 0.17502 0.45053 0.45053 -0.11565 -0.11565 -0.07651 -0.07651 0.54947 0.54947 
 0.17602 0.44766 0.44766 -0.11638 -0.11638 -0.07551 -0.07551 0.55234 0.55234 
 0.17702 0.44484 0.44484 -0.11713 -0.11713 -0.07440 -0.07440 0.55516 0.55516 
 0.17802 0.44206 0.44206 -0.11791 -0.11791 -0.07321 -0.07321 0.55794 0.55794 
 0.17902 0.43933 0.43933 -0.11870 -0.11870 -0.07192 -0.07192 0.56067 0.56067 
 0.18002 0.43664 0.43664 -0.11951 -0.11951 -0.07054 -0.07054 0.56336 0.56336 
 0.18102 0.43401 0.43401 -0.12035 -0.12035 -0.06908 -0.06908 0.56599 0.56599 
 0.18202 0.43144 0.43144 -0.12120 -0.12120 -0.06755 -0.06755 0.56856 0.56856 
 0.18302 0.42892 0.42892 -0.12207 -0.12207 -0.06595 -0.06595 0.57108 0.57108 
 0.18402 0.42647 0.42647 -0.12296 -0.12296 -0.06427 -0.06427 0.57353 0.57353 
 0.18502 0.42408 0.42408 -0.12387 -0.12387 -0.06254 -0.06254 0.57592 0.57592 
 0.18602 0.42176 0.42176 -0.12479 -0.12479 -0.06075 -0.06075 0.57824 0.57824 
 0.18702 0.41951 0.41951 -0.12573 -0.12573 -0.05890 -0.05890 0.58049 0.58049 
 0.18802 0.41732 0.41732 -0.12669 -0.12669 -0.05701 -0.05701 0.58268 0.58268 
 0.18902 0.41521 0.41521 -0.12767 -0.12767 -0.05508 -0.05508 0.58479 0.58479 
 0.19002 0.41317 0.41317 -0.12865 -0.12865 -0.05310 -0.05310 0.58683 0.58683 
 0.19102 0.41121 0.41121 -0.12966 -0.12966 -0.05110 -0.05110 0.58879 0.58879 
 0.19202 0.40932 0.40932 -0.13068 -0.13068 -0.04906 -0.04906 0.59068 0.59068 
 0.19302 0.40751 0.40751 -0.13171 -0.13171 -0.04701 -0.04701 0.59249 0.59249 
 0.19402 0.40578 0.40578 -0.13275 -0.13275 -0.04493 -0.04493 0.59422 0.59422 
 0.19502 0.40413 0.40413 -0.13381 -0.13381 -0.04284 -0.04284 0.59587 0.59587 
 0.19602 0.40255 0.40255 -0.13488 -0.13488 -0.04075 -0.04075 0.59745 0.59745 
 0.19702 0.40106 0.40106 -0.13596 -0.13596 -0.03864 -0.03864 0.59894 0.59894 
 0.19802 0.39964 0.39964 -0.13704 -0.13704 -0.03654 -0.03654 0.60036 0.60036 
 0.19902 0.39830 0.39830 -0.13814 -0.13814 -0.03444 -0.03444 0.60170 0.60170 
 0.20002 0.39660 0.39705 -0.13987 -0.13924 -0.03152 -0.03236 0.60243 0.60295 
 0.20102 0.39556 0.39587 -0.14091 -0.14035 -0.02942 -0.03028 0.60406 0.60413 
 0.20202 0.39444 0.39476 -0.14192 -0.14147 -0.02754 -0.02822 0.60543 0.60524 
 0.20302 0.39346 0.39374 -0.14288 -0.14259 -0.02565 -0.02619 0.60645 0.60626 
 0.20402 0.39247 0.39279 -0.14376 -0.14372 -0.02367 -0.02418 0.60718 0.60721 
 0.20502 0.39178 0.39192 -0.14473 -0.14485 -0.02159 -0.02219 0.60811 0.60808 
 0.20602 0.39085 0.39112 -0.14583 -0.14599 -0.01968 -0.02024 0.60913 0.60888 
 0.20702 0.39010 0.39039 -0.14672 -0.14712 -0.01768 -0.01833 0.60988 0.60961 
 0.20802 0.38934 0.38974 -0.14779 -0.14826 -0.01567 -0.01645 0.61065 0.61026 
 0.20902 0.38870 0.38915 -0.14892 -0.14940 -0.01378 -0.01462 0.61160 0.61085 
 0.21002 0.38819 0.38864 -0.15012 -0.15053 -0.01203 -0.01283 0.61230 0.61137 
 0.21102 0.38807 0.38818 -0.15138 -0.15167 -0.01019 -0.01109 0.61271 0.61182 
 0.21202 0.38792 0.38780 -0.15277 -0.15280 -0.00844 -0.00940 0.61303 0.61220 
 0.21302 0.38788 0.38748 -0.15391 -0.15393 -0.00680 -0.00776 0.61323 0.61252 
 0.21402 0.38790 0.38721 -0.15512 -0.15505 -0.00528 -0.00618 0.61351 0.61279 
 0.21502 0.38801 0.38701 -0.15631 -0.15617 -0.00374 -0.00466 0.61349 0.61299 
 0.21602 0.38791 0.38686 -0.15736 -0.15729 -0.00216 -0.00319 0.61354 0.61314 
 0.21702 0.38782 0.38677 -0.15832 -0.15840 -0.00053 -0.00179 0.61360 0.61323 
 0.21802 0.38772 0.38672 -0.15922 -0.15950 0.00083 -0.00045 0.61365 0.61328 
 0.21902 0.38795 0.38673 -0.16029 -0.16060 0.00201 0.00082 0.61335 0.61327 
 0.22002 0.38799 0.38679 -0.16144 -0.16168 0.00317 0.00203 0.61311 0.61321 
 0.22102 0.38787 0.38688 -0.16268 -0.16276 0.00415 0.00318 0.61293 0.61311 
 0.22202 0.38771 0.38703 -0.16397 -0.16383 0.00498 0.00425 0.61280 0.61298 
 0.22302 0.38787 0.38720 -0.16511 -0.16488 0.00602 0.00526 0.61246 0.61280 
 0.22402 0.38802 0.38742 -0.16632 -0.16593 0.00709 0.00619 0.61199 0.61258 
 0.22502 0.38807 0.38767 -0.16750 -0.16697 0.00796 0.00706 0.61166 0.61233 
 0.22602 0.38824 0.38795 -0.16859 -0.16799 0.00881 0.00786 0.61153 0.61205 
 0.22702 0.38872 0.38826 -0.16965 -0.16900 0.00965 0.00859 0.61123 0.61174 
 0.22802 0.38911 0.38860 -0.17068 -0.16999 0.01035 0.00924 0.61085 0.61140 
 0.22902 0.38935 0.38896 -0.17169 -0.17098 0.01096 0.00983 0.61042 0.61104 
 0.23002 0.38980 0.38934 -0.17272 -0.17195 0.01148 0.01035 0.61009 0.61066 
 0.23102 0.39046 0.38974 -0.17359 -0.17290 0.01225 0.01080 0.60944 0.61026 
 0.23202 0.39105 0.39015 -0.17450 -0.17384 0.01272 0.01118 0.60892 0.60985 
 0.23302 0.39170 0.39058 -0.17544 -0.17477 0.01320 0.01150 0.60823 0.60942 
 0.23402 0.39226 0.39102 -0.17651 -0.17568 0.01360 0.01174 0.60775 0.60898 
 0.23502 0.39275 0.39146 -0.17769 -0.17657 0.01393 0.01192 0.60726 0.60854 
 0.23602 0.39313 0.39191 -0.17864 -0.17745 0.01417 0.01204 0.60681 0.60809 
 0.23702 0.39375 0.39237 -0.17956 -0.17831 0.01430 0.01209 0.60628 0.60763 
 0.23802 0.39427 0.39282 -0.18057 -0.17915 0.01427 0.01209 0.60573 0.60718 
 0.23902 0.39479 0.39328 -0.18150 -0.17998 0.01413 0.01202 0.60524 0.60672 
 0.24002 0.39521 0.39373 -0.18230 -0.18079 0.01402 0.01189 0.60470 0.60627 
 0.24102 0.39557 0.39417 -0.18308 -0.18159 0.01379 0.01171 0.60407 0.60583 
 0.24202 0.39610 0.39461 -0.18392 -0.18237 0.01369 0.01147 0.60367 0.60539 
 0.24302 0.39653 0.39504 -0.18481 -0.18313 0.01353 0.01117 0.60324 0.60496 
 0.24402 0.39691 0.39545 -0.18560 -0.18387 0.01327 0.01083 0.60271 0.60455 
 0.24502 0.39741 0.39585 -0.18659 -0.18460 0.01286 0.01043 0.60214 0.60415 
 0.24602 0.39804 0.39624 -0.18757 -0.18531 0.01249 0.00999 0.60155 0.60376 
 0.24702 0.39885 0.39660 -0.18848 -0.18600 0.01200 0.00950 0.60077 0.60340 
 0.24802 0.39970 0.39695 -0.18929 -0.18668 0.01151 0.00897 0.60018 0.60305 
 0.24902 0.40037 0.39728 -0.19001 -0.18734 0.01093 0.00840 0.59958 0.60272 
 0.25003 0.40098 0.39758 -0.19073 -0.18798 0.01033 0.00779 0.59919 0.60242 
 0.25103 0.40158 0.39787 -0.19149 -0.18861 0.00964 0.00714 0.59898 0.60213 
 0.25203 0.40211 0.39812 -0.19226 -0.18922 0.00917 0.00646 0.59907 0.60188 
 0.25303 0.40272 0.39835 -0.19303 -0.18982 0.00855 0.00575 0.59912 0.60165 
 0.25403 0.40319 0.39855 -0.19388 -0.19040 0.00791 0.00501 0.59884 0.60145 
 0.25503 0.40354 0.39873 -0.19467 -0.19096 0.00705 0.00424 0.59866 0.60127 
 0.25603 0.40372 0.39887 -0.19556 -0.19151 0.00604 0.00345 0.59859 0.60113 
 0.25703 0.40370 0.39899 -0.19618 -0.19205 0.00516 0.00263 0.59826 0.60101 
 0.25803 0.40363 0.39907 -0.19667 -0.19257 0.00424 0.00180 0.59808 0.60093 
 0.25903 0.40352 0.39912 -0.19701 -0.19307 0.00310 0.00095 0.59808 0.60088 
 0.26003 0.40334 0.39914 -0.19731 -0.19357 0.00203 0.00008 0.59801 0.60086 
 0.26103 0.40307 0.39913 -0.19745 -0.19405 0.00094 -0.00080 0.59806 0.60087 
 0.26203 0.40281 0.39908 -0.19766 -0.19451 -0.00009 -0.00169 0.59808 0.60092 
 0.26303 0.40270 0.39900 -0.19799 -0.19497 -0.00108 -0.00258 0.59830 0.60100 
 0.26403 0.40264 0.39889 -0.19839 -0.19541 -0.00206 -0.00348 0.59835 0.60111 
 0.26503 0.40251 0.39874 -0.19893 -0.19584 -0.00301 -0.00439 0.59839 0.60126 
 0.26603 0.40256 0.39856 -0.19953 -0.19626 -0.00395 -0.00530 0.59857 0.60144 
 0.26703 0.40264 0.39834 -0.20008 -0.19667 -0.00495 -0.00620 0.59878 0.60166 
 0.26803 0.40280 0.39809 -0.20048 -0.19707 -0.00585 -0.00710 0.59900 0.60191 
 0.26903 0.40259 0.39781 -0.20074 -0.19745 -0.00668 -0.00800 0.59922 0.60219 
 0.27003 0.40227 0.39749 -0.20100 -0.19783 -0.00748 -0.00889 0.59938 0.60251 
 0.27103 0.40204 0.39714 -0.20140 -0.19820 -0.00837 -0.00977 0.59950 0.60286 
 0.27203 0.40177 0.39675 -0.20191 -0.19856 -0.00929 -0.01064 0.59966 0.60325 
 0.27303 0.40133 0.39634 -0.20232 -0.19892 -0.01023 -0.01149 0.59992 0.60366 
 0.27403 0.40078 0.39589 -0.20266 -0.19926 -0.01115 -0.01233 0.60038 0.60411 
 0.27503 0.40032 0.39541 -0.20289 -0.19960 -0.01192 -0.01316 0.60089 0.60459 
 0.27603 0.39974 0.39490 -0.20315 -0.19994 -0.01273 -0.01397 0.60138 0.60510 
 0.27703 0.39918 0.39436 -0.20346 -0.20026 -0.01344 -0.01475 0.60176 0.60564 
 0.27803 0.39854 0.39378 -0.20371 -0.20058 -0.01407 -0.01552 0.60219 0.60622 
 0.27903 0.39789 0.39319 -0.20403 -0.20090 -0.01470 -0.01626 0.60258 0.60681 
 0.28003 0.39723 0.39256 -0.20437 -0.20121 -0.01542 -0.01698 0.60313 0.60744 
 0.28103 0.39668 0.39191 -0.20458 -0.20151 -0.01606 -0.01768 0.60384 0.60809 
 0.28203 0.39610 0.39123 -0.20478 -0.20182 -0.01672 -0.01835 0.60464 0.60877 
 0.28303 0.39546 0.39052 -0.20504 -0.20212 -0.01735 -0.01899 0.60543 0.60948 
 0.28403 0.39492 0.38980 -0.20530 -0.20241 -0.01793 -0.01960 0.60625 0.61020 
 0.28503 0.39435 0.38905 -0.20565 -0.20271 -0.01847 -0.02019 0.60692 0.61095 
 0.28603 0.39379 0.38828 -0.20598 -0.20300 -0.01894 -0.02074 0.60759 0.61172 
 0.28703 0.39325 0.38749 -0.20623 -0.20329 -0.01940 -0.02127 0.60821 0.61252 
 0.28803 0.39258 0.38667 -0.20649 -0.20358 -0.01991 -0.02176 0.60884 0.61333 
 0.28903 0.39188 0.38585 -0.20673 -0.20387 -0.02041 -0.02222 0.60961 0.61415 
 0.29003 0.39100 0.38500 -0.20700 -0.20416 -0.02093 -0.02265 0.61044 0.61500 
 0.29103 0.39010 0.38414 -0.20732 -0.20444 -0.02141 -0.02305 0.61126 0.61586 
 0.29203 0.38921 0.38326 -0.20759 -0.20473 -0.02185 -0.02342 0.61207 0.61674 
 0.29303 0.38832 0.38238 -0.20784 -0.20502 -0.02220 -0.02375 0.61287 0.61762 
 0.29403 0.38746 0.38148 -0.20811 -0.20531 -0.02254 -0.02404 0.61369 0.61852 
 0.29503 0.38663 0.38056 -0.20839 -0.20560 -0.02292 -0.02431 0.61462 0.61944 
 0.29603 0.38579 0.37964 -0.20876 -0.20589 -0.02314 -0.02454 0.61557 0.62036 
 0.29703 0.38487 0.37872 -0.20912 -0.20618 -0.02328 -0.02474 0.61652 0.62128 
 0.29803 0.38393 0.37778 -0.20948 -0.20648 -0.02347 -0.02490 0.61749 0.62222 
 0.29903 0.38297 0.37684 -0.20970 -0.20678 -0.02359 -0.02504 0.61843 0.62316 
 0.30003 0.38198 0.37589 -0.20983 -0.20708 -0.02357 -0.02514 0.61929 0.62411 
 0.30103 0.38106 0.37495 -0.21003 -0.20738 -0.02347 -0.02520 0.62012 0.62505 
 0.30203 0.38017 0.37400 -0.21022 -0.20769 -0.02346 -0.02524 0.62087 0.62600 
 0.30303 0.37924 0.37305 -0.21044 -0.20799 -0.02342 -0.02524 0.62165 0.62696 
 0.30403 0.37843 0.37209 -0.21067 -0.20830 -0.02338 -0.02522 0.62244 0.62791 
 0.30503 0.37767 0.37115 -0.21098 -0.20862 -0.02330 -0.02516 0.62328 0.62886 
 0.30603 0.37692 0.37020 -0.21133 -0.20894 -0.02320 -0.02507 0.62415 0.62980 
 0.30703 0.37618 0.36926 -0.21171 -0.20926 -0.02301 -0.02496 0.62504 0.63074 
 0.30803 0.37537 0.36832 -0.21210 -0.20959 -0.02282 -0.02482 0.62600 0.63168 
 0.30903 0.37441 0.36739 -0.21244 -0.20991 -0.02258 -0.02464 0.62683 0.63261 
 0.31003 0.37348 0.36646 -0.21275 -0.21025 -0.02234 -0.02445 0.62777 0.63354 
 0.31103 0.37262 0.36555 -0.21299 -0.21058 -0.02209 -0.02423 0.62882 0.63445 
 0.31203 0.37171 0.36464 -0.21328 -0.21093 -0.02193 -0.02398 0.62979 0.63536 
 0.31303 0.37077 0.36374 -0.21365 -0.21127 -0.02171 -0.02371 0.63059 0.63626 
 0.31403 0.36969 0.36285 -0.21395 -0.21162 -0.02151 -0.02341 0.63133 0.63715 
 0.31503 0.36861 0.36197 -0.21427 -0.21197 -0.02125 -0.02310 0.63198 0.63802 
 0.31603 0.36759 0.36111 -0.21455 -0.21233 -0.02099 -0.02276 0.63267 0.63889 
 0.31703 0.36671 0.36026 -0.21479 -0.21269 -0.02056 -0.02241 0.63348 0.63974 
 0.31803 0.36601 0.35942 -0.21505 -0.21305 -0.02009 -0.02203 0.63428 0.64058 
 0.31903 0.36545 0.35860 -0.21538 -0.21342 -0.01954 -0.02164 0.63510 0.64140 
 0.32003 0.36484 0.35779 -0.21578 -0.21379 -0.01901 -0.02123 0.63574 0.64221 
 0.32103 0.36421 0.35700 -0.21616 -0.21416 -0.01840 -0.02081 0.63638 0.64300 
 0.32203 0.36345 0.35623 -0.21656 -0.21454 -0.01782 -0.02038 0.63706 0.64377 
 0.32303 0.36275 0.35546 -0.21695 -0.21493 -0.01728 -0.01993 0.63772 0.64453 
 0.32403 0.36210 0.35472 -0.21734 -0.21531 -0.01674 -0.01947 0.63829 0.64528 
 0.32503 0.36146 0.35400 -0.21774 -0.21570 -0.01624 -0.01899 0.63887 0.64600 
 0.32603 0.36084 0.35329 -0.21811 -0.21609 -0.01576 -0.01851 0.63949 0.64671 
 0.32703 0.36029 0.35260 -0.21850 -0.21648 -0.01527 -0.01803 0.64007 0.64740 
 0.32803 0.35978 0.35193 -0.21889 -0.21688 -0.01475 -0.01753 0.64056 0.64807 
 0.32903 0.35924 0.35128 -0.21930 -0.21728 -0.01422 -0.01703 0.64105 0.64872 
 0.33003 0.35875 0.35065 -0.21976 -0.21768 -0.01369 -0.01652 0.64149 0.64935 
 0.33103 0.35823 0.35004 -0.22020 -0.21808 -0.01314 -0.01601 0.64195 0.64996 
 0.33203 0.35773 0.34945 -0.22067 -0.21849 -0.01258 -0.01550 0.64242 0.65055 
 0.33303 0.35728 0.34887 -0.22113 -0.21889 -0.01208 -0.01499 0.64286 0.65113 
 0.33403 0.35690 0.34832 -0.22155 -0.21930 -0.01155 -0.01447 0.64332 0.65168 
 0.33503 0.35656 0.34778 -0.22198 -0.21971 -0.01106 -0.01396 0.64383 0.65222 
 0.33603 0.35622 0.34726 -0.22238 -0.22012 -0.01060 -0.01345 0.64433 0.65274 
 0.33703 0.35590 0.34677 -0.22277 -0.22054 -0.01011 -0.01294 0.64478 0.65323 
 0.33803 0.35555 0.34629 -0.22321 -0.22095 -0.00964 -0.01243 0.64516 0.65371 
 0.33903 0.35521 0.34583 -0.22367 -0.22136 -0.00912 -0.01193 0.64546 0.65417 
 0.34003 0.35491 0.34539 -0.22412 -0.22178 -0.00864 -0.01144 0.64580 0.65461 
 0.34103 0.35465 0.34497 -0.22456 -0.22219 -0.00812 -0.01095 0.64614 0.65503 
 0.34203 0.35440 0.34457 -0.22498 -0.22261 -0.00761 -0.01047 0.64649 0.65543 
 0.34303 0.35414 0.34418 -0.22541 -0.22302 -0.00712 -0.00999 0.64686 0.65582 
 0.34403 0.35388 0.34381 -0.22590 -0.22343 -0.00665 -0.00953 0.64719 0.65619 
 0.34503 0.35362 0.34346 -0.22641 -0.22385 -0.00622 -0.00907 0.64751 0.65654 
 0.34603 0.35337 0.34313 -0.22689 -0.22426 -0.00579 -0.00863 0.64781 0.65687 
 0.34703 0.35314 0.34281 -0.22743 -0.22467 -0.00534 -0.00820 0.64808 0.65719 
 0.34803 0.35293 0.34251 -0.22801 -0.22508 -0.00486 -0.00777 0.64832 0.65749 
 0.34903 0.35278 0.34223 -0.22857 -0.22549 -0.00444 -0.00736 0.64854 0.65777 
 0.35004 0.35256 0.34196 -0.22910 -0.22589 -0.00408 -0.00697 0.64869 0.65804 
 0.35104 0.35237 0.34170 -0.22962 -0.22630 -0.00378 -0.00658 0.64884 0.65830 
 0.35204 0.35217 0.34146 -0.23012 -0.22670 -0.00352 -0.00621 0.64903 0.65854 
 0.35304 0.35197 0.34123 -0.23063 -0.22710 -0.00328 -0.00586 0.64915 0.65877 
 0.35404 0.35178 0.34102 -0.23110 -0.22750 -0.00307 -0.00552 0.64928 0.65898 
 0.35504 0.35164 0.34082 -0.23160 -0.22789 -0.00284 -0.00519 0.64939 0.65918 
 0.35604 0.35157 0.34063 -0.23208 -0.22828 -0.00258 -0.00488 0.64952 0.65937 
 0.35704 0.35163 0.34045 -0.23262 -0.22867 -0.00229 -0.00458 0.64960 0.65955 
 0.35804 0.35160 0.34028 -0.23311 -0.22906 -0.00201 -0.00430 0.64964 0.65972 
 0.35904 0.35160 0.34013 -0.23358 -0.22944 -0.00172 -0.00404 0.64963 0.65987 
 0.36004 0.35159 0.33998 -0.23401 -0.22982 -0.00145 -0.00379 0.64963 0.66002 
 0.36104 0.35159 0.33984 -0.23447 -0.23020 -0.00122 -0.00356 0.64963 0.66016 
 0.36204 0.35157 0.33971 -0.23489 -0.23057 -0.00096 -0.00334 0.64969 0.66029 
 0.36304 0.35157 0.33959 -0.23528 -0.23094 -0.00070 -0.00315 0.64976 0.66041 
 0.36404 0.35152 0.33947 -0.23570 -0.23131 -0.00048 -0.00296 0.64980 0.66053 
 0.36504 0.35145 0.33936 -0.23614 -0.23167 -0.00031 -0.00280 0.64989 0.66064 
 0.36604 0.35136 0.33926 -0.23656 -0.23202 -0.00014 -0.00265 0.64994 0.66074 
 0.36704 0.35129 0.33916 -0.23699 -0.23237 -0.00002 -0.00251 0.64997 0.66084 
 0.36804 0.35123 0.33907 -0.23741 -0.23272 0.00009 -0.00240 0.64999 0.66093 
 0.36904 0.35124 0.33898 -0.23785 -0.23307 0.00021 -0.00229 0.64999 0.66102 
 0.37004 0.35121 0.33890 -0.23829 -0.23341 0.00030 -0.00221 0.64998 0.66110 
 0.37104 0.35121 0.33882 -0.23868 -0.23374 0.00041 -0.00214 0.65001 0.66118 
 0.37204 0.35121 0.33874 -0.23902 -0.23407 0.00051 -0.00208 0.65007 0.66126 
 0.37304 0.35121 0.33866 -0.23938 -0.23439 0.00056 -0.00204 0.65014 0.66134 
 0.37404 0.35116 0.33858 -0.23978 -0.23472 0.00057 -0.00202 0.65014 0.66142 
 0.37504 0.35116 0.33851 -0.24018 -0.23503 0.00057 -0.00200 0.65015 0.66149 
 0.37604 0.35114 0.33843 -0.24057 -0.23534 0.00054 -0.00201 0.65007 0.66157 
 0.37704 0.35124 0.33836 -0.24099 -0.23565 0.00047 -0.00202 0.64997 0.66164 
 0.37804 0.35127 0.33828 -0.24138 -0.23595 0.00041 -0.00205 0.64988 0.66172 
 0.37904 0.35134 0.33820 -0.24176 -0.23625 0.00036 -0.00209 0.64981 0.66180 
 0.38004 0.35139 0.33812 -0.24207 -0.23654 0.00031 -0.00215 0.64977 0.66188 
 0.38104 0.35147 0.33804 -0.24234 -0.23683 0.00025 -0.00221 0.64979 0.66196 
 0.38204 0.35147 0.33796 -0.24262 -0.23711 0.00017 -0.00229 0.64976 0.66204 
 0.38304 0.35153 0.33787 -0.24290 -0.23739 0.00012 -0.00238 0.64968 0.66213 
 0.38404 0.35158 0.33777 -0.24317 -0.23766 0.00004 -0.00247 0.64968 0.66222 
 0.38504 0.35161 0.33768 -0.24340 -0.23793 -0.00005 -0.00258 0.64970 0.66232 
 0.38604 0.35162 0.33758 -0.24368 -0.23819 -0.00013 -0.00270 0.64969 0.66242 
 0.38704 0.35159 0.33748 -0.24395 -0.23845 -0.00020 -0.00282 0.64964 0.66252 
 0.38804 0.35157 0.33737 -0.24420 -0.23870 -0.00030 -0.00296 0.64963 0.66263 
 0.38904 0.35154 0.33725 -0.24441 -0.23895 -0.00045 -0.00310 0.64962 0.66275 
 0.39004 0.35154 0.33713 -0.24465 -0.23920 -0.00063 -0.00325 0.64963 0.66287 
 0.39104 0.35155 0.33701 -0.24489 -0.23944 -0.00082 -0.00340 0.64967 0.66299 
 0.39204 0.35157 0.33688 -0.24514 -0.23968 -0.00105 -0.00357 0.64974 0.66312 
 0.39304 0.35160 0.33674 -0.24538 -0.23991 -0.00128 -0.00373 0.64980 0.66326 
 0.39404 0.35158 0.33660 -0.24561 -0.24014 -0.00150 -0.00390 0.64985 0.66340 
 0.39504 0.35157 0.33645 -0.24586 -0.24036 -0.00167 -0.00408 0.64993 0.66355 
 0.39604 0.35153 0.33629 -0.24612 -0.24058 -0.00186 -0.00426 0.65001 0.66371 
 0.39704 0.35151 0.33613 -0.24639 -0.24080 -0.00204 -0.00444 0.65010 0.66387 
 0.39804 0.35149 0.33595 -0.24667 -0.24102 -0.00223 -0.00463 0.65023 0.66405 
 0.39904 0.35141 0.33578 -0.24694 -0.24122 -0.00241 -0.00482 0.65039 0.66422 
 0.40004 0.35128 0.33559 -0.24724 -0.24143 -0.00262 -0.00501 0.65046 0.66441 
 0.40104 0.35115 0.33540 -0.24750 -0.24163 -0.00282 -0.00520 0.65057 0.66460 
 0.40204 0.35095 0.33520 -0.24774 -0.24183 -0.00300 -0.00539 0.65063 0.66480 
 0.40304 0.35071 0.33499 -0.24798 -0.24203 -0.00317 -0.00558 0.65070 0.66501 
 0.40404 0.35048 0.33478 -0.24823 -0.24222 -0.00337 -0.00577 0.65075 0.66522 
 0.40504 0.35026 0.33456 -0.24850 -0.24241 -0.00360 -0.00596 0.65083 0.66544 
 0.40604 0.35009 0.33433 -0.24877 -0.24260 -0.00382 -0.00615 0.65094 0.66567 
 0.40704 0.34997 0.33409 -0.24904 -0.24278 -0.00405 -0.00634 0.65107 0.66590 
 0.40804 0.34981 0.33385 -0.24929 -0.24296 -0.00428 -0.00652 0.65118 0.66615 
 0.40904 0.34964 0.33360 -0.24951 -0.24314 -0.00452 -0.00670 0.65131 0.66640 
 0.41004 0.34948 0.33335 -0.24973 -0.24332 -0.00478 -0.00688 0.65148 0.66665 
 0.41104 0.34931 0.33309 -0.24990 -0.24350 -0.00500 -0.00705 0.65165 0.66692 
 0.41204 0.34912 0.33282 -0.25004 -0.24367 -0.00521 -0.00722 0.65181 0.66718 
 0.41304 0.34892 0.33254 -0.25016 -0.24384 -0.00542 -0.00739 0.65199 0.66746 
 0.41404 0.34873 0.33226 -0.25029 -0.24401 -0.00564 -0.00755 0.65219 0.66774 
 0.41504 0.34853 0.33197 -0.25043 -0.24417 -0.00585 -0.00771 0.65240 0.66803 
 0.41604 0.34831 0.33168 -0.25057 -0.24434 -0.00606 -0.00786 0.65261 0.66832 
 0.41704 0.34804 0.33138 -0.25074 -0.24450 -0.00625 -0.00801 0.65279 0.66862 
 0.41804 0.34776 0.33108 -0.25092 -0.24466 -0.00643 -0.00815 0.65299 0.66892 
 0.41904 0.34747 0.33077 -0.25109 -0.24482 -0.00659 -0.00828 0.65320 0.66923 
 0.42004 0.34718 0.33045 -0.25126 -0.24498 -0.00674 -0.00841 0.65341 0.66955 
 0.42104 0.34692 0.33013 -0.25142 -0.24514 -0.00690 -0.00853 0.65363 0.66987 
 0.42204 0.34666 0.32981 -0.25157 -0.24530 -0.00704 -0.00865 0.65386 0.67019 
 0.42304 0.34640 0.32948 -0.25171 -0.24546 -0.00717 -0.00875 0.65414 0.67052 
 0.42404 0.34613 0.32915 -0.25186 -0.24561 -0.00729 -0.00885 0.65444 0.67085 
 0.42504 0.34585 0.32881 -0.25199 -0.24577 -0.00743 -0.00895 0.65471 0.67119 
 0.42604 0.34559 0.32848 -0.25214 -0.24592 -0.00757 -0.00903 0.65499 0.67153 
 0.42704 0.34530 0.32813 -0.25228 -0.24607 -0.00773 -0.00911 0.65525 0.67187 
 0.42804 0.34502 0.32779 -0.25239 -0.24622 -0.00785 -0.00918 0.65552 0.67221 
 0.42904 0.34473 0.32744 -0.25250 -0.24638 -0.00795 -0.00925 0.65579 0.67256 
 0.43004 0.34445 0.32709 -0.25263 -0.24653 -0.00803 -0.00930 0.65606 0.67291 
 0.43104 0.34418 0.32674 -0.25278 -0.24668 -0.00810 -0.00935 0.65638 0.67326 
 0.43204 0.34390 0.32639 -0.25292 -0.24683 -0.00813 -0.00939 0.65670 0.67361 
 0.43304 0.34362 0.32603 -0.25305 -0.24698 -0.00816 -0.00942 0.65699 0.67397 
 0.43404 0.34338 0.32568 -0.25316 -0.24713 -0.00817 -0.00945 0.65729 0.67432 
 0.43504 0.34310 0.32532 -0.25330 -0.24729 -0.00820 -0.00947 0.65757 0.67468 
 0.43604 0.34281 0.32496 -0.25346 -0.24744 -0.00824 -0.00948 0.65785 0.67504 
 0.43704 0.34253 0.32461 -0.25363 -0.24759 -0.00827 -0.00948 0.65816 0.67539 
 0.43804 0.34225 0.32425 -0.25381 -0.24774 -0.00829 -0.00948 0.65850 0.67575 
 0.43904 0.34195 0.32389 -0.25398 -0.24789 -0.00831 -0.00946 0.65888 0.67611 
 0.44004 0.34166 0.32354 -0.25415 -0.24804 -0.00832 -0.00944 0.65923 0.67646 
 0.44104 0.34132 0.32318 -0.25431 -0.24819 -0.00831 -0.00942 0.65956 0.67682 
 0.44204 0.34098 0.32283 -0.25448 -0.24835 -0.00829 -0.00939 0.65990 0.67717 
 0.44304 0.34063 0.32247 -0.25459 -0.24850 -0.00824 -0.00935 0.66027 0.67753 
 0.44404 0.34027 0.32212 -0.25472 -0.24865 -0.00819 -0.00930 0.66068 0.67788 
 0.44504 0.33992 0.32177 -0.25486 -0.24881 -0.00815 -0.00925 0.66106 0.67823 
 0.44604 0.33958 0.32143 -0.25498 -0.24896 -0.00809 -0.00919 0.66144 0.67857 
 0.44704 0.33923 0.32108 -0.25511 -0.24912 -0.00804 -0.00912 0.66179 0.67892 
 0.44804 0.33889 0.32074 -0.25527 -0.24927 -0.00798 -0.00905 0.66210 0.67926 
 0.44904 0.33856 0.32040 -0.25543 -0.24943 -0.00790 -0.00898 0.66238 0.67960 
 0.45005 0.33823 0.32006 -0.25557 -0.24958 -0.00781 -0.00890 0.66265 0.67994 
 0.45105 0.33793 0.31973 -0.25573 -0.24974 -0.00769 -0.00881 0.66294 0.68027 
 0.45205 0.33762 0.31940 -0.25590 -0.24989 -0.00757 -0.00872 0.66324 0.68060 
 0.45305 0.33733 0.31907 -0.25609 -0.25005 -0.00748 -0.00862 0.66354 0.68093 
 0.45405 0.33704 0.31875 -0.25627 -0.25021 -0.00741 -0.00852 0.66385 0.68125 
 0.45505 0.33675 0.31843 -0.25644 -0.25037 -0.00731 -0.00842 0.66412 0.68157 
 0.45605 0.33646 0.31811 -0.25662 -0.25052 -0.00721 -0.00831 0.66439 0.68188 
 0.45705 0.33618 0.31780 -0.25680 -0.25068 -0.00709 -0.00820 0.66467 0.68220 
 0.45805 0.33593 0.31750 -0.25701 -0.25084 -0.00696 -0.00809 0.66494 0.68250 
 0.45905 0.33569 0.31720 -0.25722 -0.25100 -0.00684 -0.00797 0.66522 0.68280 
 0.46005 0.33545 0.31690 -0.25742 -0.25116 -0.00671 -0.00785 0.66551 0.68310 
 0.46105 0.33520 0.31660 -0.25761 -0.25132 -0.00659 -0.00772 0.66579 0.68340 
 0.46205 0.33497 0.31632 -0.25780 -0.25148 -0.00648 -0.00760 0.66606 0.68368 
 0.46305 0.33474 0.31603 -0.25802 -0.25164 -0.00636 -0.00747 0.66629 0.68397 
 0.46405 0.33451 0.31575 -0.25822 -0.25180 -0.00624 -0.00734 0.66650 0.68425 
 0.46505 0.33428 0.31548 -0.25842 -0.25196 -0.00611 -0.00721 0.66673 0.68452 
 0.46605 0.33405 0.31521 -0.25860 -0.25212 -0.00596 -0.00708 0.66697 0.68479 
 0.46705 0.33384 0.31494 -0.25879 -0.25228 -0.00580 -0.00695 0.66720 0.68506 
 0.46805 0.33362 0.31468 -0.25899 -0.25244 -0.00565 -0.00681 0.66740 0.68532 
 0.46905 0.33340 0.31443 -0.25919 -0.25261 -0.00550 -0.00668 0.66758 0.68557 
 0.47005 0.33321 0.31418 -0.25941 -0.25277 -0.00535 -0.00655 0.66776 0.68582 
 0.47105 0.33302 0.31394 -0.25963 -0.25293 -0.00520 -0.00641 0.66793 0.68606 
 0.47205 0.33286 0.31370 -0.25985 -0.25309 -0.00503 -0.00628 0.66810 0.68630 
 0.47305 0.33270 0.31346 -0.26007 -0.25325 -0.00487 -0.00615 0.66828 0.68654 
 0.47405 0.33254 0.31323 -0.26030 -0.25341 -0.00473 -0.00601 0.66847 0.68676 
 0.47505 0.33239 0.31301 -0.26055 -0.25357 -0.00460 -0.00588 0.66866 0.68699 
 0.47605 0.33222 0.31279 -0.26079 -0.25373 -0.00449 -0.00575 0.66884 0.68721 
 0.47705 0.33206 0.31258 -0.26103 -0.25389 -0.00437 -0.00563 0.66899 0.68742 
 0.47805 0.33189 0.31237 -0.26126 -0.25405 -0.00425 -0.00550 0.66913 0.68763 
 0.47905 0.33173 0.31216 -0.26149 -0.25421 -0.00412 -0.00537 0.66926 0.68784 
 0.48005 0.33159 0.31196 -0.26172 -0.25437 -0.00400 -0.00525 0.66938 0.68804 
 0.48105 0.33146 0.31177 -0.26195 -0.25452 -0.00388 -0.00513 0.66952 0.68823 
 0.48205 0.33134 0.31158 -0.26219 -0.25468 -0.00376 -0.00501 0.66965 0.68842 
 0.48305 0.33121 0.31139 -0.26244 -0.25484 -0.00364 -0.00490 0.66978 0.68861 
 0.48405 0.33107 0.31121 -0.26268 -0.25499 -0.00352 -0.00478 0.66989 0.68879 
 0.48505 0.33092 0.31103 -0.26290 -0.25515 -0.00340 -0.00467 0.67000 0.68897 
 0.48605 0.33081 0.31086 -0.26312 -0.25530 -0.00327 -0.00457 0.67010 0.68914 
 0.48705 0.33070 0.31069 -0.26335 -0.25546 -0.00314 -0.00446 0.67021 0.68931 
 0.48805 0.33062 0.31052 -0.26356 -0.25561 -0.00300 -0.00436 0.67031 0.68948 
 0.48905 0.33053 0.31036 -0.26379 -0.25576 -0.00287 -0.00426 0.67043 0.68964 
 0.49005 0.33043 0.31020 -0.26403 -0.25591 -0.00276 -0.00417 0.67054 0.68980 
 0.49105 0.33033 0.31004 -0.26427 -0.25606 -0.00264 -0.00408 0.67064 0.68996 
 0.49205 0.33022 0.30989 -0.26452 -0.25621 -0.00254 -0.00399 0.67073 0.69011 
 0.49305 0.33012 0.30974 -0.26476 -0.25636 -0.00243 -0.00391 0.67080 0.69026 
 0.49405 0.33001 0.30960 -0.26498 -0.25651 -0.00232 -0.00383 0.67087 0.69040 
 0.49505 0.32991 0.30945 -0.26519 -0.25666 -0.00222 -0.00375 0.67096 0.69055 
 0.49605 0.32980 0.30931 -0.26539 -0.25680 -0.00213 -0.00368 0.67105 0.69069 
 0.49705 0.32970 0.30918 -0.26561 -0.25694 -0.00205 -0.00361 0.67114 0.69082 
 0.49805 0.32963 0.30904 -0.26582 -0.25709 -0.00197 -0.00354 0.67123 0.69096 
 0.49905 0.32956 0.30891 -0.26604 -0.25723 -0.00190 -0.00348 0.67131 0.69109 
 0.50005 0.32948 0.30878 -0.26626 -0.25737 -0.00184 -0.00343 0.67138 0.69122 
 0.50105 0.32941 0.30865 -0.26648 -0.25751 -0.00177 -0.00337 0.67145 0.69135 
 0.50205 0.32934 0.30852 -0.26669 -0.25764 -0.00172 -0.00332 0.67151 0.69147 
 0.50305 0.32927 0.30840 -0.26688 -0.25778 -0.00165 -0.00328 0.67157 0.69160 
 0.50405 0.32920 0.30828 -0.26707 -0.25792 -0.00159 -0.00324 0.67163 0.69172 
 0.50505 0.32914 0.30816 -0.26727 -0.25805 -0.00152 -0.00320 0.67169 0.69184 
 0.50605 0.32908 0.30804 -0.26747 -0.25818 -0.00147 -0.00316 0.67174 0.69196 
 0.50705 0.32902 0.30792 -0.26769 -0.25831 -0.00143 -0.00313 0.67178 0.69208 
 0.50805 0.32895 0.30780 -0.26790 -0.25844 -0.00140 -0.00310 0.67182 0.69220 
 0.50905 0.32889 0.30768 -0.26810 -0.25857 -0.00137 -0.00308 0.67185 0.69232 
 0.51005 0.32883 0.30757 -0.26831 -0.25870 -0.00134 -0.00306 0.67188 0.69243 
 0.51105 0.32879 0.30745 -0.26851 -0.25882 -0.00130 -0.00304 0.67193 0.69255 
 0.51205 0.32873 0.30734 -0.26871 -0.25895 -0.00128 -0.00303 0.67197 0.69266 
 0.51305 0.32867 0.30723 -0.26891 -0.25907 -0.00126 -0.00302 0.67201 0.69277 
 0.51405 0.32860 0.30711 -0.26910 -0.25919 -0.00127 -0.00301 0.67205 0.69289 
 0.51505 0.32854 0.30700 -0.26928 -0.25931 -0.00127 -0.00301 0.67209 0.69300 
 0.51605 0.32847 0.30689 -0.26947 -0.25943 -0.00128 -0.00301 0.67212 0.69312 
 0.51705 0.32842 0.30677 -0.26964 -0.25955 -0.00128 -0.00301 0.67216 0.69323 
 0.51805 0.32837 0.30666 -0.26982 -0.25966 -0.00129 -0.00302 0.67220 0.69334 
 0.51905 0.32833 0.30655 -0.27000 -0.25977 -0.00132 -0.00302 0.67224 0.69346 
 0.52005 0.32828 0.30643 -0.27019 -0.25989 -0.00135 -0.00303 0.67229 0.69357 
 0.52105 0.32822 0.30632 -0.27037 -0.26000 -0.00139 -0.00304 0.67235 0.69368 
 0.52205 0.32817 0.30620 -0.27054 -0.26011 -0.00142 -0.00306 0.67240 0.69380 
 0.52305 0.32811 0.30609 -0.27070 -0.26022 -0.00145 -0.00307 0.67246 0.69391 
 0.52405 0.32806 0.30597 -0.27086 -0.26032 -0.00149 -0.00309 0.67251 0.69403 
 0.52505 0.32800 0.30585 -0.27102 -0.26043 -0.00153 -0.00311 0.67257 0.69415 
 0.52605 0.32794 0.30573 -0.27117 -0.26053 -0.00159 -0.00314 0.67264 0.69427 
 0.52705 0.32788 0.30562 -0.27132 -0.26064 -0.00164 -0.00316 0.67271 0.69438 
 0.52805 0.32782 0.30550 -0.27147 -0.26074 -0.00170 -0.00319 0.67279 0.69450 
 0.52905 0.32776 0.30538 -0.27162 -0.26084 -0.00175 -0.00321 0.67286 0.69462 
 0.53005 0.32772 0.30525 -0.27178 -0.26094 -0.00181 -0.00324 0.67293 0.69474 
 0.53105 0.32766 0.30513 -0.27194 -0.26104 -0.00187 -0.00327 0.67300 0.69487 
 0.53205 0.32760 0.30501 -0.27210 -0.26114 -0.00194 -0.00330 0.67307 0.69499 
 0.53305 0.32753 0.30488 -0.27226 -0.26123 -0.00201 -0.00333 0.67315 0.69512 
 0.53405 0.32744 0.30476 -0.27241 -0.26132 -0.00209 -0.00336 0.67323 0.69524 
 0.53505 0.32737 0.30463 -0.27255 -0.26142 -0.00216 -0.00339 0.67331 0.69537 
 0.53605 0.32731 0.30450 -0.27268 -0.26151 -0.00224 -0.00343 0.67339 0.69550 
 0.53705 0.32725 0.30437 -0.27282 -0.26160 -0.00231 -0.00346 0.67347 0.69563 
 0.53805 0.32718 0.30424 -0.27295 -0.26169 -0.00238 -0.00349 0.67356 0.69576 
 0.53905 0.32712 0.30411 -0.27308 -0.26178 -0.00246 -0.00353 0.67365 0.69589 
 0.54005 0.32705 0.30397 -0.27321 -0.26187 -0.00253 -0.00356 0.67375 0.69603 
 0.54105 0.32697 0.30384 -0.27334 -0.26196 -0.00261 -0.00359 0.67384 0.69616 
 0.54205 0.32688 0.30370 -0.27346 -0.26204 -0.00270 -0.00363 0.67394 0.69630 
 0.54305 0.32679 0.30357 -0.27358 -0.26213 -0.00278 -0.00366 0.67404 0.69643 
 0.54405 0.32669 0.30343 -0.27370 -0.26221 -0.00285 -0.00369 0.67414 0.69657 
 0.54505 0.32659 0.30329 -0.27383 -0.26230 -0.00293 -0.00372 0.67423 0.69671 
 0.54605 0.32648 0.30315 -0.27395 -0.26238 -0.00300 -0.00376 0.67433 0.69685 
 0.54705 0.32637 0.30301 -0.27407 -0.26246 -0.00307 -0.00379 0.67443 0.69699 
 0.54805 0.32626 0.30286 -0.27420 -0.26255 -0.00315 -0.00382 0.67455 0.69714 
 0.54905 0.32615 0.30272 -0.27431 -0.26263 -0.00322 -0.00385 0.67468 0.69728 
 0.55006 0.32603 0.30257 -0.27442 -0.26271 -0.00329 -0.00387 0.67481 0.69743 
 0.55106 0.32591 0.30243 -0.27453 -0.26279 -0.00336 -0.00390 0.67493 0.69757 
 0.55206 0.32578 0.30228 -0.27463 -0.26286 -0.00343 -0.00393 0.67506 0.69772 
 0.55306 0.32566 0.30213 -0.27474 -0.26294 -0.00350 -0.00395 0.67518 0.69787 
 0.55406 0.32553 0.30198 -0.27486 -0.26302 -0.00357 -0.00397 0.67533 0.69802 
 0.55506 0.32541 0.30183 -0.27497 -0.26310 -0.00363 -0.00400 0.67546 0.69817 
 0.55606 0.32527 0.30168 -0.27507 -0.26317 -0.00370 -0.00402 0.67561 0.69832 
 0.55706 0.32514 0.30153 -0.27518 -0.26325 -0.00377 -0.00403 0.67575 0.69847 
 0.55806 0.32500 0.30138 -0.27527 -0.26332 -0.00383 -0.00405 0.67589 0.69862 
 0.55906 0.32485 0.30122 -0.27536 -0.26340 -0.00389 -0.00407 0.67604 0.69878 
 0.56006 0.32471 0.30107 -0.27545 -0.26347 -0.00394 -0.00408 0.67620 0.69893 
 0.56106 0.32457 0.30092 -0.27554 -0.26355 -0.00399 -0.00410 0.67635 0.69908 
 0.56206 0.32442 0.30076 -0.27563 -0.26362 -0.00405 -0.00411 0.67652 0.69924 
 0.56306 0.32426 0.30061 -0.27572 -0.26369 -0.00410 -0.00412 0.67668 0.69939 
 0.56406 0.32411 0.30045 -0.27579 -0.26377 -0.00414 -0.00412 0.67685 0.69955 
 0.56506 0.32395 0.30030 -0.27587 -0.26384 -0.00418 -0.00413 0.67702 0.69970 
 0.56606 0.32379 0.30014 -0.27595 -0.26391 -0.00422 -0.00413 0.67719 0.69986 
 0.56706 0.32364 0.29998 -0.27602 -0.26398 -0.00425 -0.00414 0.67737 0.70002 
 0.56806 0.32347 0.29983 -0.27610 -0.26405 -0.00427 -0.00414 0.67755 0.70017 
 0.56906 0.32332 0.29967 -0.27618 -0.26413 -0.00429 -0.00414 0.67772 0.70033 
 0.57006 0.32316 0.29952 -0.27626 -0.26420 -0.00431 -0.00413 0.67791 0.70048 
 0.57106 0.32300 0.29936 -0.27635 -0.26427 -0.00432 -0.00413 0.67808 0.70064 
 0.57206 0.32283 0.29921 -0.27644 -0.26434 -0.00433 -0.00412 0.67826 0.70079 
 0.57306 0.32266 0.29905 -0.27652 -0.26441 -0.00433 -0.00412 0.67844 0.70095 
 0.57406 0.32249 0.29890 -0.27660 -0.26448 -0.00433 -0.00411 0.67862 0.70110 
 0.57506 0.32232 0.29874 -0.27667 -0.26455 -0.00431 -0.00410 0.67881 0.70126 
 0.57606 0.32214 0.29859 -0.27675 -0.26462 -0.00430 -0.00408 0.67899 0.70141 
 0.57706 0.32198 0.29843 -0.27682 -0.26469 -0.00428 -0.00407 0.67918 0.70157 
 0.57806 0.32182 0.29828 -0.27690 -0.26476 -0.00426 -0.00405 0.67937 0.70172 
 0.57906 0.32166 0.29813 -0.27698 -0.26483 -0.00424 -0.00404 0.67956 0.70187 
 0.58006 0.32149 0.29798 -0.27706 -0.26490 -0.00422 -0.00402 0.67974 0.70202 
 0.58106 0.32132 0.29783 -0.27714 -0.26497 -0.00418 -0.00400 0.67991 0.70217 
 0.58206 0.32115 0.29768 -0.27722 -0.26504 -0.00415 -0.00398 0.68009 0.70232 
 0.58306 0.32100 0.29752 -0.27730 -0.26510 -0.00412 -0.00395 0.68027 0.70247 
 0.58406 0.32084 0.29738 -0.27738 -0.26517 -0.00408 -0.00393 0.68044 0.70262 
 0.58506 0.32070 0.29723 -0.27747 -0.26524 -0.00404 -0.00390 0.68061 0.70277 
 0.58606 0.32055 0.29708 -0.27756 -0.26531 -0.00400 -0.00388 0.68078 0.70292 
 0.58706 0.32041 0.29694 -0.27765 -0.26538 -0.00395 -0.00385 0.68094 0.70306 
 0.58806 0.32026 0.29679 -0.27773 -0.26545 -0.00390 -0.00382 0.68110 0.70321 
 0.58906 0.32011 0.29665 -0.27782 -0.26552 -0.00385 -0.00379 0.68125 0.70335 
 0.59006 0.31996 0.29651 -0.27791 -0.26559 -0.00380 -0.00376 0.68140 0.70349 
 0.59106 0.31982 0.29637 -0.27799 -0.26565 -0.00375 -0.00373 0.68155 0.70363 
 0.59206 0.31969 0.29623 -0.27808 -0.26572 -0.00369 -0.00369 0.68170 0.70377 
 0.59306 0.31956 0.29609 -0.27818 -0.26579 -0.00362 -0.00366 0.68185 0.70391 
 0.59406 0.31943 0.29595 -0.27828 -0.26586 -0.00355 -0.00362 0.68199 0.70405 
 0.59506 0.31930 0.29581 -0.27838 -0.26593 -0.00348 -0.00359 0.68213 0.70418 
 0.59606 0.31916 0.29568 -0.27847 -0.26599 -0.00341 -0.00355 0.68227 0.70432 
 0.59706 0.31903 0.29555 -0.27857 -0.26606 -0.00333 -0.00352 0.68240 0.70445 
 0.59806 0.31891 0.29542 -0.27867 -0.26613 -0.00326 -0.00348 0.68254 0.70458 
 0.59906 0.31879 0.29529 -0.27877 -0.26620 -0.00318 -0.00344 0.68267 0.70471 
 0.60006 0.31867 0.29516 -0.27887 -0.26626 -0.00310 -0.00340 0.68280 0.70484 
 0.60106 0.31857 0.29503 -0.27897 -0.26633 -0.00302 -0.00337 0.68293 0.70497 
 0.60206 0.31846 0.29490 -0.27908 -0.26640 -0.00295 -0.00333 0.68305 0.70510 
 0.60306 0.31836 0.29478 -0.27919 -0.26647 -0.00287 -0.00329 0.68317 0.70522 
 0.60406 0.31825 0.29466 -0.27929 -0.26653 -0.00280 -0.00325 0.68327 0.70534 
 0.60506 0.31815 0.29453 -0.27940 -0.26660 -0.00273 -0.00321 0.68338 0.70547 
 0.60606 0.31806 0.29441 -0.27950 -0.26666 -0.00265 -0.00317 0.68348 0.70559 
 0.60706 0.31797 0.29429 -0.27960 -0.26673 -0.00257 -0.00313 0.68358 0.70571 
 0.60806 0.31789 0.29418 -0.27971 -0.26680 -0.00248 -0.00309 0.68368 0.70582 
 0.60906 0.31780 0.29406 -0.27983 -0.26686 -0.00240 -0.00306 0.68378 0.70594 
 0.61006 0.31772 0.29395 -0.27994 -0.26693 -0.00233 -0.00302 0.68387 0.70605 
 0.61106 0.31763 0.29383 -0.28006 -0.26699 -0.00225 -0.00298 0.68396 0.70617 
 0.61206 0.31755 0.29372 -0.28018 -0.26706 -0.00218 -0.00294 0.68404 0.70628 
 0.61306 0.31747 0.29361 -0.28030 -0.26712 -0.00210 -0.00290 0.68411 0.70639 
 0.61406 0.31740 0.29350 -0.28041 -0.26719 -0.00202 -0.00287 0.68419 0.70650 
 0.61506 0.31733 0.29340 -0.28053 -0.26725 -0.00195 -0.00283 0.68427 0.70660 
 0.61606 0.31726 0.29329 -0.28065 -0.26732 -0.00187 -0.00279 0.68435 0.70671 
 0.61706 0.31719 0.29319 -0.28077 -0.26738 -0.00180 -0.00276 0.68442 0.70681 
 0.61806 0.31712 0.29308 -0.28089 -0.26744 -0.00173 -0.00272 0.68448 0.70692 
 0.61906 0.31706 0.29298 -0.28102 -0.26751 -0.00167 -0.00269 0.68454 0.70702 
 0.62006 0.31700 0.29288 -0.28114 -0.26757 -0.00160 -0.00265 0.68459 0.70712 
 0.62106 0.31695 0.29278 -0.28128 -0.26763 -0.00153 -0.00262 0.68464 0.70722 
 0.62206 0.31690 0.29268 -0.28140 -0.26770 -0.00146 -0.00259 0.68469 0.70732 
 0.62306 0.31684 0.29259 -0.28154 -0.26776 -0.00141 -0.00256 0.68474 0.70741 
 0.62406 0.31679 0.29249 -0.28167 -0.26782 -0.00135 -0.00252 0.68479 0.70751 
 0.62506 0.31674 0.29240 -0.28180 -0.26788 -0.00129 -0.00249 0.68484 0.70760 
 0.62606 0.31670 0.29230 -0.28193 -0.26794 -0.00124 -0.00246 0.68487 0.70770 
 0.62706 0.31666 0.29221 -0.28206 -0.26800 -0.00119 -0.00244 0.68490 0.70779 
 0.62806 0.31662 0.29212 -0.28219 -0.26806 -0.00114 -0.00241 0.68493 0.70788 
 0.62906 0.31658 0.29203 -0.28232 -0.26812 -0.00110 -0.00238 0.68497 0.70797 
 0.63006 0.31655 0.29194 -0.28245 -0.26818 -0.00106 -0.00235 0.68500 0.70806 
 0.63106 0.31652 0.29185 -0.28259 -0.26824 -0.00101 -0.00233 0.68504 0.70815 
 0.63206 0.31649 0.29176 -0.28272 -0.26830 -0.00097 -0.00230 0.68506 0.70823 
 0.63306 0.31646 0.29168 -0.28286 -0.26836 -0.00094 -0.00228 0.68509 0.70832 
 0.63406 0.31644 0.29159 -0.28300 -0.26841 -0.00091 -0.00226 0.68511 0.70841 
 0.63506 0.31641 0.29151 -0.28313 -0.26847 -0.00088 -0.00224 0.68513 0.70849 
 0.63606 0.31638 0.29142 -0.28326 -0.26853 -0.00085 -0.00222 0.68516 0.70858 
 0.63706 0.31636 0.29134 -0.28340 -0.26859 -0.00083 -0.00220 0.68518 0.70866 
 0.63806 0.31633 0.29126 -0.28353 -0.26864 -0.00082 -0.00218 0.68520 0.70874 
 0.63906 0.31631 0.29118 -0.28367 -0.26870 -0.00080 -0.00216 0.68522 0.70882 
 0.64006 0.31629 0.29110 -0.28381 -0.26875 -0.00079 -0.00214 0.68524 0.70890 
 0.64106 0.31626 0.29102 -0.28394 -0.26881 -0.00079 -0.00213 0.68526 0.70898 
 0.64206 0.31624 0.29093 -0.28408 -0.26886 -0.00078 -0.00211 0.68528 0.70906 
 0.64306 0.31622 0.29086 -0.28421 -0.26891 -0.00078 -0.00210 0.68530 0.70914 
 0.64406 0.31621 0.29078 -0.28435 -0.26897 -0.00079 -0.00208 0.68533 0.70922 
 0.64506 0.31619 0.29070 -0.28449 -0.26902 -0.00079 -0.00207 0.68535 0.70930 
 0.64606 0.31617 0.29062 -0.28462 -0.26907 -0.00080 -0.00206 0.68537 0.70938 
 0.64706 0.31616 0.29054 -0.28476 -0.26913 -0.00081 -0.00205 0.68539 0.70946 
 0.64806 0.31614 0.29047 -0.28489 -0.26918 -0.00082 -0.00204 0.68541 0.70953 
 0.64906 0.31613 0.29039 -0.28502 -0.26923 -0.00084 -0.00203 0.68544 0.70961 
 0.65007 0.31611 0.29031 -0.28515 -0.26928 -0.00086 -0.00202 0.68546 0.70969 
 0.65107 0.31609 0.29024 -0.28528 -0.26933 -0.00088 -0.00201 0.68549 0.70976 
 0.65207 0.31608 0.29016 -0.28542 -0.26938 -0.00091 -0.00201 0.68552 0.70984 
 0.65307 0.31606 0.29009 -0.28554 -0.26943 -0.00094 -0.00200 0.68555 0.70991 
 0.65407 0.31603 0.29001 -0.28567 -0.26948 -0.00097 -0.00200 0.68559 0.70999 
 0.65507 0.31601 0.28994 -0.28580 -0.26952 -0.00101 -0.00199 0.68561 0.71006 
 0.65607 0.31598 0.28986 -0.28593 -0.26957 -0.00105 -0.00199 0.68564 0.71014 
 0.65707 0.31595 0.28979 -0.28605 -0.26962 -0.00108 -0.00198 0.68568 0.71021 
 0.65807 0.31593 0.28971 -0.28617 -0.26966 -0.00113 -0.00198 0.68572 0.71029 
 0.65907 0.31590 0.28964 -0.28629 -0.26971 -0.00117 -0.00198 0.68576 0.71036 
 0.66007 0.31586 0.28956 -0.28641 -0.26976 -0.00122 -0.00197 0.68580 0.71044 
 0.66107 0.31583 0.28949 -0.28652 -0.26980 -0.00127 -0.00197 0.68584 0.71051 
 0.66207 0.31579 0.28941 -0.28664 -0.26985 -0.00132 -0.00197 0.68588 0.71059 
 0.66307 0.31576 0.28934 -0.28675 -0.26989 -0.00137 -0.00197 0.68592 0.71066 
 0.66407 0.31572 0.28927 -0.28686 -0.26994 -0.00143 -0.00197 0.68597 0.71073 
 0.66507 0.31567 0.28919 -0.28697 -0.26998 -0.00148 -0.00197 0.68602 0.71081 
 0.66607 0.31562 0.28912 -0.28707 -0.27003 -0.00154 -0.00197 0.68608 0.71088 
 0.66707 0.31557 0.28904 -0.28717 -0.27007 -0.00160 -0.00197 0.68614 0.71096 
 0.66807 0.31552 0.28897 -0.28727 -0.27011 -0.00166 -0.00197 0.68621 0.71103 
 0.66907 0.31547 0.28889 -0.28737 -0.27015 -0.00172 -0.00197 0.68627 0.71111 
 0.67007 0.31541 0.28882 -0.28747 -0.27020 -0.00178 -0.00198 0.68634 0.71118 
 0.67107 0.31536 0.28874 -0.28757 -0.27024 -0.00184 -0.00198 0.68640 0.71125 
 0.67207 0.31529 0.28867 -0.28766 -0.27028 -0.00191 -0.00198 0.68648 0.71133 
 0.67307 0.31523 0.28860 -0.28775 -0.27032 -0.00197 -0.00198 0.68655 0.71140 
 0.67407 0.31517 0.28852 -0.28784 -0.27036 -0.00203 -0.00198 0.68663 0.71148 
 0.67507 0.31510 0.28845 -0.28794 -0.27040 -0.00210 -0.00198 0.68671 0.71155 
 0.67607 0.31503 0.28837 -0.28803 -0.27044 -0.00216 -0.00199 0.68679 0.71163 
 0.67707 0.31495 0.28830 -0.28812 -0.27048 -0.00223 -0.00199 0.68688 0.71170 
 0.67807 0.31487 0.28822 -0.28821 -0.27052 -0.00229 -0.00199 0.68696 0.71178 
 0.67907 0.31479 0.28815 -0.28829 -0.27056 -0.00235 -0.00199 0.68705 0.71185 
 0.68007 0.31470 0.28807 -0.28838 -0.27059 -0.00241 -0.00199 0.68714 0.71193 
 0.68107 0.31462 0.28800 -0.28846 -0.27063 -0.00248 -0.00200 0.68724 0.71200 
 0.68207 0.31453 0.28792 -0.28854 -0.27067 -0.00254 -0.00200 0.68733 0.71208 
 0.68307 0.31444 0.28785 -0.28862 -0.27071 -0.00259 -0.00200 0.68744 0.71215 
 0.68407 0.31435 0.28777 -0.28870 -0.27075 -0.00265 -0.00200 0.68754 0.71223 
 0.68507 0.31425 0.28770 -0.28877 -0.27078 -0.00271 -0.00200 0.68765 0.71230 
 0.68607 0.31415 0.28762 -0.28884 -0.27082 -0.00276 -0.00200 0.68775 0.71238 
 0.68707 0.31405 0.28754 -0.28892 -0.27086 -0.00281 -0.00201 0.68786 0.71245 
 0.68807 0.31395 0.28747 -0.28898 -0.27089 -0.00286 -0.00201 0.68797 0.71253 
 0.68907 0.31385 0.28739 -0.28905 -0.27093 -0.00291 -0.00201 0.68809 0.71261 
 0.69007 0.31374 0.28732 -0.28912 -0.27096 -0.00296 -0.00201 0.68821 0.71268 
 0.69107 0.31363 0.28724 -0.28918 -0.27100 -0.00300 -0.00201 0.68832 0.71276 
 0.69207 0.31352 0.28717 -0.28924 -0.27103 -0.00304 -0.00201 0.68844 0.71283 
 0.69307 0.31341 0.28709 -0.28931 -0.27107 -0.00308 -0.00201 0.68856 0.71291 
 0.69407 0.31330 0.28702 -0.28937 -0.27110 -0.00312 -0.00200 0.68868 0.71298 
 0.69507 0.31318 0.28694 -0.28943 -0.27114 -0.00315 -0.00200 0.68881 0.71306 
 0.69607 0.31307 0.28686 -0.28948 -0.27117 -0.00319 -0.00200 0.68893 0.71313 
 0.69707 0.31295 0.28679 -0.28954 -0.27120 -0.00322 -0.00200 0.68906 0.71321 
 0.69807 0.31283 0.28671 -0.28959 -0.27124 -0.00324 -0.00200 0.68918 0.71329 
 0.69907 0.31271 0.28664 -0.28965 -0.27127 -0.00327 -0.00199 0.68931 0.71336 
 0.70007 0.31259 0.28656 -0.28970 -0.27131 -0.00329 -0.00199 0.68944 0.71344 
 0.70107 0.31247 0.28649 -0.28975 -0.27134 -0.00331 -0.00199 0.68957 0.71351 
 0.70207 0.31235 0.28641 -0.28981 -0.27137 -0.00332 -0.00198 0.68970 0.71359 
 0.70307 0.31223 0.28634 -0.28986 -0.27141 -0.00333 -0.00198 0.68983 0.71366 
 0.70407 0.31211 0.28626 -0.28991 -0.27144 -0.00334 -0.00198 0.68996 0.71374 
 0.70507 0.31198 0.28619 -0.28996 -0.27147 -0.00335 -0.00197 0.69010 0.71381 
 0.70607 0.31186 0.28612 -0.29001 -0.27150 -0.00335 -0.00197 0.69023 0.71388 
 0.70707 0.31173 0.28604 -0.29006 -0.27154 -0.00335 -0.00196 0.69036 0.71396 
 0.70807 0.31161 0.28597 -0.29011 -0.27157 -0.00335 -0.00195 0.69050 0.71403 
 0.70907 0.31148 0.28590 -0.29016 -0.27160 -0.00335 -0.00195 0.69063 0.71410 
 0.71007 0.31136 0.28582 -0.29021 -0.27163 -0.00334 -0.00194 0.69076 0.71418 
 0.71107 0.31124 0.28575 -0.29025 -0.27166 -0.00333 -0.00193 0.69090 0.71425 
 0.71207 0.31111 0.28568 -0.29030 -0.27170 -0.00331 -0.00193 0.69103 0.71432 
 0.71307 0.31099 0.28560 -0.29035 -0.27173 -0.00330 -0.00192 0.69116 0.71440 
 0.71407 0.31087 0.28553 -0.29040 -0.27176 -0.00328 -0.00191 0.69129 0.71447 
 0.71507 0.31075 0.28546 -0.29044 -0.27179 -0.00325 -0.00190 0.69142 0.71454 
 0.71607 0.31063 0.28539 -0.29049 -0.27182 -0.00323 -0.00189 0.69155 0.71461 
 0.71707 0.31051 0.28532 -0.29053 -0.27185 -0.00320 -0.00188 0.69168 0.71468 
 0.71807 0.31039 0.28525 -0.29058 -0.27188 -0.00316 -0.00187 0.69181 0.71475 
 0.71907 0.31028 0.28518 -0.29063 -0.27191 -0.00313 -0.00186 0.69193 0.71482 
 0.72007 0.31016 0.28511 -0.29067 -0.27194 -0.00309 -0.00185 0.69205 0.71489 
 0.72107 0.31005 0.28504 -0.29072 -0.27198 -0.00305 -0.00184 0.69217 0.71496 
 0.72207 0.30993 0.28497 -0.29077 -0.27200 -0.00301 -0.00183 0.69229 0.71503 
 0.72307 0.30982 0.28490 -0.29082 -0.27204 -0.00296 -0.00182 0.69241 0.71510 
 0.72407 0.30971 0.28483 -0.29087 -0.27207 -0.00292 -0.00181 0.69253 0.71517 
 0.72507 0.30960 0.28476 -0.29092 -0.27210 -0.00287 -0.00180 0.69264 0.71524 
 0.72607 0.30949 0.28469 -0.29097 -0.27213 -0.00282 -0.00179 0.69276 0.71531 
 0.72707 0.30938 0.28463 -0.29102 -0.27216 -0.00277 -0.00178 0.69287 0.71537 
 0.72807 0.30927 0.28456 -0.29107 -0.27219 -0.00271 -0.00176 0.69297 0.71544 
 0.72907 0.30917 0.28449 -0.29112 -0.27222 -0.00266 -0.00175 0.69307 0.71551 
 0.73007 0.30907 0.28443 -0.29117 -0.27225 -0.00260 -0.00174 0.69318 0.71557 
 0.73107 0.30897 0.28436 -0.29123 -0.27227 -0.00254 -0.00173 0.69327 0.71564 
 0.73207 0.30887 0.28430 -0.29128 -0.27230 -0.00249 -0.00171 0.69337 0.71570 
 0.73307 0.30878 0.28423 -0.29134 -0.27233 -0.00243 -0.00170 0.69347 0.71577 
 0.73407 0.30869 0.28417 -0.29139 -0.27236 -0.00237 -0.00169 0.69356 0.71583 
 0.73507 0.30861 0.28411 -0.29145 -0.27239 -0.00231 -0.00168 0.69364 0.71589 
 0.73607 0.30852 0.28404 -0.29151 -0.27242 -0.00225 -0.00166 0.69373 0.71596 
 0.73707 0.30844 0.28398 -0.29157 -0.27245 -0.00219 -0.00165 0.69381 0.71602 
 0.73807 0.30836 0.28392 -0.29163 -0.27248 -0.00212 -0.00164 0.69388 0.71608 
 0.73907 0.30828 0.28386 -0.29169 -0.27251 -0.00206 -0.00162 0.69396 0.71614 
 0.74007 0.30821 0.28380 -0.29175 -0.27254 -0.00200 -0.00161 0.69403 0.71620 
 0.74107 0.30814 0.28374 -0.29181 -0.27256 -0.00193 -0.00160 0.69410 0.71626 
 0.74207 0.30807 0.28368 -0.29188 -0.27259 -0.00187 -0.00158 0.69417 0.71632 
 0.74307 0.30801 0.28362 -0.29194 -0.27262 -0.00181 -0.00157 0.69424 0.71638 
 0.74407 0.30794 0.28356 -0.29201 -0.27265 -0.00175 -0.00156 0.69430 0.71644 
 0.74507 0.30788 0.28350 -0.29208 -0.27268 -0.00169 -0.00154 0.69436 0.71650 
 0.74607 0.30782 0.28344 -0.29215 -0.27270 -0.00163 -0.00153 0.69441 0.71656 
 0.74707 0.30777 0.28338 -0.29222 -0.27273 -0.00157 -0.00152 0.69447 0.71662 
 0.74807 0.30771 0.28333 -0.29229 -0.27276 -0.00151 -0.00151 0.69452 0.71667 
 0.74907 0.30766 0.28327 -0.29236 -0.27279 -0.00145 -0.00149 0.69457 0.71673 
 0.75008 0.30761 0.28322 -0.29244 -0.27281 -0.00139 -0.00148 0.69462 0.71678 
 0.75108 0.30756 0.28316 -0.29251 -0.27284 -0.00134 -0.00147 0.69466 0.71684 
 0.75208 0.30751 0.28310 -0.29259 -0.27287 -0.00128 -0.00146 0.69470 0.71689 
 0.75308 0.30747 0.28305 -0.29267 -0.27290 -0.00123 -0.00144 0.69474 0.71695 
 0.75408 0.30743 0.28300 -0.29274 -0.27292 -0.00118 -0.00143 0.69478 0.71700 
 0.75508 0.30739 0.28294 -0.29282 -0.27295 -0.00113 -0.00142 0.69481 0.71706 
 0.75608 0.30735 0.28289 -0.29291 -0.27298 -0.00108 -0.00141 0.69485 0.71711 
 0.75708 0.30732 0.28284 -0.29299 -0.27300 -0.00103 -0.00140 0.69488 0.71716 
 0.75808 0.30728 0.28278 -0.29307 -0.27303 -0.00099 -0.00138 0.69491 0.71722 
 0.75908 0.30725 0.28273 -0.29315 -0.27305 -0.00094 -0.00137 0.69494 0.71727 
 0.76008 0.30722 0.28268 -0.29324 -0.27308 -0.00090 -0.00136 0.69497 0.71732 
 0.76108 0.30719 0.28263 -0.29332 -0.27311 -0.00086 -0.00135 0.69499 0.71737 
 0.76208 0.30717 0.28258 -0.29341 -0.27313 -0.00082 -0.00134 0.69502 0.71742 
 0.76308 0.30715 0.28253 -0.29349 -0.27316 -0.00079 -0.00133 0.69504 0.71747 
 0.76408 0.30712 0.28248 -0.29358 -0.27318 -0.00076 -0.00132 0.69506 0.71752 
 0.76508 0.30710 0.28243 -0.29367 -0.27321 -0.00073 -0.00131 0.69508 0.71757 
 0.76608 0.30708 0.28238 -0.29376 -0.27323 -0.00070 -0.00130 0.69510 0.71762 
 0.76708 0.30705 0.28233 -0.29385 -0.27326 -0.00067 -0.00129 0.69512 0.71767 
 0.76808 0.30703 0.28228 -0.29393 -0.27328 -0.00065 -0.00128 0.69514 0.71772 
 0.76908 0.30702 0.28224 -0.29402 -0.27331 -0.00063 -0.00127 0.69515 0.71776 
 0.77008 0.30700 0.28219 -0.29411 -0.27333 -0.00061 -0.00126 0.69517 0.71781 
 0.77108 0.30698 0.28214 -0.29420 -0.27336 -0.00060 -0.00125 0.69518 0.71786 
 0.77208 0.30697 0.28209 -0.29429 -0.27338 -0.00059 -0.00124 0.69520 0.71791 
 0.77308 0.30695 0.28205 -0.29438 -0.27340 -0.00058 -0.00124 0.69522 0.71795 
 0.77408 0.30693 0.28200 -0.29447 -0.27343 -0.00057 -0.00123 0.69523 0.71800 
 0.77508 0.30692 0.28195 -0.29455 -0.27345 -0.00057 -0.00122 0.69524 0.71805 
 0.77608 0.30690 0.28191 -0.29464 -0.27348 -0.00056 -0.00121 0.69526 0.71809 
 0.77708 0.30689 0.28186 -0.29473 -0.27350 -0.00057 -0.00121 0.69527 0.71814 
 0.77808 0.30687 0.28182 -0.29482 -0.27352 -0.00057 -0.00120 0.69529 0.71818 
 0.77908 0.30686 0.28177 -0.29491 -0.27354 -0.00058 -0.00119 0.69530 0.71823 
 0.78008 0.30684 0.28173 -0.29499 -0.27357 -0.00059 -0.00118 0.69532 0.71827 
 0.78108 0.30683 0.28168 -0.29508 -0.27359 -0.00060 -0.00118 0.69533 0.71832 
 0.78208 0.30681 0.28164 -0.29517 -0.27361 -0.00062 -0.00117 0.69535 0.71836 
 0.78308 0.30679 0.28159 -0.29525 -0.27363 -0.00064 -0.00117 0.69537 0.71840 
 0.78408 0.30678 0.28155 -0.29534 -0.27366 -0.00066 -0.00116 0.69539 0.71845 
 0.78508 0.30676 0.28151 -0.29542 -0.27368 -0.00068 -0.00115 0.69541 0.71849 
 0.78608 0.30674 0.28146 -0.29551 -0.27370 -0.00071 -0.00115 0.69543 0.71854 
 0.78708 0.30672 0.28142 -0.29559 -0.27372 -0.00073 -0.00114 0.69545 0.71858 
 0.78808 0.30670 0.28138 -0.29567 -0.27374 -0.00076 -0.00114 0.69547 0.71862 
 0.78908 0.30667 0.28134 -0.29576 -0.27376 -0.00080 -0.00113 0.69549 0.71866 
 0.79008 0.30665 0.28129 -0.29584 -0.27379 -0.00083 -0.00113 0.69552 0.71871 
 0.79108 0.30662 0.28125 -0.29592 -0.27381 -0.00087 -0.00112 0.69555 0.71875 
 0.79208 0.30659 0.28121 -0.29600 -0.27383 -0.00091 -0.00112 0.69557 0.71879 
 0.79308 0.30656 0.28116 -0.29608 -0.27385 -0.00095 -0.00112 0.69561 0.71884 
 0.79408 0.30653 0.28112 -0.29616 -0.27387 -0.00099 -0.00111 0.69564 0.71888 
 0.79508 0.30650 0.28108 -0.29624 -0.27389 -0.00103 -0.00111 0.69567 0.71892 
 0.79608 0.30646 0.28104 -0.29632 -0.27391 -0.00107 -0.00110 0.69571 0.71896 
 0.79708 0.30642 0.28100 -0.29639 -0.27393 -0.00112 -0.00110 0.69574 0.71900 
 0.79808 0.30638 0.28096 -0.29647 -0.27395 -0.00116 -0.00110 0.69579 0.71904 
 0.79908 0.30634 0.28092 -0.29654 -0.27397 -0.00121 -0.00109 0.69583 0.71908 
 0.80008 0.30630 0.28087 -0.29661 -0.27399 -0.00126 -0.00109 0.69587 0.71913 
 0.80108 0.30625 0.28083 -0.29668 -0.27401 -0.00131 -0.00109 0.69592 0.71917 
 0.80208 0.30621 0.28079 -0.29675 -0.27403 -0.00136 -0.00108 0.69597 0.71921 
 0.80308 0.30616 0.28075 -0.29682 -0.27404 -0.00141 -0.00108 0.69602 0.71925 
 0.80408 0.30611 0.28071 -0.29689 -0.27406 -0.00146 -0.00108 0.69607 0.71929 
 0.80508 0.30606 0.28067 -0.29696 -0.27408 -0.00151 -0.00108 0.69612 0.71933 
 0.80608 0.30600 0.28063 -0.29703 -0.27410 -0.00156 -0.00107 0.69618 0.71937 
 0.80708 0.30594 0.28059 -0.29709 -0.27412 -0.00161 -0.00107 0.69623 0.71941 
 0.80808 0.30589 0.28055 -0.29716 -0.27414 -0.00166 -0.00107 0.69630 0.71945 
 0.80908 0.30583 0.28051 -0.29722 -0.27416 -0.00171 -0.00107 0.69636 0.71949 
 0.81008 0.30576 0.28047 -0.29728 -0.27418 -0.00176 -0.00106 0.69642 0.71953 
 0.81108 0.30570 0.28043 -0.29734 -0.27419 -0.00181 -0.00106 0.69648 0.71957 
 0.81208 0.30563 0.28039 -0.29739 -0.27421 -0.00186 -0.00106 0.69655 0.71961 
 0.81308 0.30557 0.28035 -0.29745 -0.27423 -0.00190 -0.00106 0.69662 0.71965 
 0.81408 0.30550 0.28031 -0.29751 -0.27425 -0.00195 -0.00105 0.69669 0.71969 
 0.81508 0.30543 0.28027 -0.29756 -0.27426 -0.00200 -0.00105 0.69677 0.71973 
 0.81608 0.30535 0.28023 -0.29761 -0.27428 -0.00204 -0.00105 0.69684 0.71977 
 0.81708 0.30528 0.28019 -0.29766 -0.27430 -0.00209 -0.00105 0.69692 0.71981 
 0.81808 0.30520 0.28015 -0.29771 -0.27431 -0.00213 -0.00104 0.69700 0.71985 
 0.81908 0.30512 0.28011 -0.29776 -0.27433 -0.00217 -0.00104 0.69708 0.71989 
 0.82008 0.30504 0.28007 -0.29781 -0.27435 -0.00222 -0.00104 0.69716 0.71993 
 0.82108 0.30495 0.28003 -0.29786 -0.27437 -0.00226 -0.00104 0.69725 0.71997 
 0.82208 0.30487 0.27999 -0.29791 -0.27438 -0.00230 -0.00103 0.69734 0.72001 
 0.82308 0.30478 0.27996 -0.29795 -0.27440 -0.00234 -0.00103 0.69743 0.72004 
 0.82408 0.30470 0.27992 -0.29800 -0.27442 -0.00238 -0.00103 0.69752 0.72008 
 0.82508 0.30461 0.27988 -0.29804 -0.27443 -0.00242 -0.00103 0.69761 0.72012 
 0.82608 0.30452 0.27984 -0.29808 -0.27445 -0.00245 -0.00102 0.69771 0.72016 
 0.82708 0.30442 0.27980 -0.29812 -0.27446 -0.00249 -0.00102 0.69780 0.72020 
 0.82808 0.30433 0.27976 -0.29816 -0.27448 -0.00252 -0.00102 0.69790 0.72024 
 0.82908 0.30424 0.27973 -0.29820 -0.27450 -0.00255 -0.00101 0.69800 0.72027 
 0.83008 0.30414 0.27969 -0.29824 -0.27451 -0.00258 -0.00101 0.69810 0.72031 
 0.83108 0.30404 0.27965 -0.29827 -0.27453 -0.00261 -0.00101 0.69820 0.72035 
 0.83208 0.30394 0.27961 -0.29831 -0.27454 -0.00263 -0.00101 0.69830 0.72039 
 0.83308 0.30384 0.27957 -0.29834 -0.27456 -0.00265 -0.00100 0.69840 0.72043 
 0.83408 0.30374 0.27953 -0.29838 -0.27457 -0.00267 -0.00100 0.69850 0.72047 
 0.83508 0.30364 0.27950 -0.29841 -0.27459 -0.00269 -0.00100 0.69860 0.72050 
 0.83608 0.30354 0.27946 -0.29844 -0.27460 -0.00271 -0.00099 0.69871 0.72054 
 0.83708 0.30344 0.27942 -0.29847 -0.27462 -0.00272 -0.00099 0.69881 0.72058 
 0.83808 0.30333 0.27939 -0.29850 -0.27463 -0.00273 -0.00099 0.69892 0.72061 
 0.83908 0.30323 0.27935 -0.29853 -0.27465 -0.00274 -0.00098 0.69903 0.72065 
 0.84008 0.30313 0.27931 -0.29856 -0.27466 -0.00275 -0.00098 0.69913 0.72069 
 0.84108 0.30302 0.27927 -0.29859 -0.27468 -0.00276 -0.00098 0.69924 0.72072 
 0.84208 0.30292 0.27924 -0.29862 -0.27469 -0.00276 -0.00097 0.69935 0.72076 
 0.84308 0.30281 0.27920 -0.29865 -0.27471 -0.00276 -0.00097 0.69945 0.72080 
 0.84408 0.30271 0.27916 -0.29868 -0.27472 -0.00275 -0.00096 0.69956 0.72084 
 0.84508 0.30261 0.27913 -0.29870 -0.27474 -0.00275 -0.00096 0.69967 0.72087 
 0.84608 0.30251 0.27909 -0.29873 -0.27475 -0.00274 -0.00096 0.69977 0.72091 
 0.84708 0.30240 0.27906 -0.29876 -0.27477 -0.00273 -0.00095 0.69988 0.72094 
 0.84808 0.30230 0.27902 -0.29879 -0.27478 -0.00271 -0.00095 0.69998 0.72098 
 0.84908 0.30220 0.27899 -0.29881 -0.27480 -0.00270 -0.00094 0.70009 0.72101 
 0.85009 0.30209 0.27895 -0.29884 -0.27481 -0.00268 -0.00094 0.70019 0.72105 
 0.85109 0.30199 0.27892 -0.29887 -0.27482 -0.00266 -0.00093 0.70029 0.72108 
 0.85209 0.30189 0.27888 -0.29889 -0.27484 -0.00264 -0.00093 0.70040 0.72112 
 0.85309 0.30179 0.27885 -0.29892 -0.27485 -0.00261 -0.00093 0.70050 0.72115 
 0.85409 0.30169 0.27881 -0.29894 -0.27487 -0.00259 -0.00092 0.70060 0.72119 
 0.85509 0.30159 0.27878 -0.29897 -0.27488 -0.00256 -0.00092 0.70069 0.72122 
 0.85609 0.30149 0.27874 -0.29900 -0.27489 -0.00253 -0.00091 0.70079 0.72126 
 0.85709 0.30140 0.27871 -0.29902 -0.27491 -0.00250 -0.00091 0.70088 0.72129 
 0.85809 0.30130 0.27867 -0.29905 -0.27492 -0.00246 -0.00090 0.70097 0.72133 
 0.85909 0.30121 0.27864 -0.29908 -0.27493 -0.00243 -0.00090 0.70106 0.72136 
 0.86009 0.30111 0.27860 -0.29910 -0.27495 -0.00239 -0.00089 0.70115 0.72140 
 0.86109 0.30102 0.27857 -0.29913 -0.27496 -0.00235 -0.00089 0.70124 0.72143 
 0.86209 0.30093 0.27854 -0.29916 -0.27497 -0.00231 -0.00088 0.70133 0.72146 
 0.86309 0.30085 0.27851 -0.29919 -0.27499 -0.00227 -0.00088 0.70141 0.72149 
 0.86409 0.30076 0.27847 -0.29922 -0.27500 -0.00223 -0.00087 0.70150 0.72153 
 0.86509 0.30068 0.27844 -0.29925 -0.27501 -0.00219 -0.00087 0.70158 0.72156 
 0.86609 0.30059 0.27841 -0.29928 -0.27503 -0.00214 -0.00086 0.70166 0.72159 
 0.86709 0.30051 0.27837 -0.29931 -0.27504 -0.00210 -0.00086 0.70173 0.72162 
 0.86809 0.30043 0.27834 -0.29934 -0.27505 -0.00205 -0.00085 0.70181 0.72166 
 0.86909 0.30036 0.27831 -0.29937 -0.27507 -0.00200 -0.00085 0.70188 0.72169 
 0.87009 0.30028 0.27828 -0.29940 -0.27508 -0.00196 -0.00084 0.70195 0.72172 
 0.87109 0.30021 0.27825 -0.29944 -0.27509 -0.00191 -0.00084 0.70202 0.72175 
 0.87209 0.30014 0.27822 -0.29947 -0.27510 -0.00186 -0.00083 0.70209 0.72178 
 0.87309 0.30007 0.27818 -0.29951 -0.27512 -0.00181 -0.00083 0.70215 0.72182 
 0.87409 0.30000 0.27815 -0.29954 -0.27513 -0.00176 -0.00082 0.70222 0.72185 
 0.87509 0.29994 0.27812 -0.29958 -0.27514 -0.00171 -0.00082 0.70227 0.72188 
 0.87609 0.29987 0.27809 -0.29962 -0.27516 -0.00166 -0.00081 0.70233 0.72191 
 0.87709 0.29981 0.27806 -0.29966 -0.27517 -0.00161 -0.00080 0.70238 0.72194 
 0.87809 0.29975 0.27803 -0.29970 -0.27518 -0.00156 -0.00080 0.70244 0.72197 
 0.87909 0.29970 0.27800 -0.29974 -0.27519 -0.00150 -0.00079 0.70249 0.72200 
 0.88009 0.29964 0.27797 -0.29978 -0.27520 -0.00145 -0.00079 0.70254 0.72203 
 0.88109 0.29959 0.27794 -0.29982 -0.27522 -0.00140 -0.00078 0.70258 0.72206 
 0.88209 0.29954 0.27791 -0.29986 -0.27523 -0.00135 -0.00078 0.70263 0.72209 
 0.88309 0.29949 0.27788 -0.29990 -0.27524 -0.00130 -0.00077 0.70267 0.72212 
 0.88409 0.29944 0.27785 -0.29995 -0.27525 -0.00126 -0.00077 0.70271 0.72215 
 0.88509 0.29940 0.27782 -0.29999 -0.27527 -0.00121 -0.00076 0.70275 0.72218 
 0.88609 0.29936 0.27780 -0.30004 -0.27528 -0.00116 -0.00076 0.70279 0.72220 
 0.88709 0.29932 0.27777 -0.30008 -0.27529 -0.00111 -0.00075 0.70282 0.72223 
 0.88809 0.29928 0.27774 -0.30013 -0.27530 -0.00107 -0.00075 0.70285 0.72226 
 0.88909 0.29924 0.27771 -0.30018 -0.27531 -0.00102 -0.00074 0.70288 0.72229 
 0.89009 0.29921 0.27768 -0.30023 -0.27532 -0.00098 -0.00074 0.70291 0.72232 
 0.89109 0.29917 0.27766 -0.30028 -0.27534 -0.00094 -0.00073 0.70294 0.72234 
 0.89209 0.29914 0.27763 -0.30033 -0.27535 -0.00090 -0.00073 0.70297 0.72237 
 0.89309 0.29911 0.27760 -0.30038 -0.27536 -0.00086 -0.00072 0.70299 0.72240 
 0.89409 0.29908 0.27757 -0.30043 -0.27537 -0.00083 -0.00072 0.70302 0.72243 
 0.89509 0.29906 0.27755 -0.30048 -0.27538 -0.00079 -0.00072 0.70304 0.72245 
 0.89609 0.29903 0.27752 -0.30054 -0.27539 -0.00076 -0.00071 0.70306 0.72248 
 0.89709 0.29900 0.27749 -0.30059 -0.27541 -0.00073 -0.00071 0.70308 0.72251 
 0.89809 0.29898 0.27747 -0.30065 -0.27542 -0.00070 -0.00070 0.70310 0.72253 
 0.89909 0.29896 0.27744 -0.30070 -0.27543 -0.00068 -0.00070 0.70312 0.72256 
 0.90009 0.29893 0.27741 -0.30076 -0.27544 -0.00065 -0.00069 0.70314 0.72259 
 0.90109 0.29891 0.27739 -0.30081 -0.27545 -0.00063 -0.00069 0.70315 0.72261 
 0.90209 0.29889 0.27736 -0.30087 -0.27546 -0.00061 -0.00068 0.70317 0.72264 
 0.90309 0.29887 0.27734 -0.30092 -0.27547 -0.00059 -0.00068 0.70319 0.72266 
 0.90409 0.29886 0.27731 -0.30098 -0.27548 -0.00057 -0.00068 0.70320 0.72269 
 0.90509 0.29884 0.27729 -0.30104 -0.27549 -0.00055 -0.00067 0.70321 0.72271 
 0.90609 0.29882 0.27726 -0.30109 -0.27550 -0.00054 -0.00067 0.70323 0.72274 
 0.90709 0.29881 0.27724 -0.30115 -0.27551 -0.00053 -0.00066 0.70324 0.72276 
 0.90809 0.29879 0.27721 -0.30121 -0.27552 -0.00052 -0.00066 0.70325 0.72279 
 0.90909 0.29877 0.27719 -0.30127 -0.27553 -0.00052 -0.00066 0.70327 0.72281 
 0.91009 0.29876 0.27716 -0.30133 -0.27554 -0.00051 -0.00065 0.70328 0.72284 
 0.91109 0.29875 0.27714 -0.30139 -0.27556 -0.00051 -0.00065 0.70329 0.72286 
 0.91209 0.29873 0.27711 -0.30145 -0.27557 -0.00051 -0.00065 0.70330 0.72289 
 0.91309 0.29871 0.27709 -0.30150 -0.27558 -0.00052 -0.00064 0.70332 0.72291 
 0.91409 0.29870 0.27706 -0.30156 -0.27559 -0.00052 -0.00064 0.70333 0.72294 
 0.91509 0.29868 0.27704 -0.30162 -0.27560 -0.00053 -0.00064 0.70334 0.72296 
 0.91609 0.29866 0.27702 -0.30168 -0.27561 -0.00054 -0.00063 0.70335 0.72298 
 0.91709 0.29864 0.27699 -0.30174 -0.27562 -0.00055 -0.00063 0.70336 0.72301 
 0.91809 0.29863 0.27697 -0.30179 -0.27563 -0.00056 -0.00063 0.70337 0.72303 
 0.91909 0.29861 0.27694 -0.30185 -0.27564 -0.00058 -0.00062 0.70339 0.72306 
 0.92009 0.29859 0.27692 -0.30191 -0.27564 -0.00060 -0.00062 0.70340 0.72308 
 0.92109 0.29857 0.27690 -0.30197 -0.27565 -0.00062 -0.00062 0.70341 0.72310 
 0.92209 0.29854 0.27687 -0.30202 -0.27566 -0.00064 -0.00061 0.70343 0.72313 
 0.92309 0.29852 0.27685 -0.30208 -0.27567 -0.00066 -0.00061 0.70345 0.72315 
 0.92409 0.29850 0.27683 -0.30213 -0.27568 -0.00068 -0.00061 0.70347 0.72317 
 0.92509 0.29847 0.27681 -0.30219 -0.27569 -0.00071 -0.00060 0.70349 0.72319 
 0.92609 0.29845 0.27678 -0.30224 -0.27570 -0.00074 -0.00060 0.70351 0.72322 
 0.92709 0.29842 0.27676 -0.30230 -0.27571 -0.00077 -0.00060 0.70353 0.72324 
 0.92809 0.29839 0.27674 -0.30235 -0.27572 -0.00080 -0.00060 0.70356 0.72326 
 0.92909 0.29837 0.27672 -0.30240 -0.27573 -0.00083 -0.00059 0.70358 0.72328 
 0.93009 0.29834 0.27669 -0.30246 -0.27574 -0.00086 -0.00059 0.70361 0.72331 
 0.93109 0.29830 0.27667 -0.30251 -0.27575 -0.00090 -0.00059 0.70364 0.72333 
 0.93209 0.29827 0.27665 -0.30256 -0.27576 -0.00093 -0.00059 0.70367 0.72335 
 0.93309 0.29824 0.27663 -0.30261 -0.27577 -0.00097 -0.00058 0.70370 0.72337 
 0.93409 0.29820 0.27660 -0.30266 -0.27577 -0.00100 -0.00058 0.70373 0.72340 
 0.93509 0.29816 0.27658 -0.30271 -0.27578 -0.00104 -0.00058 0.70376 0.72342 
 0.93609 0.29812 0.27656 -0.30276 -0.27579 -0.00108 -0.00058 0.70380 0.72344 
 0.93709 0.29808 0.27654 -0.30281 -0.27580 -0.00112 -0.00057 0.70383 0.72346 
 0.93809 0.29804 0.27652 -0.30285 -0.27581 -0.00116 -0.00057 0.70387 0.72348 
 0.93909 0.29800 0.27650 -0.30290 -0.27582 -0.00120 -0.00057 0.70391 0.72350 
 0.94009 0.29795 0.27648 -0.30294 -0.27583 -0.00124 -0.00057 0.70395 0.72352 
 0.94109 0.29790 0.27645 -0.30299 -0.27583 -0.00128 -0.00056 0.70400 0.72355 
 0.94209 0.29785 0.27643 -0.30303 -0.27584 -0.00132 -0.00056 0.70404 0.72357 
 0.94309 0.29780 0.27641 -0.30307 -0.27585 -0.00136 -0.00056 0.70409 0.72359 
 0.94409 0.29775 0.27639 -0.30312 -0.27586 -0.00140 -0.00056 0.70414 0.72361 
 0.94509 0.29770 0.27637 -0.30316 -0.27587 -0.00144 -0.00056 0.70419 0.72363 
 0.94609 0.29764 0.27635 -0.30320 -0.27588 -0.00148 -0.00055 0.70424 0.72365 
 0.94709 0.29759 0.27633 -0.30324 -0.27588 -0.00152 -0.00055 0.70430 0.72367 
 0.94809 0.29753 0.27631 -0.30327 -0.27589 -0.00156 -0.00055 0.70435 0.72369 
 0.94909 0.29747 0.27629 -0.30331 -0.27590 -0.00160 -0.00055 0.70441 0.72371 
 0.95010 0.29741 0.27627 -0.30334 -0.27591 -0.00164 -0.00055 0.70447 0.72373 
 0.95110 0.29735 0.27625 -0.30338 -0.27592 -0.00168 -0.00054 0.70453 0.72376 
 0.95210 0.29728 0.27622 -0.30341 -0.27592 -0.00172 -0.00054 0.70460 0.72377 
 0.95310 0.29722 0.27620 -0.30344 -0.27593 -0.00175 -0.00054 0.70466 0.72380 
 0.95410 0.29715 0.27618 -0.30347 -0.27594 -0.00179 -0.00054 0.70473 0.72382 
 0.95510 0.29708 0.27616 -0.30350 -0.27595 -0.00183 -0.00054 0.70479 0.72384 
 0.95610 0.29701 0.27614 -0.30353 -0.27596 -0.00186 -0.00053 0.70486 0.72386 
 0.95710 0.29694 0.27612 -0.30356 -0.27596 -0.00190 -0.00053 0.70493 0.72388 
 0.95810 0.29687 0.27610 -0.30359 -0.27597 -0.00193 -0.00053 0.70500 0.72390 
 0.95910 0.29680 0.27608 -0.30362 -0.27598 -0.00196 -0.00053 0.70508 0.72392 
 0.96010 0.29672 0.27606 -0.30365 -0.27599 -0.00199 -0.00053 0.70515 0.72394 
 0.96110 0.29664 0.27604 -0.30367 -0.27599 -0.00202 -0.00052 0.70522 0.72396 
 0.96210 0.29657 0.27603 -0.30370 -0.27600 -0.00205 -0.00052 0.70530 0.72398 
 0.96310 0.29649 0.27601 -0.30372 -0.27601 -0.00208 -0.00052 0.70538 0.72400 
 0.96410 0.29640 0.27599 -0.30375 -0.27602 -0.00211 -0.00052 0.70546 0.72401 
 0.96510 0.29632 0.27597 -0.30377 -0.27602 -0.00213 -0.00051 0.70554 0.72403 
 0.96610 0.29624 0.27595 -0.30380 -0.27603 -0.00216 -0.00051 0.70562 0.72405 
 0.96710 0.29615 0.27593 -0.30382 -0.27604 -0.00218 -0.00051 0.70570 0.72407 
 0.96810 0.29607 0.27591 -0.30384 -0.27604 -0.00220 -0.00051 0.70578 0.72409 
 0.96910 0.29598 0.27589 -0.30386 -0.27605 -0.00222 -0.00051 0.70587 0.72411 
 0.97010 0.29590 0.27587 -0.30388 -0.27606 -0.00224 -0.00050 0.70595 0.72413 
 0.97110 0.29581 0.27585 -0.30390 -0.27607 -0.00226 -0.00050 0.70604 0.72415 
 0.97210 0.29572 0.27583 -0.30392 -0.27607 -0.00227 -0.00050 0.70613 0.72417 
 0.97310 0.29564 0.27581 -0.30394 -0.27608 -0.00228 -0.00050 0.70621 0.72419 
 0.97410 0.29555 0.27580 -0.30395 -0.27609 -0.00229 -0.00050 0.70630 0.72420 
 0.97510 0.29546 0.27578 -0.30397 -0.27609 -0.00230 -0.00049 0.70639 0.72422 
 0.97610 0.29537 0.27576 -0.30399 -0.27610 -0.00231 -0.00049 0.70647 0.72424 
 0.97710 0.29528 0.27574 -0.30400 -0.27611 -0.00231 -0.00049 0.70656 0.72426 
 0.97810 0.29519 0.27572 -0.30402 -0.27611 -0.00232 -0.00049 0.70664 0.72428 
 0.97910 0.29510 0.27570 -0.30404 -0.27612 -0.00232 -0.00049 0.70673 0.72430 
 0.98010 0.29501 0.27568 -0.30405 -0.27613 -0.00232 -0.00048 0.70681 0.72432 
 0.98110 0.29492 0.27567 -0.30407 -0.27613 -0.00232 -0.00048 0.70690 0.72433 
 0.98210 0.29483 0.27565 -0.30408 -0.27614 -0.00232 -0.00048 0.70698 0.72435 
 0.98310 0.29474 0.27563 -0.30410 -0.27615 -0.00231 -0.00048 0.70706 0.72437 
 0.98410 0.29465 0.27561 -0.30411 -0.27615 -0.00230 -0.00047 0.70715 0.72439 
 0.98510 0.29456 0.27559 -0.30413 -0.27616 -0.00229 -0.00047 0.70723 0.72441 
 0.98610 0.29447 0.27558 -0.30414 -0.27617 -0.00228 -0.00047 0.70731 0.72442 
 0.98710 0.29439 0.27556 -0.30416 -0.27617 -0.00227 -0.00047 0.70739 0.72444 
 0.98810 0.29430 0.27554 -0.30417 -0.27618 -0.00225 -0.00047 0.70747 0.72446 
 0.98910 0.29421 0.27552 -0.30418 -0.27619 -0.00224 -0.00046 0.70755 0.72448 
 0.99010 0.29412 0.27551 -0.30420 -0.27619 -0.00222 -0.00046 0.70763 0.72449 
 0.99110 0.29404 0.27549 -0.30421 -0.27620 -0.00220 -0.00046 0.70771 0.72451 
 0.99210 0.29395 0.27547 -0.30422 -0.27620 -0.00218 -0.00046 0.70779 0.72453 
 0.99310 0.29387 0.27546 -0.30424 -0.27621 -0.00216 -0.00045 0.70786 0.72454 
 0.99410 0.29378 0.27544 -0.30425 -0.27622 -0.00213 -0.00045 0.70794 0.72456 
 0.99510 0.29370 0.27542 -0.30427 -0.27622 -0.00211 -0.00045 0.70801 0.72458 
 0.99610 0.29362 0.27540 -0.30428 -0.27623 -0.00208 -0.00045 0.70808 0.72460 
 0.99710 0.29354 0.27539 -0.30430 -0.27623 -0.00205 -0.00044 0.70815 0.72461 
 0.99810 0.29346 0.27537 -0.30431 -0.27624 -0.00203 -0.00044 0.70822 0.72463 
 0.99910 0.29338 0.27535 -0.30433 -0.27625 -0.00200 -0.00044 0.70829 0.72465 
