 0.00000 1.00000 1.00000 0.00000 0.00000 0.00000 0.00000 0.00000 0.00000 
 0.00100 0.99965 0.99965 0.00031 0.00031 -0.01882 -0.01882 0.00035 0.00035 
 0.00200 0.99858 0.99858 0.00123 0.00123 -0.03755 -0.03755 0.00142 0.00142 
 0.00300 0.99682 0.99682 0.00274 0.00274 -0.05612 -0.05612 0.00318 0.00318 
 0.00400 0.99436 0.99436 0.00484 0.00484 -0.07446 -0.07446 0.00564 0.00564 
 0.00500 0.99121 0.99121 0.00750 0.00750 -0.09252 -0.09252 0.00879 0.00879 
 0.00600 0.98739 0.98739 0.01069 0.01069 -0.11022 -0.11022 0.01261 0.01261 
 0.00700 0.98291 0.98291 0.01439 0.01439 -0.12752 -0.12752 0.01709 0.01709 
 0.00800 0.97779 0.97779 0.01857 0.01857 -0.14434 -0.14434 0.02221 0.02221 
 0.00900 0.97204 0.97204 0.02320 0.02320 -0.16065 -0.16065 0.02796 0.02796 
 0.01000 0.96569 0.96569 0.02824 0.02824 -0.17639 -0.17639 0.03431 0.03431 
 0.01100 0.95876 0.95876 0.03368 0.03368 -0.19151 -0.19151 0.04124 0.04124 
 0.01200 0.95127 0.95127 0.03945 0.03945 -0.20599 -0.20599 0.04873 0.04873 
 0.01300 0.94325 0.94325 0.04554 0.04554 -0.21977 -0.21977 0.05675 0.05675 
 0.01400 0.93472 0.93472 0.05190 0.05190 -0.23282 -0.23282 0.06528 0.06528 
 0.01500 0.92572 0.92572 0.05850 0.05850 -0.24513 -0.24513 0.07428 0.07428 
 0.01600 0.91626 0.91626 0.06529 0.06529 -0.25665 -0.25665 0.08374 0.08374 
 0.01700 0.90639 0.90639 0.07224 0.07224 -0.26737 -0.26737 0.09361 0.09361 
 0.01800 0.89613 0.89613 0.07931 0.07931 -0.27727 -0.27727 0.10387 0.10387 
 0.01900 0.88551 0.88551 0.08646 0.08646 -0.28634 -0.28634 0.11449 0.11449 
 0.02000 0.87456 0.87456 0.09366 0.09366 -0.29456 -0.29456 0.12544 0.12544 
 0.02100 0.86333 0.86333 0.10086 0.10086 -0.30193 -0.30193 0.13667 0.13667 
 0.02200 0.85183 0.85183 0.10802 0.10802 -0.30845 -0.30845 0.14818 0.14818 
 0.02300 0.84010 0.84010 0.11513 0.11513 -0.31412 -0.31412 0.15990 0.15990 
 0.02400 0.82817 0.82817 0.12214 0.12214 -0.31894 -0.31894 0.17183 0.17183 
 0.02500 0.81607 0.81607 0.12901 0.12901 -0.32292 -0.32292 0.18393 0.18393 
 0.02600 0.80385 0.80385 0.13573 0.13573 -0.32607 -0.32607 0.19615 0.19615 
 0.02700 0.79152 0.79152 0.14226 0.14226 -0.32839 -0.32839 0.20848 0.20848 
 0.02800 0.77911 0.77911 0.14857 0.14857 -0.32992 -0.32992 0.22089 0.22089 
 0.02900 0.76667 0.76667 0.15464 0.15464 -0.33065 -0.33065 0.23333 0.23333 
 0.03000 0.75421 0.75421 0.16044 0.16044 -0.33063 -0.33063 0.24579 0.24579 
 0.03100 0.74177 0.74177 0.16596 0.16596 -0.32985 -0.32985 0.25823 0.25823 
 0.03200 0.72937 0.72937 0.17117 0.17117 -0.32836 -0.32836 0.27063 0.27063 
 0.03300 0.71703 0.71703 0.17606 0.17606 -0.32618 -0.32618 0.28297 0.28297 
 0.03400 0.70480 0.70480 0.18061 0.18061 -0.32333 -0.32333 0.29520 0.29520 
 0.03500 0.69268 0.69268 0.18480 0.18480 -0.31984 -0.31984 0.30732 0.30732 
 0.03600 0.68071 0.68071 0.18863 0.18863 -0.31575 -0.31575 0.31929 0.31929 
 0.03700 0.66890 0.66890 0.19209 0.19209 -0.31108 -0.31108 0.33110 0.33110 
 0.03800 0.65728 0.65728 0.19517 0.19517 -0.30586 -0.30586 0.34273 0.34273 
 0.03900 0.64586 0.64586 0.19786 0.19786 -0.30014 -0.30014 0.35414 0.35414 
 0.04000 0.63467 0.63467 0.20016 0.20016 -0.29394 -0.29394 0.36533 0.36533 
 0.04100 0.62372 0.62372 0.20207 0.20207 -0.28729 -0.28729 0.37628 0.37628 
 0.04200 0.61303 0.61303 0.20359 0.20359 -0.28023 -0.28023 0.38697 0.38697 
 0.04300 0.60261 0.60261 0.20471 0.20471 -0.27278 -0.27278 0.39739 0.39739 
 0.04400 0.59248 0.59248 0.20545 0.20545 -0.26500 -0.26500 0.40752 0.40752 
 0.04500 0.58265 0.58265 0.20580 0.20580 -0.25690 -0.25690 0.41735 0.41735 
 0.04600 0.57312 0.57312 0.20578 0.20578 -0.24852 -0.24852 0.42688 0.42688 
 0.04700 0.56392 0.56392 0.20538 0.20538 -0.23990 -0.23990 0.43608 0.43608 
 0.04800 0.55505 0.55505 0.20462 0.20462 -0.23106 -0.23106 0.44495 0.44495 
 0.04900 0.54652 0.54652 0.20351 0.20351 -0.22204 -0.22204 0.45348 0.45348 
 0.05001 0.53832 0.53832 0.20206 0.20206 -0.21286 -0.21286 0.46168 0.46168 
 0.05101 0.53048 0.53048 0.20028 0.20028 -0.20356 -0.20356 0.46952 0.46952 
 0.05201 0.52299 0.52299 0.19817 0.19817 -0.19417 -0.19417 0.47701 0.47701 
 0.05301 0.51585 0.51585 0.19577 0.19577 -0.18470 -0.18470 0.48415 0.48415 
 0.05401 0.50907 0.50907 0.19307 0.19307 -0.17520 -0.17520 0.49093 0.49093 
 0.05501 0.50265 0.50265 0.19009 0.19009 -0.16568 -0.16568 0.49735 0.49735 
 0.05601 0.49659 0.49659 0.18685 0.18685 -0.15617 -0.15617 0.50341 0.50341 
 0.05701 0.49088 0.49088 0.18335 0.18335 -0.14669 -0.14669 0.50912 0.50912 
 0.05801 0.48553 0.48553 0.17963 0.17963 -0.13727 -0.13727 0.51447 0.51447 
 0.05901 0.48054 0.48054 0.17569 0.17569 -0.12793 -0.12793 0.51946 0.51946 
 0.06001 0.47589 0.47589 0.17154 0.17154 -0.11869 -0.11869 0.52411 0.52411 
 0.06101 0.47159 0.47159 0.16721 0.16721 -0.10956 -0.10956 0.52841 0.52841 
 0.06201 0.46764 0.46764 0.16271 0.16271 -0.10057 -0.10057 0.53236 0.53236 
 0.06301 0.46402 0.46402 0.15805 0.15805 -0.09172 -0.09172 0.53598 0.53598 
 0.06401 0.46072 0.46072 0.15325 0.15325 -0.08305 -0.08305 0.53928 0.53928 
 0.06501 0.45776 0.45776 0.14833 0.14833 -0.07456 -0.07456 0.54224 0.54224 
 0.06601 0.45510 0.45510 0.14330 0.14330 -0.06627 -0.06627 0.54490 0.54490 
 0.06701 0.45276 0.45276 0.13817 0.13817 -0.05818 -0.05818 0.54724 0.54724 
 0.06801 0.45072 0.45072 0.13296 0.13296 -0.05031 -0.05031 0.54928 0.54928 
 0.06901 0.44897 0.44897 0.12768 0.12768 -0.04268 -0.04268 0.55103 0.55103 
 0.07001 0.44750 0.44750 0.12235 0.12235 -0.03528 -0.03528 0.55250 0.55250 
 0.07101 0.44631 0.44631 0.11698 0.11698 -0.02813 -0.02813 0.55370 0.55370 
 0.07201 0.44538 0.44538 0.11158 0.11158 -0.02124 -0.02124 0.55462 0.55462 
 0.07301 0.44470 0.44470 0.10616 0.10616 -0.01461 -0.01461 0.55530 0.55530 
 0.07401 0.44427 0.44427 0.10074 0.10074 -0.00824 -0.00824 0.55573 0.55573 
 0.07501 0.44408 0.44408 0.09533 0.09533 -0.00215 -0.00215 0.55592 0.55592 
 0.07601 0.44411 0.44411 0.08994 0.08994 0.00366 0.00366 0.55589 0.55589 
 0.07701 0.44435 0.44435 0.08457 0.08457 0.00920 0.00920 0.55565 0.55565 
 0.07801 0.44480 0.44480 0.07924 0.07924 0.01445 0.01445 0.55520 0.55520 
 0.07901 0.44544 0.44544 0.07396 0.07396 0.01942 0.01942 0.55456 0.55456 
 0.08001 0.44626 0.44626 0.06873 0.06873 0.02410 0.02410 0.55375 0.55375 
 0.08101 0.44725 0.44725 0.06356 0.06356 0.02849 0.02849 0.55275 0.55275 
 0.08201 0.44840 0.44840 0.05847 0.05847 0.03260 0.03260 0.55160 0.55160 
 0.08301 0.44970 0.44970 0.05345 0.05345 0.03643 0.03643 0.55030 0.55030 
 0.08401 0.45114 0.45114 0.04852 0.04852 0.03997 0.03997 0.54886 0.54886 
 0.08501 0.45271 0.45271 0.04367 0.04367 0.04323 0.04323 0.54729 0.54729 
 0.08601 0.45439 0.45439 0.03892 0.03892 0.04621 0.04621 0.54561 0.54561 
 0.08701 0.45619 0.45619 0.03427 0.03427 0.04892 0.04892 0.54381 0.54381 
 0.08801 0.45808 0.45808 0.02972 0.02972 0.05135 0.05135 0.54192 0.54192 
 0.08901 0.46005 0.46005 0.02528 0.02528 0.05351 0.05351 0.53995 0.53995 
 0.09001 0.46210 0.46210 0.02095 0.02095 0.05541 0.05541 0.53790 0.53790 
 0.09101 0.46422 0.46422 0.01673 0.01673 0.05705 0.05705 0.53578 0.53578 
 0.09201 0.46640 0.46640 0.01263 0.01263 0.05843 0.05843 0.53360 0.53360 
 0.09301 0.46862 0.46862 0.00865 0.00865 0.05956 0.05956 0.53138 0.53138 
 0.09401 0.47088 0.47088 0.00478 0.00478 0.06045 0.06045 0.52912 0.52912 
 0.09501 0.47318 0.47318 0.00104 0.00104 0.06109 0.06109 0.52682 0.52682 
 0.09601 0.47548 0.47548 -0.00258 -0.00258 0.06150 0.06150 0.52451 0.52451 
 0.09701 0.47781 0.47781 -0.00608 -0.00608 0.06169 0.06169 0.52219 0.52219 
 0.09801 0.48013 0.48013 -0.00946 -0.00946 0.06165 0.06165 0.51987 0.51987 
 0.09901 0.48245 0.48245 -0.01271 -0.01271 0.06140 0.06140 0.51755 0.51755 
 0.10001 0.48475 0.48475 -0.01584 -0.01584 0.06095 0.06095 0.51524 0.51524 
 0.10101 0.48704 0.48704 -0.01885 -0.01885 0.06029 0.06029 0.51296 0.51296 
 0.10201 0.48929 0.48929 -0.02174 -0.02174 0.05944 0.05944 0.51070 0.51070 
 0.10301 0.49151 0.49151 -0.02450 -0.02450 0.05840 0.05840 0.50848 0.50848 
 0.10401 0.49369 0.49369 -0.02715 -0.02715 0.05719 0.05719 0.50631 0.50631 
 0.10501 0.49582 0.49582 -0.02969 -0.02969 0.05580 0.05580 0.50418 0.50418 
 0.10601 0.49789 0.49789 -0.03210 -0.03210 0.05425 0.05425 0.50211 0.50211 
 0.10701 0.49991 0.49991 -0.03441 -0.03441 0.05255 0.05255 0.50009 0.50009 
 0.10801 0.50185 0.50185 -0.03660 -0.03660 0.05070 0.05070 0.49815 0.49815 
 0.10901 0.50372 0.50372 -0.03869 -0.03869 0.04870 0.04870 0.49628 0.49628 
 0.11001 0.50552 0.50552 -0.04066 -0.04066 0.04658 0.04658 0.49448 0.49448 
 0.11101 0.50723 0.50723 -0.04254 -0.04254 0.04433 0.04433 0.49277 0.49277 
 0.11201 0.50886 0.50886 -0.04431 -0.04431 0.04196 0.04196 0.49114 0.49114 
 0.11301 0.51039 0.51039 -0.04598 -0.04598 0.03949 0.03949 0.48961 0.48961 
 0.11401 0.51183 0.51183 -0.04756 -0.04756 0.03692 0.03692 0.48817 0.48817 
 0.11501 0.51317 0.51317 -0.04904 -0.04904 0.03425 0.03425 0.48683 0.48683 
 0.11601 0.51441 0.51441 -0.05044 -0.05044 0.03150 0.03150 0.48559 0.48559 
 0.11701 0.51555 0.51555 -0.05174 -0.05174 0.02867 0.02867 0.48445 0.48445 
 0.11801 0.51657 0.51657 -0.05297 -0.05297 0.02577 0.02577 0.48343 0.48343 
 0.11901 0.51749 0.51749 -0.05411 -0.05411 0.02281 0.02281 0.48251 0.48251 
 0.12001 0.51829 0.51829 -0.05517 -0.05517 0.01979 0.01979 0.48171 0.48171 
 0.12101 0.51898 0.51898 -0.05616 -0.05616 0.01673 0.01673 0.48102 0.48102 
 0.12201 0.51955 0.51955 -0.05708 -0.05708 0.01363 0.01363 0.48045 0.48045 
 0.12301 0.52000 0.52000 -0.05793 -0.05793 0.01049 0.01049 0.48000 0.48000 
 0.12401 0.52034 0.52034 -0.05872 -0.05872 0.00734 0.00734 0.47966 0.47966 
 0.12501 0.52056 0.52056 -0.05944 -0.05944 0.00416 0.00416 0.47944 0.47944 
 0.12601 0.52065 0.52065 -0.06011 -0.06011 0.00097 0.00097 0.47935 0.47935 
 0.12701 0.52063 0.52063 -0.06072 -0.06072 -0.00222 -0.00222 0.47937 0.47937 
 0.12801 0.52049 0.52049 -0.06128 -0.06128 -0.00541 -0.00541 0.47951 0.47951 
 0.12901 0.52022 0.52022 -0.06179 -0.06179 -0.00858 -0.00858 0.47978 0.47978 
 0.13001 0.51984 0.51984 -0.06226 -0.06226 -0.01175 -0.01175 0.48016 0.48016 
 0.13101 0.51934 0.51934 -0.06268 -0.06268 -0.01489 -0.01489 0.48066 0.48066 
 0.13201 0.51872 0.51872 -0.06307 -0.06307 -0.01801 -0.01801 0.48128 0.48128 
 0.13301 0.51798 0.51798 -0.06341 -0.06341 -0.02109 -0.02109 0.48202 0.48202 
 0.13401 0.51713 0.51713 -0.06373 -0.06373 -0.02413 -0.02413 0.48287 0.48287 
 0.13501 0.51616 0.51616 -0.06402 -0.06402 -0.02713 -0.02713 0.48384 0.48384 
 0.13601 0.51509 0.51509 -0.06427 -0.06427 -0.03007 -0.03007 0.48491 0.48491 
 0.13701 0.51390 0.51390 -0.06451 -0.06451 -0.03297 -0.03297 0.48610 0.48610 
 0.13801 0.51260 0.51260 -0.06472 -0.06472 -0.03580 -0.03580 0.48740 0.48740 
 0.13901 0.51120 0.51120 -0.06491 -0.06491 -0.03857 -0.03857 0.48880 0.48880 
 0.14001 0.50970 0.50970 -0.06509 -0.06509 -0.04127 -0.04127 0.49030 0.49030 
 0.14101 0.50809 0.50809 -0.06526 -0.06526 -0.04389 -0.04389 0.49191 0.49191 
 0.14201 0.50639 0.50639 -0.06541 -0.06541 -0.04645 -0.04645 0.49361 0.49361 
 0.14301 0.50460 0.50460 -0.06555 -0.06555 -0.04892 -0.04892 0.49540 0.49540 
 0.14401 0.50271 0.50271 -0.06569 -0.06569 -0.05130 -0.05130 0.49729 0.49729 
 0.14501 0.50073 0.50073 -0.06583 -0.06583 -0.05360 -0.05360 0.49927 0.49927 
 0.14601 0.49867 0.49867 -0.06596 -0.06596 -0.05581 -0.05581 0.50133 0.50133 
 0.14701 0.49653 0.49653 -0.06610 -0.06610 -0.05792 -0.05792 0.50347 0.50347 
 0.14801 0.49431 0.49431 -0.06624 -0.06624 -0.05994 -0.05994 0.50569 0.50569 
 0.14901 0.49201 0.49201 -0.06638 -0.06638 -0.06187 -0.06187 0.50799 0.50799 
 0.15002 0.48965 0.48965 -0.06653 -0.06653 -0.06369 -0.06369 0.51035 0.51035 
 0.15102 0.48722 0.48722 -0.06669 -0.06669 -0.06541 -0.06541 0.51279 0.51279 
 0.15202 0.48472 0.48472 -0.06687 -0.06687 -0.06702 -0.06702 0.51528 0.51528 
 0.15302 0.48217 0.48217 -0.06705 -0.06705 -0.06854 -0.06854 0.51783 0.51783 
 0.15402 0.47956 0.47956 -0.06725 -0.06725 -0.06994 -0.06994 0.52044 0.52044 
 0.15502 0.47690 0.47690 -0.06746 -0.06746 -0.07124 -0.07124 0.52310 0.52310 
 0.15602 0.47419 0.47419 -0.06769 -0.06769 -0.07243 -0.07243 0.52581 0.52581 
 0.15702 0.47144 0.47144 -0.06794 -0.06794 -0.07351 -0.07351 0.52856 0.52856 
 0.15802 0.46865 0.46865 -0.06822 -0.06822 -0.07449 -0.07449 0.53135 0.53135 
 0.15902 0.46583 0.46583 -0.06851 -0.06851 -0.07535 -0.07535 0.53417 0.53417 
 0.16002 0.46298 0.46298 -0.06882 -0.06882 -0.07611 -0.07611 0.53702 0.53702 
 0.16102 0.46010 0.46010 -0.06916 -0.06916 -0.07676 -0.07676 0.53990 0.53990 
 0.16202 0.45720 0.45720 -0.06953 -0.06953 -0.07731 -0.07731 0.54280 0.54280 
 0.16302 0.45427 0.45427 -0.06992 -0.06992 -0.07774 -0.07774 0.54573 0.54573 
 0.16402 0.45134 0.45134 -0.07033 -0.07033 -0.07808 -0.07808 0.54866 0.54866 
 0.16502 0.44839 0.44839 -0.07078 -0.07078 -0.07830 -0.07830 0.55161 0.55161 
 0.16602 0.44544 0.44544 -0.07125 -0.07125 -0.07843 -0.07843 0.55456 0.55456 
 0.16702 0.44249 0.44249 -0.07175 -0.07175 -0.07845 -0.07845 0.55751 0.55751 
 0.16802 0.43953 0.43953 -0.07228 -0.07228 -0.07838 -0.07838 0.56047 0.56047 
 0.16902 0.43658 0.43658 -0.07283 -0.07283 -0.07820 -0.07820 0.56342 0.56342 
 0.17002 0.43364 0.43364 -0.07342 -0.07342 -0.07794 -0.07794 0.56636 0.56636 
 0.17102 0.43071 0.43071 -0.07404 -0.07404 -0.07757 -0.07757 0.56929 0.56929 
 0.17202 0.42779 0.42779 -0.07469 -0.07469 -0.07712 -0.07712 0.57220 0.57220 
 0.17302 0.42490 0.42490 -0.07537 -0.07537 -0.07658 -0.07658 0.57510 0.57510 
 0.17402 0.42203 0.42203 -0.07608 -0.07608 -0.07596 -0.07596 0.57797 0.57797 
 0.17502 0.41918 0.41918 -0.07683 -0.07683 -0.07525 -0.07525 0.58082 0.58082 
 0.17602 0.41636 0.41636 -0.07760 -0.07760 -0.07446 -0.07446 0.58364 0.58364 
 0.17702 0.41357 0.41357 -0.07840 -0.07840 -0.07359 -0.07359 0.58643 0.58643 
 0.17802 0.41081 0.41081 -0.07924 -0.07924 -0.07265 -0.07265 0.58919 0.58919 
 0.17902 0.40810 0.40810 -0.08010 -0.08010 -0.07164 -0.07164 0.59190 0.59190 
 0.18002 0.40542 0.40542 -0.08099 -0.08099 -0.07056 -0.07056 0.59458 0.59458 
 0.18102 0.40278 0.40278 -0.08192 -0.08192 -0.06942 -0.06942 0.59722 0.59722 
 0.18202 0.40019 0.40019 -0.08287 -0.08287 -0.06821 -0.06821 0.59981 0.59981 
 0.18302 0.39764 0.39764 -0.08385 -0.08385 -0.06695 -0.06695 0.60236 0.60236 
 0.18402 0.39514 0.39514 -0.08486 -0.08486 -0.06564 -0.06564 0.60486 0.60486 
 0.18502 0.39270 0.39270 -0.08590 -0.08590 -0.06427 -0.06427 0.60730 0.60730 
 0.18602 0.39030 0.39030 -0.08696 -0.08696 -0.06286 -0.06286 0.60970 0.60970 
 0.18702 0.38796 0.38796 -0.08805 -0.08805 -0.06141 -0.06141 0.61204 0.61204 
 0.18802 0.38567 0.38567 -0.08916 -0.08916 -0.05991 -0.05991 0.61433 0.61433 
 0.18902 0.38345 0.38345 -0.09030 -0.09030 -0.05838 -0.05838 0.61655 0.61655 
 0.19002 0.38128 0.38128 -0.09147 -0.09147 -0.05682 -0.05682 0.61872 0.61872 
 0.19102 0.37917 0.37917 -0.09265 -0.09265 -0.05523 -0.05523 0.62083 0.62083 
 0.19202 0.37712 0.37712 -0.09386 -0.09386 -0.05361 -0.05361 0.62288 0.62288 
 0.19302 0.37513 0.37513 -0.09509 -0.09509 -0.05197 -0.05197 0.62487 0.62487 
 0.19402 0.37320 0.37320 -0.09634 -0.09634 -0.05032 -0.05032 0.62680 0.62680 
 0.19502 0.37134 0.37134 -0.09761 -0.09761 -0.04865 -0.04865 0.62866 0.62866 
 0.19602 0.36953 0.36953 -0.09890 -0.09890 -0.04697 -0.04697 0.63047 0.63047 
 0.19702 0.36780 0.36780 -0.10020 -0.10020 -0.04528 -0.04528 0.63220 0.63220 
 0.19802 0.36612 0.36612 -0.10153 -0.10153 -0.04359 -0.04359 0.63388 0.63388 
 0.19902 0.36451 0.36451 -0.10286 -0.10286 -0.04190 -0.04190 0.63549 0.63549 
 0.20002 0.36316 0.36297 -0.10375 -0.10421 -0.04118 -0.04021 0.63561 0.63703 
 0.20102 0.36226 0.36148 -0.10509 -0.10557 -0.03914 -0.03853 0.63743 0.63852 
 0.20202 0.36125 0.36006 -0.10630 -0.10695 -0.03701 -0.03685 0.63896 0.63994 
 0.20302 0.36016 0.35871 -0.10761 -0.10833 -0.03500 -0.03519 0.64055 0.64129 
 0.20402 0.35906 0.35741 -0.10886 -0.10973 -0.03304 -0.03355 0.64213 0.64259 
 0.20502 0.35814 0.35618 -0.11008 -0.11113 -0.03107 -0.03192 0.64392 0.64382 
 0.20602 0.35690 0.35501 -0.11131 -0.11254 -0.02913 -0.03031 0.64559 0.64499 
 0.20702 0.35554 0.35389 -0.11249 -0.11396 -0.02736 -0.02873 0.64688 0.64611 
 0.20802 0.35427 0.35284 -0.11365 -0.11538 -0.02570 -0.02717 0.64805 0.64716 
 0.20902 0.35312 0.35185 -0.11507 -0.11680 -0.02409 -0.02564 0.64932 0.64815 
 0.21002 0.35205 0.35091 -0.11649 -0.11823 -0.02254 -0.02414 0.65039 0.64909 
 0.21102 0.35132 0.35003 -0.11791 -0.11966 -0.02091 -0.02268 0.65128 0.64997 
 0.21202 0.35078 0.34920 -0.11936 -0.12109 -0.01921 -0.02125 0.65204 0.65080 
 0.21302 0.35033 0.34842 -0.12098 -0.12251 -0.01758 -0.01986 0.65264 0.65158 
 0.21402 0.34973 0.34770 -0.12232 -0.12394 -0.01589 -0.01851 0.65325 0.65230 
 0.21502 0.34911 0.34703 -0.12396 -0.12537 -0.01434 -0.01720 0.65359 0.65297 
 0.21602 0.34867 0.34641 -0.12547 -0.12678 -0.01297 -0.01593 0.65404 0.65359 
 0.21702 0.34822 0.34583 -0.12697 -0.12820 -0.01181 -0.01471 0.65440 0.65417 
 0.21802 0.34769 0.34530 -0.12822 -0.12961 -0.01065 -0.01353 0.65489 0.65470 
 0.21902 0.34743 0.34481 -0.12951 -0.13101 -0.00957 -0.01240 0.65532 0.65519 
 0.22002 0.34708 0.34436 -0.13099 -0.13240 -0.00870 -0.01132 0.65567 0.65564 
 0.22102 0.34638 0.34396 -0.13244 -0.13379 -0.00774 -0.01029 0.65589 0.65604 
 0.22202 0.34554 0.34359 -0.13370 -0.13516 -0.00667 -0.00931 0.65598 0.65641 
 0.22302 0.34478 0.34325 -0.13504 -0.13652 -0.00570 -0.00838 0.65605 0.65675 
 0.22402 0.34430 0.34295 -0.13631 -0.13788 -0.00472 -0.00750 0.65608 0.65705 
 0.22502 0.34397 0.34269 -0.13761 -0.13922 -0.00379 -0.00668 0.65619 0.65731 
 0.22602 0.34378 0.34245 -0.13892 -0.14054 -0.00282 -0.00591 0.65650 0.65755 
 0.22702 0.34376 0.34224 -0.14033 -0.14185 -0.00186 -0.00519 0.65675 0.65776 
 0.22802 0.34395 0.34206 -0.14162 -0.14315 -0.00096 -0.00452 0.65685 0.65794 
 0.22902 0.34403 0.34190 -0.14294 -0.14443 -0.00019 -0.00391 0.65680 0.65810 
 0.23002 0.34398 0.34176 -0.14419 -0.14570 0.00050 -0.00336 0.65688 0.65824 
 0.23102 0.34397 0.34165 -0.14531 -0.14695 0.00119 -0.00285 0.65692 0.65835 
 0.23202 0.34403 0.34155 -0.14638 -0.14818 0.00166 -0.00240 0.65689 0.65845 
 0.23302 0.34421 0.34147 -0.14740 -0.14939 0.00203 -0.00200 0.65685 0.65853 
 0.23402 0.34445 0.34140 -0.14841 -0.15059 0.00259 -0.00166 0.65674 0.65860 
 0.23502 0.34476 0.34134 -0.14943 -0.15176 0.00311 -0.00137 0.65683 0.65866 
 0.23602 0.34504 0.34129 -0.15040 -0.15292 0.00358 -0.00113 0.65689 0.65871 
 0.23702 0.34519 0.34125 -0.15132 -0.15406 0.00394 -0.00093 0.65680 0.65875 
 0.23802 0.34537 0.34122 -0.15237 -0.15517 0.00426 -0.00079 0.65663 0.65878 
 0.23902 0.34552 0.34119 -0.15353 -0.15627 0.00439 -0.00070 0.65652 0.65881 
 0.24002 0.34562 0.34117 -0.15474 -0.15735 0.00450 -0.00066 0.65635 0.65883 
 0.24102 0.34575 0.34114 -0.15587 -0.15840 0.00443 -0.00066 0.65622 0.65886 
 0.24202 0.34573 0.34112 -0.15705 -0.15943 0.00433 -0.00070 0.65606 0.65888 
 0.24302 0.34570 0.34109 -0.15831 -0.16045 0.00423 -0.00080 0.65595 0.65891 
 0.24402 0.34579 0.34106 -0.15945 -0.16144 0.00426 -0.00093 0.65575 0.65894 
 0.24502 0.34603 0.34102 -0.16067 -0.16240 0.00421 -0.00111 0.65544 0.65898 
 0.24602 0.34624 0.34097 -0.16183 -0.16335 0.00436 -0.00132 0.65524 0.65903 
 0.24702 0.34636 0.34092 -0.16303 -0.16428 0.00425 -0.00158 0.65521 0.65908 
 0.24802 0.34656 0.34085 -0.16426 -0.16518 0.00404 -0.00187 0.65525 0.65915 
 0.24902 0.34666 0.34078 -0.16537 -0.16606 0.00373 -0.00220 0.65520 0.65922 
 0.25003 0.34667 0.34069 -0.16642 -0.16692 0.00337 -0.00256 0.65513 0.65931 
 0.25103 0.34671 0.34058 -0.16738 -0.16776 0.00298 -0.00296 0.65532 0.65942 
 0.25203 0.34698 0.34046 -0.16835 -0.16858 0.00279 -0.00338 0.65548 0.65954 
 0.25303 0.34710 0.34033 -0.16941 -0.16938 0.00244 -0.00384 0.65553 0.65967 
 0.25403 0.34723 0.34017 -0.17048 -0.17015 0.00216 -0.00432 0.65537 0.65983 
 0.25503 0.34752 0.34000 -0.17136 -0.17091 0.00182 -0.00483 0.65529 0.66000 
 0.25603 0.34762 0.33981 -0.17225 -0.17164 0.00139 -0.00536 0.65545 0.66019 
 0.25703 0.34776 0.33960 -0.17300 -0.17236 0.00085 -0.00591 0.65552 0.66040 
 0.25803 0.34782 0.33937 -0.17371 -0.17305 0.00045 -0.00649 0.65551 0.66063 
 0.25903 0.34772 0.33911 -0.17461 -0.17373 -0.00015 -0.00708 0.65552 0.66089 
 0.26003 0.34747 0.33883 -0.17546 -0.17438 -0.00083 -0.00768 0.65552 0.66117 
 0.26103 0.34717 0.33853 -0.17619 -0.17502 -0.00163 -0.00831 0.65553 0.66147 
 0.26203 0.34710 0.33820 -0.17679 -0.17564 -0.00234 -0.00894 0.65553 0.66180 
 0.26303 0.34717 0.33786 -0.17740 -0.17624 -0.00311 -0.00959 0.65563 0.66214 
 0.26403 0.34722 0.33748 -0.17810 -0.17683 -0.00371 -0.01024 0.65568 0.66252 
 0.26503 0.34712 0.33708 -0.17877 -0.17740 -0.00440 -0.01091 0.65569 0.66292 
 0.26603 0.34705 0.33666 -0.17918 -0.17795 -0.00493 -0.01157 0.65585 0.66334 
 0.26703 0.34686 0.33621 -0.17964 -0.17848 -0.00564 -0.01225 0.65610 0.66379 
 0.26803 0.34673 0.33574 -0.18013 -0.17900 -0.00629 -0.01292 0.65642 0.66426 
 0.26903 0.34639 0.33524 -0.18056 -0.17951 -0.00693 -0.01360 0.65669 0.66476 
 0.27003 0.34603 0.33471 -0.18111 -0.18000 -0.00754 -0.01427 0.65695 0.66529 
 0.27103 0.34558 0.33416 -0.18173 -0.18048 -0.00820 -0.01494 0.65715 0.66584 
 0.27203 0.34502 0.33359 -0.18232 -0.18094 -0.00891 -0.01561 0.65726 0.66641 
 0.27303 0.34439 0.33299 -0.18279 -0.18140 -0.00965 -0.01627 0.65748 0.66701 
 0.27403 0.34374 0.33236 -0.18319 -0.18184 -0.01049 -0.01693 0.65768 0.66764 
 0.27503 0.34320 0.33171 -0.18357 -0.18227 -0.01136 -0.01758 0.65807 0.66829 
 0.27603 0.34280 0.33104 -0.18377 -0.18268 -0.01209 -0.01821 0.65861 0.66896 
 0.27703 0.34233 0.33034 -0.18400 -0.18309 -0.01286 -0.01884 0.65915 0.66966 
 0.27803 0.34199 0.32962 -0.18429 -0.18349 -0.01358 -0.01945 0.65975 0.67038 
 0.27903 0.34164 0.32887 -0.18461 -0.18388 -0.01425 -0.02005 0.66047 0.67113 
 0.28003 0.34136 0.32811 -0.18496 -0.18427 -0.01482 -0.02064 0.66114 0.67189 
 0.28103 0.34107 0.32732 -0.18528 -0.18464 -0.01537 -0.02120 0.66182 0.67268 
 0.28203 0.34073 0.32651 -0.18557 -0.18501 -0.01590 -0.02176 0.66235 0.67349 
 0.28303 0.34020 0.32568 -0.18583 -0.18537 -0.01651 -0.02229 0.66282 0.67432 
 0.28403 0.33949 0.32483 -0.18609 -0.18572 -0.01713 -0.02280 0.66327 0.67517 
 0.28503 0.33872 0.32396 -0.18643 -0.18607 -0.01787 -0.02330 0.66383 0.67604 
 0.28603 0.33800 0.32308 -0.18687 -0.18642 -0.01862 -0.02377 0.66433 0.67692 
 0.28703 0.33724 0.32217 -0.18731 -0.18676 -0.01937 -0.02423 0.66493 0.67783 
 0.28803 0.33648 0.32125 -0.18769 -0.18709 -0.02009 -0.02466 0.66560 0.67875 
 0.28903 0.33572 0.32031 -0.18814 -0.18743 -0.02081 -0.02507 0.66626 0.67969 
 0.29003 0.33509 0.31936 -0.18855 -0.18776 -0.02142 -0.02545 0.66709 0.68064 
 0.29103 0.33432 0.31840 -0.18897 -0.18809 -0.02200 -0.02581 0.66799 0.68160 
 0.29203 0.33349 0.31742 -0.18941 -0.18841 -0.02248 -0.02615 0.66887 0.68258 
 0.29303 0.33254 0.31643 -0.18977 -0.18874 -0.02295 -0.02646 0.66981 0.68357 
 0.29403 0.33163 0.31542 -0.19005 -0.18907 -0.02342 -0.02675 0.67072 0.68458 
 0.29503 0.33073 0.31441 -0.19026 -0.18939 -0.02380 -0.02702 0.67164 0.68559 
 0.29603 0.32990 0.31339 -0.19046 -0.18972 -0.02409 -0.02725 0.67244 0.68661 
 0.29703 0.32900 0.31236 -0.19072 -0.19005 -0.02442 -0.02746 0.67323 0.68764 
 0.29803 0.32811 0.31132 -0.19096 -0.19037 -0.02465 -0.02765 0.67400 0.68868 
 0.29903 0.32716 0.31028 -0.19123 -0.19070 -0.02496 -0.02781 0.67476 0.68973 
 0.30003 0.32629 0.30923 -0.19149 -0.19104 -0.02517 -0.02795 0.67561 0.69078 
 0.30103 0.32542 0.30817 -0.19183 -0.19137 -0.02539 -0.02806 0.67657 0.69183 
 0.30203 0.32454 0.30711 -0.19217 -0.19170 -0.02558 -0.02814 0.67747 0.69289 
 0.30303 0.32357 0.30605 -0.19250 -0.19204 -0.02572 -0.02820 0.67836 0.69395 
 0.30403 0.32258 0.30499 -0.19273 -0.19239 -0.02582 -0.02824 0.67932 0.69501 
 0.30503 0.32162 0.30392 -0.19294 -0.19273 -0.02590 -0.02825 0.68035 0.69608 
 0.30603 0.32070 0.30286 -0.19312 -0.19308 -0.02599 -0.02823 0.68145 0.69714 
 0.30703 0.31972 0.30179 -0.19338 -0.19344 -0.02612 -0.02820 0.68252 0.69820 
 0.30803 0.31868 0.30073 -0.19362 -0.19379 -0.02624 -0.02813 0.68352 0.69927 
 0.30903 0.31749 0.29968 -0.19386 -0.19416 -0.02628 -0.02805 0.68454 0.70032 
 0.31003 0.31629 0.29862 -0.19407 -0.19452 -0.02628 -0.02794 0.68550 0.70138 
 0.31103 0.31507 0.29757 -0.19428 -0.19490 -0.02621 -0.02781 0.68659 0.70243 
 0.31203 0.31401 0.29653 -0.19449 -0.19527 -0.02609 -0.02766 0.68767 0.70347 
 0.31303 0.31306 0.29549 -0.19474 -0.19565 -0.02589 -0.02749 0.68878 0.70451 
 0.31403 0.31215 0.29445 -0.19505 -0.19604 -0.02564 -0.02730 0.68979 0.70555 
 0.31503 0.31121 0.29343 -0.19544 -0.19643 -0.02535 -0.02709 0.69076 0.70657 
 0.31603 0.31025 0.29241 -0.19579 -0.19683 -0.02506 -0.02686 0.69169 0.70759 
 0.31703 0.30928 0.29141 -0.19617 -0.19723 -0.02478 -0.02662 0.69264 0.70859 
 0.31803 0.30828 0.29041 -0.19649 -0.19764 -0.02449 -0.02635 0.69356 0.70959 
 0.31903 0.30737 0.28942 -0.19680 -0.19806 -0.02421 -0.02607 0.69447 0.71058 
 0.32003 0.30648 0.28844 -0.19715 -0.19848 -0.02391 -0.02578 0.69538 0.71156 
 0.32103 0.30560 0.28748 -0.19744 -0.19890 -0.02358 -0.02546 0.69628 0.71252 
 0.32203 0.30480 0.28652 -0.19773 -0.19933 -0.02323 -0.02514 0.69716 0.71347 
 0.32303 0.30400 0.28558 -0.19805 -0.19976 -0.02289 -0.02480 0.69802 0.71442 
 0.32403 0.30314 0.28466 -0.19837 -0.20020 -0.02253 -0.02445 0.69886 0.71534 
 0.32503 0.30231 0.28374 -0.19871 -0.20065 -0.02215 -0.02409 0.69973 0.71626 
 0.32603 0.30151 0.28284 -0.19909 -0.20110 -0.02177 -0.02372 0.70051 0.71716 
 0.32703 0.30074 0.28196 -0.19947 -0.20156 -0.02134 -0.02333 0.70132 0.71804 
 0.32803 0.30004 0.28108 -0.19982 -0.20202 -0.02088 -0.02294 0.70209 0.71892 
 0.32903 0.29933 0.28023 -0.20020 -0.20248 -0.02043 -0.02254 0.70288 0.71977 
 0.33003 0.29868 0.27938 -0.20057 -0.20295 -0.01997 -0.02214 0.70367 0.72062 
 0.33103 0.29799 0.27856 -0.20096 -0.20342 -0.01948 -0.02173 0.70438 0.72144 
 0.33203 0.29725 0.27775 -0.20132 -0.20390 -0.01897 -0.02131 0.70509 0.72225 
 0.33303 0.29648 0.27695 -0.20173 -0.20438 -0.01848 -0.02089 0.70581 0.72305 
 0.33403 0.29573 0.27618 -0.20214 -0.20486 -0.01796 -0.02046 0.70653 0.72383 
 0.33503 0.29497 0.27541 -0.20259 -0.20535 -0.01749 -0.02003 0.70722 0.72459 
 0.33603 0.29423 0.27466 -0.20311 -0.20584 -0.01702 -0.01960 0.70790 0.72533 
 0.33703 0.29355 0.27393 -0.20361 -0.20634 -0.01657 -0.01917 0.70861 0.72606 
 0.33803 0.29294 0.27322 -0.20411 -0.20683 -0.01607 -0.01874 0.70930 0.72678 
 0.33903 0.29234 0.27252 -0.20462 -0.20733 -0.01553 -0.01831 0.70991 0.72748 
 0.34003 0.29173 0.27184 -0.20509 -0.20783 -0.01499 -0.01788 0.71050 0.72816 
 0.34103 0.29114 0.27118 -0.20560 -0.20834 -0.01447 -0.01745 0.71103 0.72882 
 0.34203 0.29058 0.27053 -0.20613 -0.20884 -0.01394 -0.01703 0.71157 0.72947 
 0.34303 0.29007 0.26989 -0.20666 -0.20935 -0.01341 -0.01661 0.71210 0.73011 
 0.34403 0.28955 0.26927 -0.20719 -0.20986 -0.01285 -0.01619 0.71263 0.73072 
 0.34503 0.28911 0.26867 -0.20769 -0.21037 -0.01231 -0.01578 0.71320 0.73133 
 0.34603 0.28865 0.26809 -0.20817 -0.21088 -0.01179 -0.01537 0.71367 0.73191 
 0.34703 0.28826 0.26752 -0.20866 -0.21139 -0.01129 -0.01497 0.71408 0.73249 
 0.34803 0.28787 0.26696 -0.20918 -0.21190 -0.01080 -0.01458 0.71446 0.73304 
 0.34903 0.28746 0.26642 -0.20970 -0.21241 -0.01032 -0.01419 0.71483 0.73358 
 0.35004 0.28708 0.26589 -0.21020 -0.21292 -0.00986 -0.01381 0.71516 0.73411 
 0.35104 0.28669 0.26538 -0.21073 -0.21343 -0.00939 -0.01344 0.71554 0.73462 
 0.35204 0.28632 0.26488 -0.21127 -0.21394 -0.00894 -0.01308 0.71590 0.73512 
 0.35304 0.28598 0.26439 -0.21179 -0.21444 -0.00852 -0.01273 0.71628 0.73561 
 0.35404 0.28562 0.26392 -0.21236 -0.21495 -0.00816 -0.01238 0.71666 0.73608 
 0.35504 0.28531 0.26346 -0.21289 -0.21545 -0.00775 -0.01205 0.71700 0.73654 
 0.35604 0.28497 0.26301 -0.21345 -0.21596 -0.00733 -0.01173 0.71735 0.73699 
 0.35704 0.28467 0.26257 -0.21399 -0.21646 -0.00690 -0.01142 0.71771 0.73743 
 0.35804 0.28440 0.26215 -0.21460 -0.21695 -0.00653 -0.01112 0.71805 0.73785 
 0.35904 0.28413 0.26173 -0.21525 -0.21745 -0.00618 -0.01083 0.71832 0.73826 
 0.36004 0.28388 0.26133 -0.21592 -0.21794 -0.00584 -0.01055 0.71849 0.73867 
 0.36104 0.28363 0.26094 -0.21661 -0.21843 -0.00558 -0.01029 0.71869 0.73906 
 0.36204 0.28336 0.26056 -0.21727 -0.21891 -0.00532 -0.01004 0.71887 0.73944 
 0.36304 0.28315 0.26018 -0.21786 -0.21940 -0.00502 -0.00979 0.71905 0.73982 
 0.36404 0.28295 0.25982 -0.21845 -0.21987 -0.00472 -0.00957 0.71917 0.74018 
 0.36504 0.28287 0.25946 -0.21903 -0.22035 -0.00442 -0.00935 0.71930 0.74054 
 0.36604 0.28276 0.25911 -0.21964 -0.22082 -0.00414 -0.00915 0.71948 0.74089 
 0.36704 0.28257 0.25877 -0.22024 -0.22128 -0.00388 -0.00896 0.71961 0.74123 
 0.36804 0.28239 0.25844 -0.22088 -0.22174 -0.00362 -0.00878 0.71970 0.74156 
 0.36904 0.28226 0.25811 -0.22150 -0.22220 -0.00343 -0.00861 0.71982 0.74189 
 0.37004 0.28214 0.25779 -0.22216 -0.22265 -0.00325 -0.00846 0.71986 0.74221 
 0.37104 0.28206 0.25747 -0.22274 -0.22310 -0.00307 -0.00832 0.71997 0.74253 
 0.37204 0.28206 0.25716 -0.22331 -0.22354 -0.00289 -0.00820 0.72003 0.74284 
 0.37304 0.28201 0.25686 -0.22388 -0.22398 -0.00274 -0.00808 0.72011 0.74314 
 0.37404 0.28193 0.25655 -0.22446 -0.22441 -0.00260 -0.00798 0.72016 0.74345 
 0.37504 0.28181 0.25626 -0.22499 -0.22483 -0.00248 -0.00789 0.72022 0.74374 
 0.37604 0.28166 0.25596 -0.22552 -0.22525 -0.00238 -0.00781 0.72026 0.74404 
 0.37704 0.28153 0.25567 -0.22599 -0.22566 -0.00228 -0.00774 0.72028 0.74433 
 0.37804 0.28140 0.25538 -0.22651 -0.22607 -0.00220 -0.00768 0.72030 0.74462 
 0.37904 0.28132 0.25509 -0.22700 -0.22648 -0.00212 -0.00764 0.72031 0.74491 
 0.38004 0.28126 0.25480 -0.22745 -0.22687 -0.00206 -0.00761 0.72038 0.74520 
 0.38104 0.28119 0.25451 -0.22789 -0.22726 -0.00203 -0.00758 0.72047 0.74549 
 0.38204 0.28114 0.25423 -0.22835 -0.22765 -0.00202 -0.00757 0.72059 0.74577 
 0.38304 0.28107 0.25394 -0.22876 -0.22803 -0.00199 -0.00757 0.72071 0.74606 
 0.38404 0.28101 0.25366 -0.22918 -0.22840 -0.00195 -0.00758 0.72078 0.74634 
 0.38504 0.28090 0.25337 -0.22965 -0.22876 -0.00198 -0.00759 0.72081 0.74663 
 0.38604 0.28084 0.25309 -0.23010 -0.22912 -0.00203 -0.00762 0.72087 0.74691 
 0.38704 0.28077 0.25280 -0.23054 -0.22948 -0.00208 -0.00765 0.72094 0.74720 
 0.38804 0.28069 0.25251 -0.23099 -0.22983 -0.00212 -0.00770 0.72101 0.74749 
 0.38904 0.28066 0.25222 -0.23141 -0.23017 -0.00216 -0.00775 0.72108 0.74778 
 0.39004 0.28061 0.25193 -0.23187 -0.23051 -0.00225 -0.00781 0.72118 0.74808 
 0.39104 0.28051 0.25163 -0.23231 -0.23084 -0.00233 -0.00787 0.72119 0.74837 
 0.39204 0.28039 0.25133 -0.23272 -0.23116 -0.00241 -0.00795 0.72121 0.74867 
 0.39304 0.28022 0.25103 -0.23309 -0.23148 -0.00250 -0.00803 0.72123 0.74897 
 0.39404 0.28010 0.25073 -0.23344 -0.23179 -0.00260 -0.00811 0.72129 0.74927 
 0.39504 0.27996 0.25042 -0.23379 -0.23210 -0.00272 -0.00820 0.72139 0.74958 
 0.39604 0.27987 0.25011 -0.23413 -0.23240 -0.00283 -0.00830 0.72149 0.74989 
 0.39704 0.27972 0.24979 -0.23449 -0.23270 -0.00299 -0.00840 0.72156 0.75021 
 0.39804 0.27961 0.24948 -0.23484 -0.23299 -0.00317 -0.00851 0.72164 0.75052 
 0.39904 0.27947 0.24915 -0.23520 -0.23327 -0.00336 -0.00861 0.72171 0.75085 
 0.40004 0.27930 0.24883 -0.23553 -0.23355 -0.00353 -0.00873 0.72175 0.75117 
 0.40104 0.27911 0.24850 -0.23588 -0.23383 -0.00375 -0.00884 0.72184 0.75150 
 0.40204 0.27896 0.24816 -0.23621 -0.23410 -0.00395 -0.00896 0.72200 0.75184 
 0.40304 0.27883 0.24782 -0.23653 -0.23436 -0.00417 -0.00908 0.72219 0.75218 
 0.40404 0.27870 0.24748 -0.23686 -0.23462 -0.00439 -0.00920 0.72239 0.75252 
 0.40504 0.27854 0.24713 -0.23720 -0.23488 -0.00466 -0.00933 0.72258 0.75287 
 0.40604 0.27842 0.24677 -0.23751 -0.23513 -0.00490 -0.00945 0.72277 0.75323 
 0.40704 0.27830 0.24641 -0.23781 -0.23537 -0.00518 -0.00958 0.72295 0.75358 
 0.40804 0.27818 0.24605 -0.23810 -0.23562 -0.00543 -0.00970 0.72314 0.75395 
 0.40904 0.27797 0.24568 -0.23837 -0.23585 -0.00571 -0.00983 0.72335 0.75432 
 0.41004 0.27774 0.24531 -0.23861 -0.23609 -0.00599 -0.00995 0.72356 0.75469 
 0.41104 0.27748 0.24493 -0.23886 -0.23632 -0.00627 -0.01008 0.72378 0.75507 
 0.41204 0.27721 0.24455 -0.23910 -0.23655 -0.00653 -0.01020 0.72402 0.75545 
 0.41304 0.27692 0.24416 -0.23935 -0.23677 -0.00678 -0.01032 0.72427 0.75584 
 0.41404 0.27664 0.24377 -0.23959 -0.23699 -0.00702 -0.01044 0.72452 0.75623 
 0.41504 0.27633 0.24338 -0.23981 -0.23720 -0.00728 -0.01056 0.72475 0.75662 
 0.41604 0.27600 0.24298 -0.24005 -0.23742 -0.00750 -0.01067 0.72494 0.75702 
 0.41704 0.27563 0.24257 -0.24026 -0.23763 -0.00773 -0.01079 0.72512 0.75743 
 0.41804 0.27526 0.24217 -0.24046 -0.23783 -0.00794 -0.01090 0.72532 0.75783 
 0.41904 0.27491 0.24175 -0.24068 -0.23804 -0.00817 -0.01100 0.72558 0.75825 
 0.42004 0.27459 0.24134 -0.24091 -0.23824 -0.00838 -0.01110 0.72586 0.75866 
 0.42104 0.27428 0.24092 -0.24111 -0.23844 -0.00860 -0.01120 0.72616 0.75908 
 0.42204 0.27398 0.24049 -0.24132 -0.23864 -0.00882 -0.01130 0.72646 0.75951 
 0.42304 0.27365 0.24007 -0.24152 -0.23883 -0.00905 -0.01139 0.72679 0.75994 
 0.42404 0.27332 0.23963 -0.24173 -0.23902 -0.00926 -0.01147 0.72712 0.76036 
 0.42504 0.27300 0.23920 -0.24191 -0.23922 -0.00947 -0.01155 0.72748 0.76080 
 0.42604 0.27265 0.23876 -0.24209 -0.23941 -0.00970 -0.01163 0.72785 0.76124 
 0.42704 0.27230 0.23833 -0.24224 -0.23959 -0.00992 -0.01170 0.72826 0.76167 
 0.42804 0.27194 0.23788 -0.24238 -0.23978 -0.01009 -0.01177 0.72865 0.76212 
 0.42904 0.27155 0.23744 -0.24251 -0.23997 -0.01026 -0.01183 0.72904 0.76256 
 0.43004 0.27118 0.23699 -0.24263 -0.24015 -0.01043 -0.01188 0.72940 0.76301 
 0.43104 0.27079 0.23654 -0.24275 -0.24033 -0.01059 -0.01193 0.72980 0.76346 
 0.43204 0.27038 0.23609 -0.24288 -0.24052 -0.01075 -0.01198 0.73022 0.76391 
 0.43304 0.26998 0.23564 -0.24302 -0.24070 -0.01091 -0.01202 0.73066 0.76436 
 0.43404 0.26957 0.23519 -0.24317 -0.24088 -0.01105 -0.01205 0.73111 0.76481 
 0.43504 0.26918 0.23473 -0.24330 -0.24106 -0.01118 -0.01208 0.73158 0.76527 
 0.43604 0.26876 0.23428 -0.24343 -0.24124 -0.01132 -0.01210 0.73203 0.76572 
 0.43704 0.26834 0.23382 -0.24356 -0.24142 -0.01141 -0.01211 0.73249 0.76618 
 0.43804 0.26791 0.23336 -0.24369 -0.24160 -0.01151 -0.01212 0.73295 0.76663 
 0.43904 0.26748 0.23291 -0.24382 -0.24177 -0.01158 -0.01213 0.73341 0.76709 
 0.44004 0.26705 0.23245 -0.24395 -0.24195 -0.01165 -0.01213 0.73389 0.76755 
 0.44104 0.26658 0.23200 -0.24408 -0.24213 -0.01172 -0.01212 0.73436 0.76801 
 0.44204 0.26611 0.23154 -0.24422 -0.24231 -0.01180 -0.01211 0.73482 0.76846 
 0.44304 0.26564 0.23108 -0.24431 -0.24249 -0.01185 -0.01209 0.73527 0.76892 
 0.44404 0.26518 0.23063 -0.24443 -0.24267 -0.01189 -0.01207 0.73570 0.76937 
 0.44504 0.26470 0.23017 -0.24454 -0.24285 -0.01189 -0.01204 0.73616 0.76983 
 0.44604 0.26423 0.22972 -0.24466 -0.24303 -0.01190 -0.01200 0.73662 0.77028 
 0.44704 0.26375 0.22927 -0.24479 -0.24321 -0.01191 -0.01196 0.73709 0.77073 
 0.44804 0.26328 0.22882 -0.24492 -0.24339 -0.01191 -0.01192 0.73756 0.77118 
 0.44904 0.26282 0.22837 -0.24504 -0.24357 -0.01189 -0.01187 0.73801 0.77163 
 0.45005 0.26239 0.22792 -0.24518 -0.24375 -0.01187 -0.01181 0.73846 0.77207 
 0.45105 0.26196 0.22748 -0.24531 -0.24394 -0.01184 -0.01175 0.73890 0.77252 
 0.45205 0.26153 0.22704 -0.24547 -0.24412 -0.01181 -0.01169 0.73934 0.77296 
 0.45305 0.26108 0.22660 -0.24562 -0.24430 -0.01176 -0.01162 0.73978 0.77340 
 0.45405 0.26065 0.22616 -0.24580 -0.24449 -0.01172 -0.01155 0.74021 0.77384 
 0.45505 0.26023 0.22573 -0.24596 -0.24467 -0.01166 -0.01147 0.74065 0.77427 
 0.45605 0.25980 0.22530 -0.24614 -0.24486 -0.01159 -0.01139 0.74111 0.77470 
 0.45705 0.25936 0.22487 -0.24630 -0.24504 -0.01152 -0.01131 0.74157 0.77513 
 0.45805 0.25893 0.22445 -0.24646 -0.24523 -0.01144 -0.01122 0.74202 0.77555 
 0.45905 0.25849 0.22403 -0.24661 -0.24542 -0.01133 -0.01112 0.74247 0.77597 
 0.46005 0.25806 0.22361 -0.24676 -0.24560 -0.01120 -0.01103 0.74292 0.77639 
 0.46105 0.25763 0.22320 -0.24690 -0.24579 -0.01105 -0.01093 0.74339 0.77680 
 0.46205 0.25720 0.22279 -0.24706 -0.24598 -0.01090 -0.01083 0.74383 0.77721 
 0.46305 0.25678 0.22238 -0.24723 -0.24617 -0.01075 -0.01073 0.74427 0.77762 
 0.46405 0.25636 0.22198 -0.24741 -0.24636 -0.01060 -0.01062 0.74470 0.77802 
 0.46505 0.25593 0.22158 -0.24759 -0.24655 -0.01044 -0.01051 0.74513 0.77842 
 0.46605 0.25553 0.22119 -0.24777 -0.24675 -0.01027 -0.01040 0.74555 0.77881 
 0.46705 0.25513 0.22080 -0.24798 -0.24694 -0.01010 -0.01029 0.74595 0.77920 
 0.46805 0.25475 0.22041 -0.24820 -0.24713 -0.00993 -0.01017 0.74635 0.77959 
 0.46905 0.25438 0.22003 -0.24842 -0.24733 -0.00977 -0.01006 0.74675 0.77997 
 0.47005 0.25401 0.21965 -0.24865 -0.24752 -0.00961 -0.00994 0.74714 0.78035 
 0.47105 0.25365 0.21928 -0.24889 -0.24771 -0.00946 -0.00982 0.74754 0.78072 
 0.47205 0.25331 0.21891 -0.24913 -0.24791 -0.00931 -0.00970 0.74789 0.78109 
 0.47305 0.25298 0.21855 -0.24935 -0.24810 -0.00913 -0.00958 0.74825 0.78145 
 0.47405 0.25266 0.21819 -0.24958 -0.24830 -0.00894 -0.00946 0.74859 0.78181 
 0.47505 0.25236 0.21784 -0.24981 -0.24849 -0.00876 -0.00934 0.74893 0.78216 
 0.47605 0.25207 0.21749 -0.25005 -0.24869 -0.00859 -0.00922 0.74925 0.78251 
 0.47705 0.25177 0.21714 -0.25031 -0.24889 -0.00841 -0.00910 0.74956 0.78286 
 0.47805 0.25149 0.21680 -0.25057 -0.24908 -0.00824 -0.00898 0.74987 0.78320 
 0.47905 0.25118 0.21647 -0.25084 -0.24928 -0.00806 -0.00886 0.75016 0.78353 
 0.48005 0.25089 0.21613 -0.25110 -0.24947 -0.00787 -0.00874 0.75045 0.78387 
 0.48105 0.25061 0.21581 -0.25136 -0.24967 -0.00768 -0.00862 0.75072 0.78419 
 0.48205 0.25034 0.21549 -0.25163 -0.24987 -0.00749 -0.00850 0.75098 0.78451 
 0.48305 0.25009 0.21517 -0.25189 -0.25006 -0.00730 -0.00838 0.75126 0.78483 
 0.48405 0.24985 0.21485 -0.25218 -0.25026 -0.00712 -0.00826 0.75153 0.78514 
 0.48505 0.24959 0.21455 -0.25246 -0.25045 -0.00695 -0.00815 0.75180 0.78546 
 0.48605 0.24935 0.21424 -0.25276 -0.25065 -0.00678 -0.00804 0.75207 0.78576 
 0.48705 0.24910 0.21394 -0.25305 -0.25084 -0.00661 -0.00793 0.75232 0.78606 
 0.48805 0.24886 0.21364 -0.25336 -0.25103 -0.00645 -0.00782 0.75255 0.78636 
 0.48905 0.24863 0.21335 -0.25366 -0.25123 -0.00628 -0.00771 0.75279 0.78665 
 0.49005 0.24841 0.21306 -0.25396 -0.25142 -0.00612 -0.00760 0.75304 0.78694 
 0.49105 0.24820 0.21278 -0.25426 -0.25161 -0.00596 -0.00750 0.75328 0.78722 
 0.49205 0.24801 0.21250 -0.25457 -0.25180 -0.00580 -0.00740 0.75353 0.78750 
 0.49305 0.24781 0.21222 -0.25488 -0.25199 -0.00565 -0.00730 0.75375 0.78778 
 0.49405 0.24761 0.21195 -0.25519 -0.25218 -0.00550 -0.00720 0.75395 0.78805 
 0.49505 0.24739 0.21168 -0.25549 -0.25237 -0.00535 -0.00711 0.75415 0.78832 
 0.49605 0.24719 0.21141 -0.25580 -0.25256 -0.00521 -0.00701 0.75433 0.78859 
 0.49705 0.24699 0.21115 -0.25610 -0.25274 -0.00508 -0.00693 0.75451 0.78885 
 0.49805 0.24682 0.21089 -0.25641 -0.25293 -0.00493 -0.00684 0.75469 0.78911 
 0.49905 0.24666 0.21063 -0.25671 -0.25311 -0.00480 -0.00676 0.75487 0.78937 
 0.50005 0.24650 0.21038 -0.25703 -0.25330 -0.00467 -0.00667 0.75503 0.78962 
 0.50105 0.24634 0.21013 -0.25736 -0.25348 -0.00456 -0.00660 0.75519 0.78987 
 0.50205 0.24618 0.20988 -0.25768 -0.25366 -0.00445 -0.00652 0.75534 0.79012 
 0.50305 0.24599 0.20964 -0.25799 -0.25384 -0.00434 -0.00645 0.75548 0.79036 
 0.50405 0.24581 0.20940 -0.25831 -0.25402 -0.00424 -0.00638 0.75562 0.79060 
 0.50505 0.24563 0.20916 -0.25862 -0.25419 -0.00414 -0.00631 0.75575 0.79084 
 0.50605 0.24547 0.20892 -0.25892 -0.25437 -0.00403 -0.00625 0.75589 0.79108 
 0.50705 0.24531 0.20869 -0.25922 -0.25454 -0.00393 -0.00619 0.75603 0.79131 
 0.50805 0.24515 0.20846 -0.25951 -0.25471 -0.00385 -0.00613 0.75617 0.79154 
 0.50905 0.24498 0.20823 -0.25981 -0.25488 -0.00378 -0.00608 0.75630 0.79177 
 0.51005 0.24481 0.20800 -0.26012 -0.25505 -0.00372 -0.00603 0.75643 0.79200 
 0.51105 0.24462 0.20777 -0.26042 -0.25522 -0.00367 -0.00598 0.75654 0.79223 
 0.51205 0.24444 0.20755 -0.26073 -0.25539 -0.00362 -0.00593 0.75667 0.79245 
 0.51305 0.24426 0.20733 -0.26103 -0.25555 -0.00357 -0.00589 0.75680 0.79268 
 0.51405 0.24410 0.20710 -0.26132 -0.25572 -0.00353 -0.00585 0.75694 0.79290 
 0.51505 0.24394 0.20688 -0.26161 -0.25588 -0.00351 -0.00581 0.75707 0.79312 
 0.51605 0.24379 0.20667 -0.26190 -0.25604 -0.00349 -0.00578 0.75721 0.79333 
 0.51705 0.24363 0.20645 -0.26219 -0.25619 -0.00347 -0.00575 0.75733 0.79355 
 0.51805 0.24348 0.20623 -0.26247 -0.25635 -0.00347 -0.00572 0.75746 0.79377 
 0.51905 0.24331 0.20602 -0.26275 -0.25650 -0.00347 -0.00569 0.75759 0.79398 
 0.52005 0.24316 0.20580 -0.26303 -0.25666 -0.00347 -0.00567 0.75771 0.79420 
 0.52105 0.24300 0.20559 -0.26332 -0.25681 -0.00349 -0.00565 0.75783 0.79441 
 0.52205 0.24285 0.20538 -0.26360 -0.25695 -0.00351 -0.00563 0.75795 0.79462 
 0.52305 0.24270 0.20517 -0.26387 -0.25710 -0.00353 -0.00561 0.75807 0.79483 
 0.52405 0.24255 0.20496 -0.26414 -0.25725 -0.00356 -0.00560 0.75819 0.79504 
 0.52505 0.24239 0.20475 -0.26439 -0.25739 -0.00359 -0.00558 0.75830 0.79526 
 0.52605 0.24223 0.20453 -0.26465 -0.25753 -0.00363 -0.00557 0.75841 0.79546 
 0.52705 0.24207 0.20433 -0.26491 -0.25767 -0.00368 -0.00556 0.75853 0.79568 
 0.52805 0.24191 0.20412 -0.26515 -0.25781 -0.00373 -0.00556 0.75865 0.79588 
 0.52905 0.24174 0.20391 -0.26540 -0.25795 -0.00379 -0.00555 0.75878 0.79609 
 0.53005 0.24157 0.20370 -0.26564 -0.25808 -0.00385 -0.00555 0.75892 0.79630 
 0.53105 0.24140 0.20349 -0.26588 -0.25821 -0.00390 -0.00555 0.75907 0.79651 
 0.53205 0.24123 0.20328 -0.26610 -0.25835 -0.00396 -0.00555 0.75921 0.79672 
 0.53305 0.24107 0.20307 -0.26632 -0.25848 -0.00403 -0.00555 0.75935 0.79693 
 0.53405 0.24090 0.20286 -0.26654 -0.25860 -0.00410 -0.00555 0.75951 0.79714 
 0.53505 0.24072 0.20265 -0.26676 -0.25873 -0.00418 -0.00556 0.75965 0.79735 
 0.53605 0.24055 0.20244 -0.26697 -0.25886 -0.00426 -0.00556 0.75981 0.79756 
 0.53705 0.24037 0.20223 -0.26718 -0.25898 -0.00435 -0.00557 0.75997 0.79777 
 0.53805 0.24019 0.20202 -0.26739 -0.25910 -0.00444 -0.00558 0.76013 0.79798 
 0.53905 0.24002 0.20181 -0.26760 -0.25922 -0.00453 -0.00559 0.76029 0.79819 
 0.54005 0.23985 0.20160 -0.26780 -0.25934 -0.00462 -0.00560 0.76045 0.79840 
 0.54105 0.23967 0.20139 -0.26800 -0.25946 -0.00472 -0.00561 0.76062 0.79861 
 0.54205 0.23949 0.20118 -0.26820 -0.25957 -0.00483 -0.00562 0.76079 0.79882 
 0.54305 0.23931 0.20097 -0.26839 -0.25969 -0.00494 -0.00563 0.76097 0.79903 
 0.54405 0.23913 0.20075 -0.26858 -0.25980 -0.00503 -0.00564 0.76115 0.79924 
 0.54505 0.23896 0.20054 -0.26876 -0.25991 -0.00512 -0.00565 0.76135 0.79946 
 0.54605 0.23878 0.20033 -0.26893 -0.26002 -0.00522 -0.00566 0.76154 0.79967 
 0.54705 0.23859 0.20011 -0.26910 -0.26013 -0.00532 -0.00567 0.76174 0.79988 
 0.54805 0.23840 0.19990 -0.26926 -0.26024 -0.00541 -0.00569 0.76194 0.80010 
 0.54905 0.23820 0.19969 -0.26941 -0.26035 -0.00551 -0.00570 0.76215 0.80031 
 0.55006 0.23801 0.19947 -0.26957 -0.26045 -0.00560 -0.00571 0.76238 0.80053 
 0.55106 0.23781 0.19926 -0.26971 -0.26055 -0.00570 -0.00572 0.76260 0.80074 
 0.55206 0.23761 0.19904 -0.26985 -0.26066 -0.00579 -0.00573 0.76281 0.80096 
 0.55306 0.23740 0.19883 -0.26999 -0.26076 -0.00588 -0.00575 0.76303 0.80117 
 0.55406 0.23718 0.19861 -0.27014 -0.26086 -0.00597 -0.00576 0.76324 0.80139 
 0.55506 0.23696 0.19839 -0.27027 -0.26096 -0.00606 -0.00577 0.76345 0.80161 
 0.55606 0.23674 0.19817 -0.27040 -0.26106 -0.00614 -0.00578 0.76367 0.80183 
 0.55706 0.23652 0.19796 -0.27051 -0.26116 -0.00622 -0.00579 0.76391 0.80204 
 0.55806 0.23630 0.19774 -0.27064 -0.26125 -0.00629 -0.00579 0.76415 0.80226 
 0.55906 0.23608 0.19752 -0.27075 -0.26135 -0.00636 -0.00580 0.76440 0.80248 
 0.56006 0.23586 0.19730 -0.27087 -0.26144 -0.00643 -0.00581 0.76466 0.80270 
 0.56106 0.23563 0.19708 -0.27098 -0.26154 -0.00649 -0.00581 0.76490 0.80292 
 0.56206 0.23539 0.19686 -0.27109 -0.26163 -0.00655 -0.00582 0.76514 0.80314 
 0.56306 0.23514 0.19664 -0.27118 -0.26173 -0.00660 -0.00582 0.76540 0.80336 
 0.56406 0.23490 0.19642 -0.27127 -0.26182 -0.00663 -0.00583 0.76564 0.80358 
 0.56506 0.23465 0.19620 -0.27137 -0.26191 -0.00667 -0.00583 0.76590 0.80380 
 0.56606 0.23442 0.19598 -0.27147 -0.26200 -0.00670 -0.00583 0.76616 0.80402 
 0.56706 0.23418 0.19576 -0.27156 -0.26209 -0.00674 -0.00583 0.76643 0.80424 
 0.56806 0.23394 0.19554 -0.27164 -0.26218 -0.00676 -0.00583 0.76669 0.80446 
 0.56906 0.23369 0.19533 -0.27173 -0.26227 -0.00678 -0.00583 0.76695 0.80467 
 0.57006 0.23344 0.19511 -0.27181 -0.26236 -0.00679 -0.00582 0.76720 0.80489 
 0.57106 0.23318 0.19489 -0.27189 -0.26245 -0.00680 -0.00582 0.76746 0.80511 
 0.57206 0.23292 0.19467 -0.27196 -0.26253 -0.00680 -0.00581 0.76772 0.80533 
 0.57306 0.23266 0.19445 -0.27204 -0.26262 -0.00680 -0.00581 0.76798 0.80555 
 0.57406 0.23241 0.19423 -0.27212 -0.26271 -0.00680 -0.00580 0.76825 0.80577 
 0.57506 0.23215 0.19401 -0.27219 -0.26279 -0.00680 -0.00579 0.76853 0.80599 
 0.57606 0.23190 0.19379 -0.27226 -0.26288 -0.00678 -0.00578 0.76879 0.80621 
 0.57706 0.23164 0.19358 -0.27234 -0.26297 -0.00676 -0.00577 0.76906 0.80642 
 0.57806 0.23138 0.19336 -0.27242 -0.26305 -0.00675 -0.00575 0.76932 0.80664 
 0.57906 0.23112 0.19314 -0.27250 -0.26314 -0.00673 -0.00574 0.76958 0.80686 
 0.58006 0.23087 0.19293 -0.27258 -0.26322 -0.00670 -0.00572 0.76984 0.80707 
 0.58106 0.23062 0.19271 -0.27265 -0.26331 -0.00666 -0.00571 0.77010 0.80729 
 0.58206 0.23038 0.19250 -0.27272 -0.26339 -0.00662 -0.00569 0.77037 0.80750 
 0.58306 0.23014 0.19228 -0.27280 -0.26347 -0.00658 -0.00567 0.77064 0.80772 
 0.58406 0.22991 0.19207 -0.27287 -0.26356 -0.00653 -0.00565 0.77090 0.80793 
 0.58506 0.22966 0.19186 -0.27295 -0.26364 -0.00648 -0.00563 0.77116 0.80814 
 0.58606 0.22942 0.19165 -0.27303 -0.26372 -0.00642 -0.00560 0.77140 0.80835 
 0.58706 0.22917 0.19144 -0.27311 -0.26381 -0.00636 -0.00558 0.77164 0.80856 
 0.58806 0.22894 0.19123 -0.27319 -0.26389 -0.00629 -0.00555 0.77187 0.80877 
 0.58906 0.22871 0.19102 -0.27327 -0.26398 -0.00622 -0.00553 0.77210 0.80898 
 0.59006 0.22848 0.19081 -0.27335 -0.26406 -0.00614 -0.00550 0.77234 0.80919 
 0.59106 0.22826 0.19060 -0.27344 -0.26414 -0.00606 -0.00547 0.77257 0.80940 
 0.59206 0.22803 0.19040 -0.27352 -0.26422 -0.00598 -0.00544 0.77280 0.80960 
 0.59306 0.22781 0.19019 -0.27360 -0.26431 -0.00589 -0.00541 0.77302 0.80981 
 0.59406 0.22760 0.18999 -0.27369 -0.26439 -0.00581 -0.00538 0.77324 0.81001 
 0.59506 0.22739 0.18979 -0.27378 -0.26447 -0.00572 -0.00535 0.77345 0.81021 
 0.59606 0.22719 0.18959 -0.27387 -0.26455 -0.00563 -0.00532 0.77366 0.81041 
 0.59706 0.22698 0.18939 -0.27396 -0.26464 -0.00554 -0.00529 0.77387 0.81061 
 0.59806 0.22679 0.18919 -0.27405 -0.26472 -0.00545 -0.00525 0.77408 0.81081 
 0.59906 0.22659 0.18899 -0.27415 -0.26480 -0.00536 -0.00522 0.77429 0.81101 
 0.60006 0.22640 0.18879 -0.27424 -0.26488 -0.00526 -0.00518 0.77448 0.81120 
 0.60106 0.22622 0.18860 -0.27434 -0.26497 -0.00516 -0.00515 0.77468 0.81140 
 0.60206 0.22604 0.18841 -0.27444 -0.26505 -0.00506 -0.00511 0.77486 0.81159 
 0.60306 0.22587 0.18822 -0.27455 -0.26513 -0.00497 -0.00507 0.77505 0.81178 
 0.60406 0.22569 0.18802 -0.27467 -0.26521 -0.00488 -0.00503 0.77524 0.81198 
 0.60506 0.22552 0.18784 -0.27478 -0.26529 -0.00479 -0.00500 0.77542 0.81216 
 0.60606 0.22535 0.18765 -0.27490 -0.26537 -0.00470 -0.00496 0.77560 0.81235 
 0.60706 0.22519 0.18746 -0.27502 -0.26545 -0.00461 -0.00492 0.77577 0.81254 
 0.60806 0.22503 0.18728 -0.27514 -0.26554 -0.00451 -0.00488 0.77594 0.81272 
 0.60906 0.22488 0.18710 -0.27526 -0.26562 -0.00442 -0.00484 0.77610 0.81290 
 0.61006 0.22473 0.18691 -0.27539 -0.26570 -0.00432 -0.00480 0.77627 0.81309 
 0.61106 0.22458 0.18673 -0.27552 -0.26578 -0.00423 -0.00476 0.77642 0.81327 
 0.61206 0.22444 0.18655 -0.27566 -0.26586 -0.00414 -0.00472 0.77658 0.81344 
 0.61306 0.22430 0.18638 -0.27579 -0.26594 -0.00406 -0.00468 0.77673 0.81362 
 0.61406 0.22416 0.18620 -0.27592 -0.26602 -0.00397 -0.00464 0.77688 0.81380 
 0.61506 0.22402 0.18603 -0.27606 -0.26610 -0.00388 -0.00460 0.77702 0.81397 
 0.61606 0.22389 0.18585 -0.27619 -0.26618 -0.00380 -0.00456 0.77716 0.81415 
 0.61706 0.22375 0.18568 -0.27633 -0.26626 -0.00372 -0.00453 0.77730 0.81432 
 0.61806 0.22363 0.18551 -0.27647 -0.26634 -0.00364 -0.00449 0.77744 0.81449 
 0.61906 0.22350 0.18535 -0.27661 -0.26642 -0.00357 -0.00445 0.77757 0.81465 
 0.62006 0.22338 0.18518 -0.27675 -0.26650 -0.00349 -0.00441 0.77770 0.81482 
 0.62106 0.22326 0.18501 -0.27690 -0.26658 -0.00342 -0.00437 0.77783 0.81499 
 0.62206 0.22315 0.18485 -0.27705 -0.26666 -0.00334 -0.00433 0.77795 0.81515 
 0.62306 0.22303 0.18469 -0.27719 -0.26674 -0.00327 -0.00429 0.77807 0.81531 
 0.62406 0.22292 0.18453 -0.27734 -0.26682 -0.00320 -0.00425 0.77819 0.81547 
 0.62506 0.22281 0.18437 -0.27749 -0.26689 -0.00313 -0.00422 0.77831 0.81563 
 0.62606 0.22271 0.18421 -0.27764 -0.26697 -0.00307 -0.00418 0.77843 0.81579 
 0.62706 0.22260 0.18405 -0.27779 -0.26705 -0.00301 -0.00414 0.77854 0.81595 
 0.62806 0.22250 0.18390 -0.27794 -0.26713 -0.00296 -0.00411 0.77865 0.81610 
 0.62906 0.22239 0.18374 -0.27809 -0.26720 -0.00291 -0.00407 0.77876 0.81626 
 0.63006 0.22229 0.18359 -0.27824 -0.26728 -0.00286 -0.00404 0.77887 0.81641 
 0.63106 0.22220 0.18344 -0.27839 -0.26736 -0.00281 -0.00400 0.77897 0.81656 
 0.63206 0.22210 0.18329 -0.27854 -0.26743 -0.00276 -0.00397 0.77907 0.81671 
 0.63306 0.22201 0.18314 -0.27869 -0.26751 -0.00271 -0.00394 0.77917 0.81686 
 0.63406 0.22192 0.18299 -0.27885 -0.26758 -0.00267 -0.00390 0.77927 0.81701 
 0.63506 0.22182 0.18285 -0.27900 -0.26765 -0.00263 -0.00387 0.77937 0.81715 
 0.63606 0.22174 0.18270 -0.27915 -0.26773 -0.00260 -0.00384 0.77947 0.81730 
 0.63706 0.22164 0.18255 -0.27931 -0.26780 -0.00256 -0.00381 0.77956 0.81744 
 0.63806 0.22156 0.18241 -0.27947 -0.26788 -0.00254 -0.00378 0.77966 0.81759 
 0.63906 0.22147 0.18227 -0.27963 -0.26795 -0.00251 -0.00375 0.77975 0.81773 
 0.64006 0.22138 0.18213 -0.27979 -0.26802 -0.00249 -0.00372 0.77985 0.81787 
 0.64106 0.22129 0.18199 -0.27995 -0.26809 -0.00248 -0.00369 0.77995 0.81801 
 0.64206 0.22120 0.18185 -0.28010 -0.26816 -0.00246 -0.00367 0.78005 0.81815 
 0.64306 0.22111 0.18171 -0.28026 -0.26823 -0.00245 -0.00364 0.78015 0.81829 
 0.64406 0.22103 0.18158 -0.28042 -0.26831 -0.00245 -0.00361 0.78025 0.81842 
 0.64506 0.22095 0.18144 -0.28057 -0.26837 -0.00244 -0.00359 0.78035 0.81856 
 0.64606 0.22087 0.18131 -0.28073 -0.26844 -0.00244 -0.00357 0.78045 0.81869 
 0.64706 0.22078 0.18117 -0.28089 -0.26851 -0.00244 -0.00354 0.78056 0.81883 
 0.64806 0.22070 0.18104 -0.28104 -0.26858 -0.00245 -0.00352 0.78066 0.81896 
 0.64906 0.22061 0.18091 -0.28120 -0.26865 -0.00245 -0.00350 0.78075 0.81909 
 0.65007 0.22053 0.18078 -0.28136 -0.26872 -0.00246 -0.00348 0.78085 0.81922 
 0.65107 0.22044 0.18065 -0.28151 -0.26878 -0.00247 -0.00345 0.78095 0.81935 
 0.65207 0.22036 0.18052 -0.28166 -0.26885 -0.00249 -0.00343 0.78105 0.81948 
 0.65307 0.22028 0.18039 -0.28182 -0.26891 -0.00251 -0.00342 0.78115 0.81961 
 0.65407 0.22020 0.18026 -0.28197 -0.26898 -0.00252 -0.00340 0.78125 0.81974 
 0.65507 0.22011 0.18013 -0.28212 -0.26904 -0.00254 -0.00338 0.78136 0.81987 
 0.65607 0.22003 0.18000 -0.28227 -0.26911 -0.00257 -0.00336 0.78146 0.82000 
 0.65707 0.21994 0.17988 -0.28242 -0.26917 -0.00260 -0.00335 0.78156 0.82012 
 0.65807 0.21985 0.17975 -0.28257 -0.26923 -0.00263 -0.00333 0.78167 0.82025 
 0.65907 0.21976 0.17963 -0.28271 -0.26930 -0.00265 -0.00331 0.78178 0.82037 
 0.66007 0.21968 0.17950 -0.28285 -0.26936 -0.00268 -0.00330 0.78189 0.82050 
 0.66107 0.21959 0.17938 -0.28300 -0.26942 -0.00272 -0.00329 0.78200 0.82062 
 0.66207 0.21950 0.17925 -0.28314 -0.26948 -0.00275 -0.00327 0.78212 0.82074 
 0.66307 0.21941 0.17913 -0.28328 -0.26954 -0.00279 -0.00326 0.78224 0.82087 
 0.66407 0.21932 0.17901 -0.28342 -0.26960 -0.00283 -0.00325 0.78235 0.82099 
 0.66507 0.21922 0.17889 -0.28355 -0.26966 -0.00287 -0.00323 0.78247 0.82111 
 0.66607 0.21913 0.17877 -0.28369 -0.26972 -0.00292 -0.00322 0.78260 0.82123 
 0.66707 0.21903 0.17864 -0.28382 -0.26977 -0.00296 -0.00321 0.78272 0.82135 
 0.66807 0.21894 0.17852 -0.28395 -0.26983 -0.00300 -0.00320 0.78285 0.82148 
 0.66907 0.21884 0.17840 -0.28408 -0.26989 -0.00305 -0.00319 0.78298 0.82160 
 0.67007 0.21875 0.17828 -0.28421 -0.26994 -0.00309 -0.00318 0.78311 0.82172 
 0.67107 0.21865 0.17816 -0.28434 -0.27000 -0.00314 -0.00317 0.78325 0.82184 
 0.67207 0.21855 0.17804 -0.28446 -0.27005 -0.00319 -0.00316 0.78338 0.82196 
 0.67307 0.21844 0.17792 -0.28459 -0.27011 -0.00323 -0.00315 0.78352 0.82208 
 0.67407 0.21834 0.17781 -0.28471 -0.27016 -0.00328 -0.00315 0.78366 0.82219 
 0.67507 0.21823 0.17769 -0.28483 -0.27022 -0.00333 -0.00314 0.78380 0.82231 
 0.67607 0.21812 0.17757 -0.28494 -0.27027 -0.00337 -0.00313 0.78394 0.82243 
 0.67707 0.21801 0.17745 -0.28506 -0.27032 -0.00342 -0.00312 0.78409 0.82255 
 0.67807 0.21790 0.17733 -0.28517 -0.27037 -0.00346 -0.00312 0.78423 0.82266 
 0.67907 0.21778 0.17722 -0.28528 -0.27043 -0.00351 -0.00311 0.78438 0.82278 
 0.68007 0.21766 0.17710 -0.28539 -0.27048 -0.00355 -0.00310 0.78452 0.82290 
 0.68107 0.21754 0.17698 -0.28550 -0.27053 -0.00359 -0.00310 0.78467 0.82302 
 0.68207 0.21741 0.17687 -0.28560 -0.27058 -0.00364 -0.00309 0.78482 0.82313 
 0.68307 0.21729 0.17675 -0.28570 -0.27063 -0.00368 -0.00308 0.78497 0.82325 
 0.68407 0.21716 0.17663 -0.28579 -0.27068 -0.00371 -0.00308 0.78513 0.82337 
 0.68507 0.21704 0.17652 -0.28589 -0.27072 -0.00375 -0.00307 0.78529 0.82348 
 0.68607 0.21691 0.17640 -0.28598 -0.27077 -0.00379 -0.00307 0.78545 0.82360 
 0.68707 0.21678 0.17629 -0.28608 -0.27082 -0.00383 -0.00306 0.78561 0.82371 
 0.68807 0.21665 0.17617 -0.28617 -0.27087 -0.00387 -0.00305 0.78577 0.82383 
 0.68907 0.21651 0.17606 -0.28626 -0.27092 -0.00390 -0.00305 0.78593 0.82394 
 0.69007 0.21638 0.17594 -0.28634 -0.27096 -0.00393 -0.00304 0.78610 0.82406 
 0.69107 0.21625 0.17583 -0.28643 -0.27101 -0.00396 -0.00304 0.78626 0.82417 
 0.69207 0.21611 0.17571 -0.28651 -0.27105 -0.00398 -0.00303 0.78643 0.82429 
 0.69307 0.21598 0.17560 -0.28659 -0.27110 -0.00401 -0.00303 0.78661 0.82440 
 0.69407 0.21584 0.17549 -0.28667 -0.27115 -0.00403 -0.00302 0.78678 0.82451 
 0.69507 0.21570 0.17537 -0.28675 -0.27119 -0.00406 -0.00301 0.78695 0.82463 
 0.69607 0.21556 0.17526 -0.28682 -0.27123 -0.00408 -0.00301 0.78712 0.82474 
 0.69707 0.21542 0.17515 -0.28690 -0.27128 -0.00410 -0.00300 0.78729 0.82485 
 0.69807 0.21527 0.17503 -0.28697 -0.27132 -0.00411 -0.00299 0.78746 0.82497 
 0.69907 0.21513 0.17492 -0.28704 -0.27137 -0.00413 -0.00299 0.78763 0.82508 
 0.70007 0.21498 0.17481 -0.28711 -0.27141 -0.00414 -0.00298 0.78781 0.82519 
 0.70107 0.21483 0.17470 -0.28717 -0.27145 -0.00415 -0.00297 0.78798 0.82530 
 0.70207 0.21468 0.17458 -0.28724 -0.27149 -0.00415 -0.00297 0.78815 0.82542 
 0.70307 0.21453 0.17447 -0.28730 -0.27154 -0.00416 -0.00296 0.78832 0.82553 
 0.70407 0.21438 0.17436 -0.28736 -0.27158 -0.00416 -0.00295 0.78849 0.82564 
 0.70507 0.21423 0.17425 -0.28743 -0.27162 -0.00416 -0.00294 0.78867 0.82575 
 0.70607 0.21409 0.17414 -0.28749 -0.27166 -0.00416 -0.00294 0.78884 0.82586 
 0.70707 0.21393 0.17403 -0.28755 -0.27170 -0.00416 -0.00293 0.78902 0.82597 
 0.70807 0.21378 0.17392 -0.28761 -0.27174 -0.00415 -0.00292 0.78919 0.82608 
 0.70907 0.21363 0.17381 -0.28766 -0.27178 -0.00414 -0.00291 0.78936 0.82619 
 0.71007 0.21348 0.17370 -0.28772 -0.27182 -0.00413 -0.00290 0.78953 0.82630 
 0.71107 0.21333 0.17359 -0.28777 -0.27186 -0.00412 -0.00289 0.78970 0.82641 
 0.71207 0.21318 0.17348 -0.28782 -0.27190 -0.00410 -0.00289 0.78987 0.82652 
 0.71307 0.21303 0.17337 -0.28788 -0.27194 -0.00409 -0.00288 0.79004 0.82663 
 0.71407 0.21288 0.17326 -0.28793 -0.27198 -0.00407 -0.00287 0.79021 0.82674 
 0.71507 0.21274 0.17316 -0.28799 -0.27202 -0.00405 -0.00286 0.79038 0.82684 
 0.71607 0.21259 0.17305 -0.28804 -0.27206 -0.00402 -0.00285 0.79054 0.82695 
 0.71707 0.21244 0.17294 -0.28810 -0.27210 -0.00400 -0.00284 0.79070 0.82706 
 0.71807 0.21229 0.17283 -0.28815 -0.27214 -0.00398 -0.00282 0.79087 0.82717 
 0.71907 0.21214 0.17273 -0.28820 -0.27218 -0.00395 -0.00281 0.79103 0.82727 
 0.72007 0.21200 0.17262 -0.28826 -0.27222 -0.00392 -0.00280 0.79119 0.82738 
 0.72107 0.21186 0.17252 -0.28831 -0.27226 -0.00389 -0.00279 0.79135 0.82748 
 0.72207 0.21172 0.17241 -0.28836 -0.27229 -0.00386 -0.00278 0.79151 0.82759 
 0.72307 0.21158 0.17231 -0.28842 -0.27233 -0.00383 -0.00277 0.79166 0.82769 
 0.72407 0.21144 0.17220 -0.28848 -0.27237 -0.00379 -0.00276 0.79182 0.82780 
 0.72507 0.21129 0.17210 -0.28853 -0.27241 -0.00376 -0.00274 0.79197 0.82790 
 0.72607 0.21115 0.17200 -0.28858 -0.27244 -0.00372 -0.00273 0.79212 0.82800 
 0.72707 0.21102 0.17189 -0.28864 -0.27248 -0.00369 -0.00272 0.79227 0.82810 
 0.72807 0.21088 0.17179 -0.28869 -0.27252 -0.00365 -0.00270 0.79241 0.82821 
 0.72907 0.21075 0.17169 -0.28874 -0.27256 -0.00361 -0.00269 0.79256 0.82831 
 0.73007 0.21062 0.17159 -0.28880 -0.27259 -0.00357 -0.00268 0.79270 0.82841 
 0.73107 0.21048 0.17149 -0.28886 -0.27263 -0.00353 -0.00266 0.79284 0.82851 
 0.73207 0.21035 0.17139 -0.28891 -0.27267 -0.00349 -0.00265 0.79298 0.82861 
 0.73307 0.21022 0.17129 -0.28897 -0.27270 -0.00345 -0.00264 0.79312 0.82871 
 0.73407 0.21009 0.17119 -0.28902 -0.27274 -0.00341 -0.00262 0.79326 0.82881 
 0.73507 0.20997 0.17109 -0.28908 -0.27278 -0.00336 -0.00261 0.79339 0.82891 
 0.73607 0.20984 0.17099 -0.28914 -0.27281 -0.00332 -0.00259 0.79352 0.82901 
 0.73707 0.20972 0.17090 -0.28920 -0.27285 -0.00328 -0.00258 0.79365 0.82910 
 0.73807 0.20960 0.17080 -0.28926 -0.27288 -0.00324 -0.00256 0.79378 0.82920 
 0.73907 0.20948 0.17070 -0.28932 -0.27292 -0.00319 -0.00255 0.79391 0.82930 
 0.74007 0.20936 0.17061 -0.28938 -0.27296 -0.00315 -0.00254 0.79403 0.82939 
 0.74107 0.20924 0.17051 -0.28945 -0.27299 -0.00311 -0.00252 0.79415 0.82949 
 0.74207 0.20913 0.17042 -0.28951 -0.27303 -0.00307 -0.00251 0.79427 0.82958 
 0.74307 0.20901 0.17032 -0.28957 -0.27306 -0.00302 -0.00249 0.79439 0.82968 
 0.74407 0.20890 0.17023 -0.28963 -0.27310 -0.00298 -0.00247 0.79450 0.82977 
 0.74507 0.20879 0.17014 -0.28970 -0.27313 -0.00294 -0.00246 0.79462 0.82986 
 0.74607 0.20868 0.17005 -0.28977 -0.27317 -0.00290 -0.00244 0.79473 0.82995 
 0.74707 0.20857 0.16995 -0.28983 -0.27320 -0.00286 -0.00243 0.79484 0.83005 
 0.74807 0.20846 0.16986 -0.28990 -0.27324 -0.00282 -0.00241 0.79494 0.83014 
 0.74907 0.20835 0.16977 -0.28997 -0.27327 -0.00278 -0.00240 0.79505 0.83023 
 0.75008 0.20824 0.16968 -0.29004 -0.27331 -0.00274 -0.00238 0.79516 0.83032 
 0.75108 0.20814 0.16959 -0.29011 -0.27334 -0.00270 -0.00237 0.79526 0.83041 
 0.75208 0.20803 0.16950 -0.29018 -0.27338 -0.00266 -0.00235 0.79536 0.83050 
 0.75308 0.20793 0.16942 -0.29025 -0.27341 -0.00263 -0.00234 0.79547 0.83059 
 0.75408 0.20783 0.16933 -0.29032 -0.27344 -0.00259 -0.00232 0.79556 0.83067 
 0.75508 0.20773 0.16924 -0.29039 -0.27348 -0.00256 -0.00231 0.79566 0.83076 
 0.75608 0.20764 0.16915 -0.29047 -0.27351 -0.00252 -0.00229 0.79576 0.83085 
 0.75708 0.20754 0.16907 -0.29054 -0.27355 -0.00249 -0.00228 0.79585 0.83093 
 0.75808 0.20744 0.16898 -0.29062 -0.27358 -0.00246 -0.00226 0.79594 0.83102 
 0.75908 0.20735 0.16890 -0.29070 -0.27361 -0.00243 -0.00225 0.79603 0.83110 
 0.76008 0.20726 0.16881 -0.29077 -0.27365 -0.00240 -0.00223 0.79613 0.83119 
 0.76108 0.20717 0.16873 -0.29085 -0.27368 -0.00238 -0.00222 0.79621 0.83127 
 0.76208 0.20708 0.16865 -0.29093 -0.27371 -0.00235 -0.00220 0.79630 0.83135 
 0.76308 0.20699 0.16856 -0.29101 -0.27374 -0.00232 -0.00219 0.79638 0.83144 
 0.76408 0.20690 0.16848 -0.29110 -0.27378 -0.00230 -0.00217 0.79647 0.83152 
 0.76508 0.20681 0.16840 -0.29118 -0.27381 -0.00228 -0.00216 0.79655 0.83160 
 0.76608 0.20673 0.16832 -0.29126 -0.27384 -0.00225 -0.00214 0.79663 0.83168 
 0.76708 0.20664 0.16824 -0.29134 -0.27387 -0.00223 -0.00213 0.79671 0.83176 
 0.76808 0.20656 0.16816 -0.29143 -0.27391 -0.00222 -0.00212 0.79679 0.83184 
 0.76908 0.20647 0.16808 -0.29151 -0.27394 -0.00220 -0.00210 0.79687 0.83192 
 0.77008 0.20639 0.16800 -0.29160 -0.27397 -0.00218 -0.00209 0.79695 0.83200 
 0.77108 0.20631 0.16792 -0.29168 -0.27400 -0.00217 -0.00207 0.79703 0.83208 
 0.77208 0.20623 0.16784 -0.29177 -0.27403 -0.00215 -0.00206 0.79711 0.83216 
 0.77308 0.20615 0.16777 -0.29185 -0.27406 -0.00214 -0.00205 0.79719 0.83223 
 0.77408 0.20607 0.16769 -0.29194 -0.27409 -0.00213 -0.00204 0.79727 0.83231 
 0.77508 0.20599 0.16761 -0.29203 -0.27413 -0.00212 -0.00202 0.79735 0.83239 
 0.77608 0.20591 0.16754 -0.29212 -0.27415 -0.00211 -0.00201 0.79743 0.83246 
 0.77708 0.20583 0.16746 -0.29220 -0.27419 -0.00210 -0.00200 0.79751 0.83254 
 0.77808 0.20576 0.16739 -0.29229 -0.27422 -0.00210 -0.00199 0.79758 0.83261 
 0.77908 0.20568 0.16731 -0.29238 -0.27425 -0.00209 -0.00197 0.79766 0.83269 
 0.78008 0.20560 0.16724 -0.29247 -0.27428 -0.00209 -0.00196 0.79774 0.83276 
 0.78108 0.20552 0.16716 -0.29256 -0.27431 -0.00209 -0.00195 0.79782 0.83284 
 0.78208 0.20544 0.16709 -0.29265 -0.27433 -0.00208 -0.00194 0.79790 0.83291 
 0.78308 0.20536 0.16702 -0.29274 -0.27437 -0.00208 -0.00193 0.79798 0.83298 
 0.78408 0.20528 0.16695 -0.29283 -0.27439 -0.00208 -0.00192 0.79806 0.83305 
 0.78508 0.20520 0.16687 -0.29292 -0.27442 -0.00209 -0.00190 0.79813 0.83313 
 0.78608 0.20513 0.16680 -0.29301 -0.27445 -0.00209 -0.00189 0.79821 0.83320 
 0.78708 0.20505 0.16673 -0.29310 -0.27448 -0.00209 -0.00188 0.79829 0.83327 
 0.78808 0.20497 0.16666 -0.29318 -0.27451 -0.00210 -0.00187 0.79837 0.83334 
 0.78908 0.20489 0.16659 -0.29327 -0.27454 -0.00211 -0.00186 0.79845 0.83341 
 0.79008 0.20481 0.16652 -0.29336 -0.27456 -0.00211 -0.00185 0.79853 0.83348 
 0.79108 0.20473 0.16645 -0.29345 -0.27459 -0.00213 -0.00184 0.79861 0.83355 
 0.79208 0.20465 0.16638 -0.29354 -0.27462 -0.00213 -0.00183 0.79869 0.83362 
 0.79308 0.20457 0.16631 -0.29362 -0.27465 -0.00215 -0.00182 0.79878 0.83369 
 0.79408 0.20449 0.16624 -0.29371 -0.27467 -0.00216 -0.00181 0.79886 0.83376 
 0.79508 0.20441 0.16617 -0.29379 -0.27470 -0.00217 -0.00181 0.79894 0.83383 
 0.79608 0.20433 0.16611 -0.29388 -0.27473 -0.00218 -0.00180 0.79903 0.83389 
 0.79708 0.20424 0.16604 -0.29396 -0.27475 -0.00220 -0.00179 0.79911 0.83396 
 0.79808 0.20416 0.16597 -0.29404 -0.27478 -0.00221 -0.00178 0.79920 0.83403 
 0.79908 0.20408 0.16590 -0.29413 -0.27481 -0.00223 -0.00177 0.79929 0.83410 
 0.80008 0.20399 0.16584 -0.29421 -0.27483 -0.00225 -0.00176 0.79938 0.83416 
 0.80108 0.20391 0.16577 -0.29429 -0.27486 -0.00226 -0.00175 0.79947 0.83423 
 0.80208 0.20382 0.16571 -0.29437 -0.27488 -0.00228 -0.00175 0.79956 0.83429 
 0.80308 0.20374 0.16564 -0.29445 -0.27491 -0.00230 -0.00174 0.79965 0.83436 
 0.80408 0.20365 0.16558 -0.29452 -0.27493 -0.00232 -0.00173 0.79974 0.83442 
 0.80508 0.20356 0.16551 -0.29460 -0.27496 -0.00234 -0.00172 0.79983 0.83449 
 0.80608 0.20348 0.16545 -0.29468 -0.27498 -0.00236 -0.00172 0.79993 0.83455 
 0.80708 0.20339 0.16538 -0.29475 -0.27501 -0.00238 -0.00171 0.80002 0.83462 
 0.80808 0.20330 0.16532 -0.29483 -0.27503 -0.00240 -0.00170 0.80012 0.83468 
 0.80908 0.20321 0.16525 -0.29490 -0.27506 -0.00242 -0.00169 0.80021 0.83475 
 0.81008 0.20311 0.16519 -0.29498 -0.27508 -0.00244 -0.00169 0.80031 0.83481 
 0.81108 0.20302 0.16513 -0.29505 -0.27511 -0.00246 -0.00168 0.80041 0.83487 
 0.81208 0.20293 0.16506 -0.29512 -0.27513 -0.00248 -0.00167 0.80051 0.83494 
 0.81308 0.20283 0.16500 -0.29519 -0.27515 -0.00250 -0.00167 0.80061 0.83500 
 0.81408 0.20274 0.16494 -0.29526 -0.27518 -0.00252 -0.00166 0.80071 0.83506 
 0.81508 0.20264 0.16487 -0.29532 -0.27520 -0.00254 -0.00166 0.80081 0.83513 
 0.81608 0.20255 0.16481 -0.29539 -0.27522 -0.00256 -0.00165 0.80091 0.83519 
 0.81708 0.20245 0.16475 -0.29546 -0.27525 -0.00258 -0.00164 0.80101 0.83525 
 0.81808 0.20235 0.16469 -0.29552 -0.27527 -0.00260 -0.00164 0.80112 0.83531 
 0.81908 0.20225 0.16463 -0.29559 -0.27529 -0.00262 -0.00163 0.80122 0.83537 
 0.82008 0.20215 0.16457 -0.29565 -0.27531 -0.00263 -0.00162 0.80133 0.83543 
 0.82108 0.20205 0.16450 -0.29571 -0.27533 -0.00265 -0.00162 0.80143 0.83550 
 0.82208 0.20195 0.16444 -0.29578 -0.27536 -0.00267 -0.00161 0.80154 0.83556 
 0.82308 0.20185 0.16438 -0.29584 -0.27538 -0.00268 -0.00161 0.80165 0.83562 
 0.82408 0.20175 0.16432 -0.29589 -0.27540 -0.00270 -0.00160 0.80176 0.83568 
 0.82508 0.20164 0.16426 -0.29595 -0.27542 -0.00271 -0.00159 0.80187 0.83574 
 0.82608 0.20154 0.16420 -0.29601 -0.27544 -0.00272 -0.00159 0.80197 0.83580 
 0.82708 0.20144 0.16414 -0.29606 -0.27546 -0.00273 -0.00158 0.80209 0.83586 
 0.82808 0.20133 0.16408 -0.29612 -0.27548 -0.00275 -0.00158 0.80220 0.83592 
 0.82908 0.20123 0.16402 -0.29617 -0.27550 -0.00276 -0.00157 0.80231 0.83598 
 0.83008 0.20113 0.16396 -0.29622 -0.27553 -0.00276 -0.00157 0.80242 0.83603 
 0.83108 0.20102 0.16391 -0.29627 -0.27555 -0.00277 -0.00156 0.80254 0.83609 
 0.83208 0.20092 0.16385 -0.29632 -0.27557 -0.00278 -0.00156 0.80265 0.83615 
 0.83308 0.20081 0.16379 -0.29637 -0.27559 -0.00279 -0.00155 0.80276 0.83621 
 0.83408 0.20070 0.16373 -0.29642 -0.27561 -0.00279 -0.00154 0.80288 0.83627 
 0.83508 0.20060 0.16367 -0.29647 -0.27563 -0.00280 -0.00154 0.80299 0.83633 
 0.83608 0.20049 0.16361 -0.29651 -0.27565 -0.00280 -0.00153 0.80310 0.83639 
 0.83708 0.20038 0.16356 -0.29656 -0.27567 -0.00280 -0.00153 0.80322 0.83644 
 0.83808 0.20028 0.16350 -0.29660 -0.27569 -0.00280 -0.00152 0.80333 0.83650 
 0.83908 0.20017 0.16344 -0.29665 -0.27570 -0.00280 -0.00152 0.80345 0.83656 
 0.84008 0.20007 0.16339 -0.29669 -0.27572 -0.00280 -0.00151 0.80356 0.83661 
 0.84108 0.19996 0.16333 -0.29673 -0.27574 -0.00280 -0.00150 0.80368 0.83667 
 0.84208 0.19985 0.16327 -0.29677 -0.27576 -0.00279 -0.00150 0.80379 0.83673 
 0.84308 0.19974 0.16321 -0.29681 -0.27578 -0.00279 -0.00149 0.80391 0.83679 
 0.84408 0.19964 0.16316 -0.29685 -0.27580 -0.00278 -0.00149 0.80402 0.83684 
 0.84508 0.19953 0.16310 -0.29689 -0.27582 -0.00278 -0.00148 0.80414 0.83690 
 0.84608 0.19942 0.16305 -0.29693 -0.27584 -0.00277 -0.00148 0.80425 0.83695 
 0.84708 0.19932 0.16299 -0.29697 -0.27586 -0.00276 -0.00147 0.80436 0.83701 
 0.84808 0.19921 0.16294 -0.29701 -0.27587 -0.00275 -0.00146 0.80448 0.83706 
 0.84908 0.19911 0.16288 -0.29704 -0.27589 -0.00274 -0.00146 0.80459 0.83712 
 0.85009 0.19901 0.16283 -0.29708 -0.27591 -0.00273 -0.00145 0.80470 0.83717 
 0.85109 0.19890 0.16277 -0.29712 -0.27593 -0.00272 -0.00145 0.80481 0.83723 
 0.85209 0.19880 0.16272 -0.29715 -0.27595 -0.00270 -0.00144 0.80492 0.83728 
 0.85309 0.19869 0.16266 -0.29719 -0.27597 -0.00269 -0.00143 0.80503 0.83734 
 0.85409 0.19859 0.16261 -0.29722 -0.27598 -0.00267 -0.00143 0.80514 0.83739 
 0.85509 0.19849 0.16256 -0.29726 -0.27600 -0.00266 -0.00142 0.80525 0.83744 
 0.85609 0.19839 0.16250 -0.29729 -0.27602 -0.00264 -0.00141 0.80535 0.83750 
 0.85709 0.19829 0.16245 -0.29733 -0.27604 -0.00262 -0.00141 0.80546 0.83755 
 0.85809 0.19819 0.16240 -0.29737 -0.27605 -0.00261 -0.00140 0.80557 0.83760 
 0.85909 0.19808 0.16234 -0.29740 -0.27607 -0.00259 -0.00140 0.80567 0.83766 
 0.86009 0.19798 0.16229 -0.29743 -0.27609 -0.00257 -0.00139 0.80578 0.83771 
 0.86109 0.19788 0.16224 -0.29747 -0.27610 -0.00255 -0.00138 0.80588 0.83776 
 0.86209 0.19779 0.16219 -0.29750 -0.27612 -0.00253 -0.00138 0.80598 0.83781 
 0.86309 0.19769 0.16214 -0.29754 -0.27614 -0.00250 -0.00137 0.80608 0.83786 
 0.86409 0.19759 0.16208 -0.29757 -0.27616 -0.00248 -0.00136 0.80619 0.83792 
 0.86509 0.19749 0.16203 -0.29761 -0.27617 -0.00246 -0.00136 0.80628 0.83797 
 0.86609 0.19740 0.16198 -0.29764 -0.27619 -0.00244 -0.00135 0.80638 0.83802 
 0.86709 0.19730 0.16193 -0.29768 -0.27621 -0.00241 -0.00134 0.80648 0.83807 
 0.86809 0.19721 0.16188 -0.29771 -0.27622 -0.00239 -0.00134 0.80658 0.83812 
 0.86909 0.19711 0.16183 -0.29775 -0.27624 -0.00237 -0.00133 0.80667 0.83817 
 0.87009 0.19702 0.16178 -0.29778 -0.27625 -0.00234 -0.00132 0.80676 0.83822 
 0.87109 0.19693 0.16173 -0.29782 -0.27627 -0.00232 -0.00132 0.80686 0.83827 
 0.87209 0.19684 0.16168 -0.29786 -0.27629 -0.00229 -0.00131 0.80695 0.83832 
 0.87309 0.19675 0.16163 -0.29789 -0.27630 -0.00227 -0.00130 0.80704 0.83837 
 0.87409 0.19666 0.16158 -0.29793 -0.27632 -0.00224 -0.00130 0.80713 0.83842 
 0.87509 0.19657 0.16153 -0.29797 -0.27634 -0.00222 -0.00129 0.80721 0.83847 
 0.87609 0.19648 0.16149 -0.29801 -0.27635 -0.00219 -0.00128 0.80730 0.83851 
 0.87709 0.19639 0.16144 -0.29804 -0.27637 -0.00217 -0.00128 0.80738 0.83856 
 0.87809 0.19631 0.16139 -0.29808 -0.27638 -0.00214 -0.00127 0.80747 0.83861 
 0.87909 0.19622 0.16134 -0.29812 -0.27640 -0.00212 -0.00126 0.80755 0.83866 
 0.88009 0.19614 0.16129 -0.29816 -0.27642 -0.00209 -0.00126 0.80763 0.83871 
 0.88109 0.19606 0.16125 -0.29820 -0.27643 -0.00207 -0.00125 0.80771 0.83875 
 0.88209 0.19598 0.16120 -0.29825 -0.27645 -0.00204 -0.00124 0.80779 0.83880 
 0.88309 0.19590 0.16115 -0.29829 -0.27646 -0.00202 -0.00124 0.80787 0.83885 
 0.88409 0.19582 0.16111 -0.29833 -0.27648 -0.00199 -0.00123 0.80795 0.83889 
 0.88509 0.19574 0.16106 -0.29837 -0.27649 -0.00197 -0.00122 0.80802 0.83894 
 0.88609 0.19566 0.16101 -0.29841 -0.27651 -0.00195 -0.00122 0.80810 0.83898 
 0.88709 0.19558 0.16097 -0.29846 -0.27652 -0.00193 -0.00121 0.80817 0.83903 
 0.88809 0.19551 0.16092 -0.29850 -0.27654 -0.00190 -0.00120 0.80825 0.83908 
 0.88909 0.19543 0.16088 -0.29854 -0.27655 -0.00188 -0.00120 0.80832 0.83912 
 0.89009 0.19535 0.16083 -0.29859 -0.27657 -0.00186 -0.00119 0.80839 0.83917 
 0.89109 0.19528 0.16079 -0.29863 -0.27658 -0.00184 -0.00118 0.80846 0.83921 
 0.89209 0.19521 0.16074 -0.29868 -0.27660 -0.00182 -0.00118 0.80853 0.83926 
 0.89309 0.19513 0.16070 -0.29873 -0.27661 -0.00180 -0.00117 0.80860 0.83930 
 0.89409 0.19506 0.16066 -0.29877 -0.27663 -0.00178 -0.00116 0.80867 0.83934 
 0.89509 0.19499 0.16061 -0.29882 -0.27664 -0.00176 -0.00116 0.80874 0.83939 
 0.89609 0.19492 0.16057 -0.29887 -0.27666 -0.00174 -0.00115 0.80880 0.83943 
 0.89709 0.19485 0.16053 -0.29892 -0.27667 -0.00172 -0.00114 0.80887 0.83947 
 0.89809 0.19478 0.16048 -0.29896 -0.27669 -0.00171 -0.00114 0.80893 0.83952 
 0.89909 0.19471 0.16044 -0.29901 -0.27670 -0.00169 -0.00113 0.80900 0.83956 
 0.90009 0.19464 0.16040 -0.29906 -0.27671 -0.00167 -0.00112 0.80906 0.83960 
 0.90109 0.19457 0.16036 -0.29911 -0.27673 -0.00166 -0.00112 0.80912 0.83964 
 0.90209 0.19450 0.16031 -0.29916 -0.27674 -0.00165 -0.00111 0.80919 0.83969 
 0.90309 0.19444 0.16027 -0.29921 -0.27676 -0.00163 -0.00110 0.80925 0.83973 
 0.90409 0.19437 0.16023 -0.29926 -0.27677 -0.00162 -0.00110 0.80931 0.83977 
 0.90509 0.19430 0.16019 -0.29931 -0.27679 -0.00161 -0.00109 0.80937 0.83981 
 0.90609 0.19424 0.16015 -0.29937 -0.27680 -0.00159 -0.00109 0.80943 0.83985 
 0.90709 0.19417 0.16011 -0.29942 -0.27681 -0.00158 -0.00108 0.80950 0.83989 
 0.90809 0.19411 0.16007 -0.29947 -0.27683 -0.00157 -0.00107 0.80956 0.83993 
 0.90909 0.19405 0.16003 -0.29952 -0.27684 -0.00156 -0.00107 0.80962 0.83997 
 0.91009 0.19398 0.15999 -0.29957 -0.27685 -0.00155 -0.00106 0.80968 0.84001 
 0.91109 0.19392 0.15995 -0.29962 -0.27687 -0.00155 -0.00105 0.80974 0.84005 
 0.91209 0.19386 0.15991 -0.29967 -0.27688 -0.00154 -0.00105 0.80979 0.84009 
 0.91309 0.19379 0.15987 -0.29973 -0.27689 -0.00153 -0.00104 0.80985 0.84013 
 0.91409 0.19373 0.15983 -0.29978 -0.27691 -0.00153 -0.00104 0.80991 0.84017 
 0.91509 0.19367 0.15979 -0.29983 -0.27692 -0.00152 -0.00103 0.80997 0.84021 
 0.91609 0.19360 0.15975 -0.29988 -0.27693 -0.00152 -0.00103 0.81003 0.84025 
 0.91709 0.19354 0.15971 -0.29994 -0.27695 -0.00152 -0.00102 0.81009 0.84029 
 0.91809 0.19348 0.15967 -0.29999 -0.27696 -0.00151 -0.00101 0.81015 0.84033 
 0.91909 0.19342 0.15964 -0.30004 -0.27697 -0.00151 -0.00101 0.81021 0.84036 
 0.92009 0.19335 0.15960 -0.30009 -0.27698 -0.00151 -0.00100 0.81027 0.84040 
 0.92109 0.19329 0.15956 -0.30014 -0.27700 -0.00151 -0.00100 0.81033 0.84044 
 0.92209 0.19323 0.15952 -0.30020 -0.27701 -0.00151 -0.00099 0.81039 0.84048 
 0.92309 0.19316 0.15949 -0.30025 -0.27702 -0.00151 -0.00099 0.81045 0.84051 
 0.92409 0.19310 0.15945 -0.30030 -0.27703 -0.00151 -0.00098 0.81051 0.84055 
 0.92509 0.19304 0.15941 -0.30035 -0.27705 -0.00151 -0.00098 0.81056 0.84059 
 0.92609 0.19298 0.15937 -0.30041 -0.27706 -0.00152 -0.00097 0.81062 0.84062 
 0.92709 0.19291 0.15934 -0.30046 -0.27707 -0.00152 -0.00097 0.81068 0.84066 
 0.92809 0.19285 0.15930 -0.30051 -0.27709 -0.00152 -0.00096 0.81074 0.84070 
 0.92909 0.19279 0.15927 -0.30056 -0.27710 -0.00153 -0.00096 0.81080 0.84073 
 0.93009 0.19273 0.15923 -0.30061 -0.27711 -0.00153 -0.00095 0.81086 0.84077 
 0.93109 0.19266 0.15919 -0.30067 -0.27712 -0.00154 -0.00095 0.81093 0.84081 
 0.93209 0.19260 0.15916 -0.30072 -0.27713 -0.00154 -0.00094 0.81099 0.84084 
 0.93309 0.19253 0.15912 -0.30077 -0.27714 -0.00155 -0.00094 0.81105 0.84088 
 0.93409 0.19247 0.15909 -0.30082 -0.27716 -0.00156 -0.00093 0.81111 0.84091 
 0.93509 0.19241 0.15905 -0.30087 -0.27717 -0.00156 -0.00093 0.81117 0.84095 
 0.93609 0.19234 0.15902 -0.30092 -0.27718 -0.00157 -0.00092 0.81123 0.84098 
 0.93709 0.19228 0.15898 -0.30097 -0.27719 -0.00158 -0.00092 0.81130 0.84102 
 0.93809 0.19221 0.15895 -0.30102 -0.27720 -0.00159 -0.00091 0.81136 0.84105 
 0.93909 0.19215 0.15891 -0.30107 -0.27721 -0.00159 -0.00091 0.81142 0.84109 
 0.94009 0.19208 0.15888 -0.30112 -0.27722 -0.00160 -0.00091 0.81149 0.84112 
 0.94109 0.19202 0.15885 -0.30117 -0.27724 -0.00161 -0.00090 0.81155 0.84115 
 0.94209 0.19195 0.15881 -0.30121 -0.27725 -0.00162 -0.00090 0.81161 0.84119 
 0.94309 0.19189 0.15878 -0.30126 -0.27726 -0.00163 -0.00089 0.81168 0.84122 
 0.94409 0.19182 0.15874 -0.30131 -0.27727 -0.00164 -0.00089 0.81174 0.84125 
 0.94509 0.19175 0.15871 -0.30136 -0.27728 -0.00165 -0.00088 0.81181 0.84129 
 0.94609 0.19169 0.15868 -0.30140 -0.27729 -0.00165 -0.00088 0.81187 0.84132 
 0.94709 0.19162 0.15865 -0.30145 -0.27730 -0.00166 -0.00088 0.81194 0.84135 
 0.94809 0.19155 0.15861 -0.30149 -0.27731 -0.00167 -0.00087 0.81201 0.84139 
 0.94909 0.19148 0.15858 -0.30154 -0.27732 -0.00168 -0.00087 0.81207 0.84142 
 0.95010 0.19141 0.15855 -0.30158 -0.27733 -0.00169 -0.00086 0.81214 0.84145 
 0.95110 0.19134 0.15851 -0.30163 -0.27734 -0.00170 -0.00086 0.81221 0.84149 
 0.95210 0.19127 0.15848 -0.30167 -0.27735 -0.00170 -0.00086 0.81228 0.84152 
 0.95310 0.19120 0.15845 -0.30171 -0.27736 -0.00171 -0.00085 0.81235 0.84155 
 0.95410 0.19113 0.15842 -0.30175 -0.27737 -0.00172 -0.00085 0.81242 0.84158 
 0.95510 0.19106 0.15839 -0.30180 -0.27738 -0.00173 -0.00085 0.81249 0.84161 
 0.95610 0.19099 0.15835 -0.30184 -0.27740 -0.00174 -0.00084 0.81256 0.84165 
 0.95710 0.19092 0.15832 -0.30188 -0.27741 -0.00174 -0.00084 0.81263 0.84168 
 0.95810 0.19085 0.15829 -0.30192 -0.27742 -0.00175 -0.00083 0.81270 0.84171 
 0.95910 0.19078 0.15826 -0.30196 -0.27742 -0.00176 -0.00083 0.81277 0.84174 
 0.96010 0.19071 0.15823 -0.30200 -0.27743 -0.00176 -0.00083 0.81284 0.84177 
 0.96110 0.19063 0.15820 -0.30204 -0.27744 -0.00177 -0.00082 0.81292 0.84180 
 0.96210 0.19056 0.15817 -0.30208 -0.27745 -0.00177 -0.00082 0.81299 0.84183 
 0.96310 0.19049 0.15813 -0.30211 -0.27746 -0.00178 -0.00082 0.81306 0.84186 
 0.96410 0.19042 0.15810 -0.30215 -0.27747 -0.00178 -0.00081 0.81313 0.84189 
 0.96510 0.19034 0.15807 -0.30219 -0.27748 -0.00178 -0.00081 0.81321 0.84193 
 0.96610 0.19027 0.15804 -0.30222 -0.27749 -0.00179 -0.00081 0.81328 0.84196 
 0.96710 0.19020 0.15801 -0.30226 -0.27750 -0.00179 -0.00080 0.81335 0.84199 
 0.96810 0.19013 0.15798 -0.30230 -0.27751 -0.00179 -0.00080 0.81342 0.84202 
 0.96910 0.19005 0.15795 -0.30233 -0.27752 -0.00180 -0.00079 0.81350 0.84205 
 0.97010 0.18998 0.15792 -0.30237 -0.27753 -0.00180 -0.00079 0.81357 0.84208 
 0.97110 0.18991 0.15789 -0.30240 -0.27754 -0.00180 -0.00079 0.81364 0.84211 
 0.97210 0.18983 0.15786 -0.30244 -0.27755 -0.00180 -0.00078 0.81372 0.84214 
 0.97310 0.18976 0.15783 -0.30247 -0.27756 -0.00180 -0.00078 0.81379 0.84217 
 0.97410 0.18969 0.15781 -0.30250 -0.27757 -0.00180 -0.00078 0.81386 0.84220 
 0.97510 0.18961 0.15778 -0.30254 -0.27757 -0.00179 -0.00077 0.81394 0.84222 
 0.97610 0.18954 0.15775 -0.30257 -0.27758 -0.00179 -0.00077 0.81401 0.84225 
 0.97710 0.18947 0.15772 -0.30260 -0.27759 -0.00179 -0.00077 0.81408 0.84228 
 0.97810 0.18940 0.15769 -0.30263 -0.27760 -0.00179 -0.00076 0.81416 0.84231 
 0.97910 0.18932 0.15766 -0.30266 -0.27761 -0.00178 -0.00076 0.81423 0.84234 
 0.98010 0.18925 0.15763 -0.30270 -0.27762 -0.00178 -0.00076 0.81430 0.84237 
 0.98110 0.18918 0.15760 -0.30273 -0.27763 -0.00177 -0.00075 0.81437 0.84240 
 0.98210 0.18911 0.15757 -0.30276 -0.27764 -0.00176 -0.00075 0.81445 0.84242 
 0.98310 0.18903 0.15755 -0.30279 -0.27764 -0.00176 -0.00075 0.81452 0.84245 
 0.98410 0.18896 0.15752 -0.30282 -0.27765 -0.00175 -0.00074 0.81459 0.84248 
 0.98510 0.18889 0.15749 -0.30285 -0.27766 -0.00174 -0.00074 0.81466 0.84251 
 0.98610 0.18882 0.15746 -0.30288 -0.27767 -0.00173 -0.00074 0.81473 0.84254 
 0.98710 0.18875 0.15743 -0.30291 -0.27768 -0.00173 -0.00073 0.81480 0.84257 
 0.98810 0.18868 0.15741 -0.30294 -0.27769 -0.00172 -0.00073 0.81487 0.84259 
 0.98910 0.18861 0.15738 -0.30297 -0.27769 -0.00171 -0.00073 0.81494 0.84262 
 0.99010 0.18854 0.15735 -0.30300 -0.27770 -0.00169 -0.00072 0.81501 0.84265 
 0.99110 0.18847 0.15732 -0.30303 -0.27771 -0.00168 -0.00072 0.81508 0.84267 
 0.99210 0.18840 0.15730 -0.30306 -0.27772 -0.00167 -0.00072 0.81515 0.84270 
 0.99310 0.18834 0.15727 -0.30309 -0.27773 -0.00166 -0.00071 0.81522 0.84273 
 0.99410 0.18827 0.15724 -0.30312 -0.27773 -0.00165 -0.00071 0.81528 0.84276 
 0.99510 0.18820 0.15722 -0.30315 -0.27774 -0.00163 -0.00071 0.81535 0.84278 
 0.99610 0.18814 0.15719 -0.30317 -0.27775 -0.00162 -0.00070 0.81542 0.84281 
 0.99710 0.18807 0.15716 -0.30320 -0.27776 -0.00160 -0.00070 0.81548 0.84284 
 0.99810 0.18800 0.15714 -0.30323 -0.27777 -0.00159 -0.00070 0.81555 0.84286 
 0.99910 0.18794 0.15711 -0.30326 -0.27777 -0.00158 -0.00069 0.81561 0.84289 
