 0.00000 1.00000 1.00000 0.00000 0.00000 0.00000 0.00000 0.00000 0.00000 
 0.00100 0.99965 0.99965 0.00031 0.00031 -0.01882 -0.01882 0.00035 0.00035 
 0.00200 0.99858 0.99858 0.00123 0.00123 -0.03755 -0.03755 0.00142 0.00142 
 0.00300 0.99682 0.99682 0.00275 0.00275 -0.05610 -0.05610 0.00318 0.00318 
 0.00400 0.99436 0.99436 0.00485 0.00485 -0.07440 -0.07440 0.00564 0.00564 
 0.00500 0.99122 0.99122 0.00750 0.00750 -0.09238 -0.09238 0.00878 0.00878 
 0.00600 0.98740 0.98740 0.01069 0.01069 -0.10995 -0.10995 0.01260 0.01260 
 0.00700 0.98294 0.98294 0.01438 0.01438 -0.12705 -0.12705 0.01706 0.01706 
 0.00800 0.97784 0.97784 0.01853 0.01853 -0.14361 -0.14361 0.02216 0.02216 
 0.00900 0.97213 0.97213 0.02312 0.02312 -0.15959 -0.15959 0.02788 0.02788 
 0.01000 0.96582 0.96582 0.02809 0.02809 -0.17491 -0.17491 0.03418 0.03418 
 0.01100 0.95896 0.95896 0.03342 0.03342 -0.18953 -0.18953 0.04104 0.04104 
 0.01200 0.95155 0.95155 0.03905 0.03905 -0.20341 -0.20341 0.04845 0.04845 
 0.01300 0.94364 0.94364 0.04495 0.04495 -0.21651 -0.21651 0.05636 0.05636 
 0.01400 0.93525 0.93525 0.05106 0.05106 -0.22879 -0.22879 0.06475 0.06475 
 0.01500 0.92641 0.92641 0.05735 0.05735 -0.24023 -0.24023 0.07359 0.07359 
 0.01600 0.91716 0.91716 0.06377 0.06377 -0.25080 -0.25080 0.08284 0.08284 
 0.01700 0.90753 0.90753 0.07028 0.07028 -0.26048 -0.26048 0.09248 0.09248 
 0.01800 0.89754 0.89754 0.07683 0.07683 -0.26927 -0.26927 0.10246 0.10246 
 0.01900 0.88725 0.88725 0.08338 0.08338 -0.27715 -0.27715 0.11275 0.11275 
 0.02000 0.87667 0.87667 0.08988 0.08988 -0.28412 -0.28412 0.12333 0.12333 
 0.02100 0.86585 0.86585 0.09631 0.09631 -0.29019 -0.29019 0.13415 0.13415 
 0.02200 0.85482 0.85482 0.10262 0.10262 -0.29535 -0.29535 0.14518 0.14518 
 0.02300 0.84361 0.84361 0.10877 0.10877 -0.29963 -0.29963 0.15639 0.15639 
 0.02400 0.83225 0.83225 0.11474 0.11474 -0.30303 -0.30303 0.16775 0.16775 
 0.02500 0.82079 0.82079 0.12049 0.12049 -0.30558 -0.30558 0.17921 0.17921 
 0.02600 0.80924 0.80924 0.12599 0.12599 -0.30729 -0.30729 0.19076 0.19076 
 0.02700 0.79765 0.79765 0.13123 0.13123 -0.30818 -0.30818 0.20236 0.20236 
 0.02800 0.78603 0.78603 0.13617 0.13617 -0.30829 -0.30829 0.21397 0.21397 
 0.02900 0.77443 0.77443 0.14080 0.14080 -0.30765 -0.30765 0.22557 0.22557 
 0.03000 0.76286 0.76286 0.14510 0.14510 -0.30628 -0.30628 0.23714 0.23714 
 0.03100 0.75136 0.75136 0.14906 0.14906 -0.30422 -0.30422 0.24864 0.24864 
 0.03200 0.73995 0.73995 0.15267 0.15267 -0.30149 -0.30149 0.26005 0.26005 
 0.03300 0.72865 0.72865 0.15591 0.15591 -0.29815 -0.29815 0.27135 0.27135 
 0.03400 0.71749 0.71749 0.15879 0.15879 -0.29421 -0.29421 0.28251 0.28251 
 0.03500 0.70649 0.70649 0.16130 0.16130 -0.28973 -0.28973 0.29351 0.29351 
 0.03600 0.69567 0.69567 0.16343 0.16343 -0.28473 -0.28473 0.30433 0.30433 
 0.03700 0.68504 0.68504 0.16520 0.16520 -0.27925 -0.27925 0.31496 0.31496 
 0.03800 0.67463 0.67463 0.16659 0.16659 -0.27333 -0.27333 0.32537 0.32537 
 0.03900 0.66445 0.66445 0.16763 0.16763 -0.26700 -0.26700 0.33555 0.33555 
 0.04000 0.65452 0.65452 0.16831 0.16831 -0.26031 -0.26031 0.34548 0.34548 
 0.04100 0.64484 0.64484 0.16864 0.16864 -0.25328 -0.25328 0.35516 0.35516 
 0.04200 0.63544 0.63544 0.16863 0.16863 -0.24595 -0.24595 0.36456 0.36456 
 0.04300 0.62631 0.62631 0.16830 0.16830 -0.23836 -0.23836 0.37369 0.37369 
 0.04400 0.61748 0.61748 0.16766 0.16766 -0.23053 -0.23053 0.38252 0.38252 
 0.04500 0.60895 0.60895 0.16671 0.16671 -0.22250 -0.22250 0.39105 0.39105 
 0.04600 0.60072 0.60072 0.16548 0.16548 -0.21430 -0.21430 0.39928 0.39928 
 0.04700 0.59280 0.59280 0.16398 0.16398 -0.20595 -0.20595 0.40720 0.40720 
 0.04800 0.58520 0.58520 0.16222 0.16222 -0.19749 -0.19749 0.41480 0.41480 
 0.04900 0.57792 0.57792 0.16023 0.16023 -0.18894 -0.18894 0.42208 0.42208 
 0.05001 0.57097 0.57097 0.15800 0.15800 -0.18033 -0.18033 0.42903 0.42903 
 0.05101 0.56434 0.56434 0.15557 0.15557 -0.17167 -0.17167 0.43566 0.43566 
 0.05201 0.55803 0.55803 0.15294 0.15294 -0.16301 -0.16301 0.44197 0.44197 
 0.05301 0.55205 0.55205 0.15014 0.15014 -0.15434 -0.15434 0.44794 0.44794 
 0.05401 0.54640 0.54640 0.14718 0.14718 -0.14571 -0.14571 0.45360 0.45360 
 0.05501 0.54108 0.54108 0.14407 0.14407 -0.13711 -0.13711 0.45892 0.45892 
 0.05601 0.53607 0.53607 0.14083 0.14083 -0.12859 -0.12859 0.46393 0.46393 
 0.05701 0.53139 0.53139 0.13747 0.13747 -0.12014 -0.12014 0.46861 0.46861 
 0.05801 0.52702 0.52702 0.13401 0.13401 -0.11178 -0.11178 0.47298 0.47298 
 0.05901 0.52296 0.52296 0.13047 0.13047 -0.10354 -0.10354 0.47704 0.47704 
 0.06001 0.51922 0.51922 0.12684 0.12684 -0.09542 -0.09542 0.48078 0.48078 
 0.06101 0.51577 0.51577 0.12316 0.12316 -0.08744 -0.08744 0.48423 0.48423 
 0.06201 0.51263 0.51263 0.11943 0.11943 -0.07961 -0.07961 0.48737 0.48737 
 0.06301 0.50977 0.50977 0.11565 0.11565 -0.07194 -0.07194 0.49023 0.49023 
 0.06401 0.50720 0.50720 0.11185 0.11185 -0.06443 -0.06443 0.49280 0.49280 
 0.06501 0.50492 0.50492 0.10803 0.10803 -0.05711 -0.05711 0.49508 0.49508 
 0.06601 0.50290 0.50290 0.10420 0.10420 -0.04998 -0.04998 0.49710 0.49710 
 0.06701 0.50115 0.50115 0.10038 0.10038 -0.04304 -0.04304 0.49885 0.49885 
 0.06801 0.49965 0.49965 0.09656 0.09656 -0.03630 -0.03630 0.50035 0.50035 
 0.06901 0.49841 0.49841 0.09276 0.09276 -0.02978 -0.02978 0.50159 0.50159 
 0.07001 0.49741 0.49741 0.08898 0.08898 -0.02347 -0.02347 0.50259 0.50259 
 0.07101 0.49664 0.49664 0.08524 0.08524 -0.01738 -0.01738 0.50336 0.50336 
 0.07201 0.49610 0.49610 0.08153 0.08153 -0.01151 -0.01151 0.50391 0.50391 
 0.07301 0.49577 0.49577 0.07787 0.07787 -0.00588 -0.00588 0.50423 0.50423 
 0.07401 0.49565 0.49565 0.07425 0.07425 -0.00048 -0.00048 0.50435 0.50435 
 0.07501 0.49573 0.49573 0.07069 0.07069 0.00469 0.00469 0.50427 0.50427 
 0.07601 0.49600 0.49600 0.06718 0.06718 0.00961 0.00961 0.50400 0.50400 
 0.07701 0.49645 0.49645 0.06373 0.06373 0.01429 0.01429 0.50355 0.50355 
 0.07801 0.49707 0.49707 0.06035 0.06035 0.01873 0.01873 0.50293 0.50293 
 0.07901 0.49786 0.49786 0.05704 0.05704 0.02293 0.02293 0.50214 0.50214 
 0.08001 0.49880 0.49880 0.05379 0.05379 0.02688 0.02688 0.50120 0.50120 
 0.08101 0.49988 0.49988 0.05061 0.05061 0.03058 0.03058 0.50012 0.50012 
 0.08201 0.50110 0.50110 0.04751 0.04751 0.03404 0.03404 0.49890 0.49890 
 0.08301 0.50244 0.50244 0.04448 0.04448 0.03725 0.03725 0.49756 0.49756 
 0.08401 0.50390 0.50390 0.04153 0.04153 0.04021 0.04021 0.49610 0.49610 
 0.08501 0.50547 0.50547 0.03866 0.03866 0.04294 0.04294 0.49453 0.49453 
 0.08601 0.50713 0.50713 0.03586 0.03586 0.04542 0.04542 0.49287 0.49287 
 0.08701 0.50889 0.50889 0.03315 0.03315 0.04765 0.04765 0.49111 0.49111 
 0.08801 0.51072 0.51072 0.03051 0.03051 0.04965 0.04965 0.48928 0.48928 
 0.08901 0.51262 0.51262 0.02795 0.02795 0.05142 0.05142 0.48738 0.48738 
 0.09001 0.51459 0.51459 0.02547 0.02547 0.05295 0.05295 0.48541 0.48541 
 0.09101 0.51661 0.51661 0.02307 0.02307 0.05425 0.05425 0.48339 0.48339 
 0.09201 0.51868 0.51868 0.02075 0.02075 0.05533 0.05533 0.48132 0.48132 
 0.09301 0.52078 0.52078 0.01850 0.01850 0.05618 0.05618 0.47922 0.47922 
 0.09401 0.52291 0.52291 0.01634 0.01634 0.05681 0.05681 0.47709 0.47709 
 0.09501 0.52506 0.52506 0.01425 0.01425 0.05723 0.05723 0.47494 0.47494 
 0.09601 0.52722 0.52722 0.01223 0.01223 0.05745 0.05745 0.47278 0.47278 
 0.09701 0.52938 0.52938 0.01029 0.01029 0.05745 0.05745 0.47062 0.47062 
 0.09801 0.53154 0.53154 0.00843 0.00843 0.05726 0.05726 0.46846 0.46846 
 0.09901 0.53369 0.53369 0.00664 0.00664 0.05687 0.05687 0.46631 0.46631 
 0.10001 0.53583 0.53583 0.00492 0.00492 0.05630 0.05630 0.46417 0.46417 
 0.10101 0.53793 0.53793 0.00327 0.00327 0.05555 0.05555 0.46207 0.46207 
 0.10201 0.54001 0.54001 0.00168 0.00168 0.05462 0.05462 0.45999 0.45999 
 0.10301 0.54205 0.54205 0.00017 0.00017 0.05352 0.05352 0.45795 0.45795 
 0.10401 0.54404 0.54404 -0.00128 -0.00128 0.05225 0.05225 0.45596 0.45596 
 0.10501 0.54598 0.54598 -0.00266 -0.00266 0.05084 0.05084 0.45402 0.45402 
 0.10601 0.54787 0.54787 -0.00398 -0.00398 0.04927 0.04927 0.45213 0.45213 
 0.10701 0.54969 0.54969 -0.00524 -0.00524 0.04756 0.04756 0.45031 0.45031 
 0.10801 0.55145 0.55145 -0.00644 -0.00644 0.04572 0.04572 0.44855 0.44855 
 0.10901 0.55314 0.55314 -0.00758 -0.00758 0.04375 0.04375 0.44687 0.44687 
 0.11001 0.55475 0.55475 -0.00866 -0.00866 0.04166 0.04166 0.44526 0.44526 
 0.11101 0.55627 0.55627 -0.00969 -0.00969 0.03946 0.03946 0.44373 0.44373 
 0.11201 0.55772 0.55772 -0.01067 -0.01067 0.03716 0.03716 0.44228 0.44228 
 0.11301 0.55907 0.55907 -0.01160 -0.01160 0.03476 0.03476 0.44093 0.44093 
 0.11401 0.56033 0.56033 -0.01247 -0.01247 0.03226 0.03226 0.43967 0.43967 
 0.11501 0.56150 0.56150 -0.01330 -0.01330 0.02969 0.02969 0.43850 0.43850 
 0.11601 0.56257 0.56257 -0.01408 -0.01408 0.02705 0.02705 0.43743 0.43743 
 0.11701 0.56354 0.56354 -0.01482 -0.01482 0.02434 0.02434 0.43646 0.43646 
 0.11801 0.56440 0.56440 -0.01552 -0.01552 0.02157 0.02157 0.43560 0.43560 
 0.11901 0.56516 0.56516 -0.01617 -0.01617 0.01875 0.01875 0.43484 0.43484 
 0.12001 0.56581 0.56581 -0.01679 -0.01679 0.01588 0.01588 0.43418 0.43418 
 0.12101 0.56636 0.56636 -0.01737 -0.01737 0.01299 0.01299 0.43364 0.43364 
 0.12201 0.56679 0.56679 -0.01792 -0.01792 0.01006 0.01006 0.43321 0.43321 
 0.12301 0.56712 0.56712 -0.01843 -0.01843 0.00711 0.00711 0.43288 0.43288 
 0.12401 0.56733 0.56733 -0.01892 -0.01892 0.00415 0.00415 0.43267 0.43267 
 0.12501 0.56743 0.56743 -0.01937 -0.01937 0.00119 0.00119 0.43257 0.43257 
 0.12601 0.56742 0.56742 -0.01980 -0.01980 -0.00178 -0.00178 0.43258 0.43258 
 0.12701 0.56730 0.56730 -0.02020 -0.02020 -0.00473 -0.00473 0.43270 0.43270 
 0.12801 0.56706 0.56706 -0.02057 -0.02057 -0.00768 -0.00768 0.43294 0.43294 
 0.12901 0.56672 0.56672 -0.02093 -0.02093 -0.01060 -0.01060 0.43328 0.43328 
 0.13001 0.56626 0.56626 -0.02127 -0.02127 -0.01349 -0.01349 0.43374 0.43374 
 0.13101 0.56570 0.56570 -0.02158 -0.02158 -0.01635 -0.01635 0.43430 0.43430 
 0.13201 0.56503 0.56503 -0.02188 -0.02188 -0.01918 -0.01918 0.43497 0.43497 
 0.13301 0.56426 0.56426 -0.02217 -0.02217 -0.02195 -0.02195 0.43574 0.43574 
 0.13401 0.56338 0.56338 -0.02244 -0.02244 -0.02468 -0.02468 0.43662 0.43662 
 0.13501 0.56240 0.56240 -0.02270 -0.02270 -0.02735 -0.02735 0.43760 0.43760 
 0.13601 0.56132 0.56132 -0.02296 -0.02296 -0.02996 -0.02996 0.43868 0.43868 
 0.13701 0.56014 0.56014 -0.02320 -0.02320 -0.03250 -0.03250 0.43986 0.43986 
 0.13801 0.55887 0.55887 -0.02344 -0.02344 -0.03498 -0.03498 0.44113 0.44113 
 0.13901 0.55751 0.55751 -0.02367 -0.02367 -0.03738 -0.03738 0.44249 0.44249 
 0.14001 0.55606 0.55606 -0.02390 -0.02390 -0.03970 -0.03970 0.44394 0.44394 
 0.14101 0.55452 0.55452 -0.02413 -0.02413 -0.04194 -0.04194 0.44548 0.44548 
 0.14201 0.55290 0.55290 -0.02435 -0.02435 -0.04410 -0.04410 0.44710 0.44710 
 0.14301 0.55120 0.55120 -0.02458 -0.02458 -0.04617 -0.04617 0.44880 0.44880 
 0.14401 0.54942 0.54942 -0.02481 -0.02481 -0.04814 -0.04814 0.45058 0.45058 
 0.14501 0.54757 0.54757 -0.02504 -0.02504 -0.05002 -0.05002 0.45243 0.45243 
 0.14601 0.54565 0.54565 -0.02528 -0.02528 -0.05181 -0.05181 0.45435 0.45435 
 0.14701 0.54367 0.54367 -0.02552 -0.02552 -0.05350 -0.05350 0.45633 0.45633 
 0.14801 0.54162 0.54162 -0.02577 -0.02577 -0.05508 -0.05508 0.45838 0.45838 
 0.14901 0.53952 0.53952 -0.02603 -0.02603 -0.05656 -0.05656 0.46048 0.46048 
 0.15002 0.53736 0.53736 -0.02630 -0.02630 -0.05795 -0.05795 0.46264 0.46264 
 0.15102 0.53515 0.53515 -0.02658 -0.02658 -0.05922 -0.05922 0.46485 0.46485 
 0.15202 0.53290 0.53290 -0.02688 -0.02688 -0.06039 -0.06039 0.46710 0.46710 
 0.15302 0.53060 0.53060 -0.02718 -0.02718 -0.06146 -0.06146 0.46940 0.46940 
 0.15402 0.52827 0.52827 -0.02750 -0.02750 -0.06242 -0.06242 0.47173 0.47173 
 0.15502 0.52590 0.52590 -0.02783 -0.02783 -0.06327 -0.06327 0.47410 0.47410 
 0.15602 0.52350 0.52350 -0.02818 -0.02818 -0.06402 -0.06402 0.47650 0.47650 
 0.15702 0.52108 0.52108 -0.02854 -0.02854 -0.06466 -0.06466 0.47892 0.47892 
 0.15802 0.51863 0.51863 -0.02892 -0.02892 -0.06520 -0.06520 0.48137 0.48137 
 0.15902 0.51617 0.51617 -0.02931 -0.02931 -0.06564 -0.06564 0.48383 0.48383 
 0.16002 0.51369 0.51369 -0.02973 -0.02973 -0.06597 -0.06597 0.48631 0.48631 
 0.16102 0.51120 0.51120 -0.03016 -0.03016 -0.06620 -0.06620 0.48880 0.48880 
 0.16202 0.50870 0.50870 -0.03061 -0.03061 -0.06633 -0.06633 0.49130 0.49130 
 0.16302 0.50620 0.50620 -0.03108 -0.03108 -0.06637 -0.06637 0.49380 0.49380 
 0.16402 0.50370 0.50370 -0.03157 -0.03157 -0.06630 -0.06630 0.49630 0.49630 
 0.16502 0.50121 0.50121 -0.03208 -0.03208 -0.06615 -0.06615 0.49879 0.49879 
 0.16602 0.49872 0.49872 -0.03261 -0.03261 -0.06590 -0.06590 0.50128 0.50128 
 0.16702 0.49624 0.49624 -0.03316 -0.03316 -0.06556 -0.06556 0.50375 0.50375 
 0.16802 0.49378 0.49378 -0.03373 -0.03373 -0.06514 -0.06514 0.50622 0.50622 
 0.16902 0.49134 0.49134 -0.03432 -0.03432 -0.06463 -0.06463 0.50866 0.50866 
 0.17002 0.48891 0.48891 -0.03493 -0.03493 -0.06404 -0.06404 0.51109 0.51109 
 0.17102 0.48651 0.48651 -0.03556 -0.03556 -0.06338 -0.06338 0.51349 0.51349 
 0.17202 0.48414 0.48414 -0.03621 -0.03621 -0.06264 -0.06264 0.51586 0.51586 
 0.17302 0.48179 0.48179 -0.03688 -0.03688 -0.06182 -0.06182 0.51821 0.51821 
 0.17402 0.47948 0.47948 -0.03757 -0.03757 -0.06094 -0.06094 0.52052 0.52052 
 0.17502 0.47720 0.47720 -0.03828 -0.03828 -0.05999 -0.05999 0.52280 0.52280 
 0.17602 0.47496 0.47496 -0.03902 -0.03902 -0.05899 -0.05899 0.52504 0.52504 
 0.17702 0.47276 0.47276 -0.03977 -0.03977 -0.05792 -0.05792 0.52724 0.52724 
 0.17802 0.47060 0.47060 -0.04054 -0.04054 -0.05680 -0.05680 0.52940 0.52940 
 0.17902 0.46848 0.46848 -0.04133 -0.04133 -0.05563 -0.05563 0.53152 0.53152 
 0.18002 0.46641 0.46641 -0.04213 -0.04213 -0.05441 -0.05441 0.53359 0.53359 
 0.18102 0.46438 0.46438 -0.04296 -0.04296 -0.05314 -0.05314 0.53562 0.53562 
 0.18202 0.46241 0.46241 -0.04380 -0.04380 -0.05184 -0.05184 0.53760 0.53760 
 0.18302 0.46048 0.46048 -0.04466 -0.04466 -0.05050 -0.05050 0.53952 0.53952 
 0.18402 0.45860 0.45860 -0.04554 -0.04554 -0.04913 -0.04913 0.54140 0.54140 
 0.18502 0.45678 0.45678 -0.04643 -0.04643 -0.04772 -0.04772 0.54322 0.54322 
 0.18602 0.45500 0.45500 -0.04733 -0.04733 -0.04630 -0.04630 0.54500 0.54500 
 0.18702 0.45329 0.45329 -0.04826 -0.04826 -0.04485 -0.04485 0.54671 0.54671 
 0.18802 0.45163 0.45163 -0.04919 -0.04919 -0.04338 -0.04338 0.54837 0.54837 
 0.18902 0.45002 0.45002 -0.05014 -0.05014 -0.04190 -0.04190 0.54998 0.54998 
 0.19002 0.44847 0.44847 -0.05110 -0.05110 -0.04041 -0.04041 0.55153 0.55153 
 0.19102 0.44698 0.44698 -0.05207 -0.05207 -0.03890 -0.03890 0.55302 0.55302 
 0.19202 0.44554 0.44554 -0.05306 -0.05306 -0.03740 -0.03740 0.55446 0.55446 
 0.19302 0.44416 0.44416 -0.05405 -0.05405 -0.03589 -0.03589 0.55584 0.55584 
 0.19402 0.44283 0.44283 -0.05506 -0.05506 -0.03439 -0.03439 0.55717 0.55717 
 0.19502 0.44157 0.44157 -0.05607 -0.05607 -0.03289 -0.03289 0.55843 0.55843 
 0.19602 0.44036 0.44036 -0.05709 -0.05709 -0.03140 -0.03140 0.55964 0.55964 
 0.19702 0.43920 0.43920 -0.05812 -0.05812 -0.02992 -0.02992 0.56080 0.56080 
 0.19802 0.43810 0.43810 -0.05915 -0.05915 -0.02846 -0.02846 0.56190 0.56190 
 0.19902 0.43706 0.43706 -0.06019 -0.06019 -0.02701 -0.02701 0.56294 0.56294 
 0.20002 0.43629 0.43606 -0.06210 -0.06124 -0.02582 -0.02558 0.56317 0.56393 
 0.20102 0.43586 0.43513 -0.06324 -0.06229 -0.02428 -0.02418 0.56408 0.56487 
 0.20202 0.43498 0.43424 -0.06431 -0.06334 -0.02293 -0.02280 0.56490 0.56576 
 0.20302 0.43411 0.43341 -0.06510 -0.06440 -0.02151 -0.02145 0.56588 0.56659 
 0.20402 0.43346 0.43263 -0.06595 -0.06545 -0.01999 -0.02013 0.56702 0.56737 
 0.20502 0.43274 0.43189 -0.06687 -0.06651 -0.01841 -0.01884 0.56803 0.56811 
 0.20602 0.43199 0.43121 -0.06775 -0.06757 -0.01697 -0.01758 0.56903 0.56879 
 0.20702 0.43121 0.43057 -0.06871 -0.06862 -0.01558 -0.01636 0.56973 0.56943 
 0.20802 0.43057 0.42997 -0.06991 -0.06968 -0.01438 -0.01517 0.57040 0.57003 
 0.20902 0.43002 0.42942 -0.07107 -0.07073 -0.01311 -0.01403 0.57098 0.57058 
 0.21002 0.42951 0.42892 -0.07224 -0.07178 -0.01187 -0.01292 0.57149 0.57108 
 0.21102 0.42918 0.42845 -0.07336 -0.07283 -0.01061 -0.01186 0.57190 0.57155 
 0.21202 0.42884 0.42802 -0.07453 -0.07387 -0.00945 -0.01084 0.57228 0.57198 
 0.21302 0.42836 0.42763 -0.07548 -0.07491 -0.00841 -0.00986 0.57265 0.57237 
 0.21402 0.42790 0.42728 -0.07651 -0.07594 -0.00749 -0.00893 0.57274 0.57272 
 0.21502 0.42765 0.42696 -0.07759 -0.07696 -0.00663 -0.00804 0.57309 0.57304 
 0.21602 0.42743 0.42667 -0.07868 -0.07798 -0.00587 -0.00720 0.57349 0.57333 
 0.21702 0.42711 0.42642 -0.07947 -0.07899 -0.00513 -0.00641 0.57399 0.57358 
 0.21802 0.42703 0.42619 -0.08034 -0.07999 -0.00449 -0.00567 0.57457 0.57381 
 0.21902 0.42695 0.42599 -0.08115 -0.08099 -0.00386 -0.00498 0.57497 0.57401 
 0.22002 0.42660 0.42581 -0.08202 -0.08197 -0.00334 -0.00433 0.57518 0.57419 
 0.22102 0.42617 0.42566 -0.08283 -0.08294 -0.00281 -0.00373 0.57515 0.57434 
 0.22202 0.42587 0.42553 -0.08380 -0.08391 -0.00250 -0.00318 0.57514 0.57447 
 0.22302 0.42572 0.42542 -0.08473 -0.08486 -0.00212 -0.00268 0.57506 0.57458 
 0.22402 0.42558 0.42533 -0.08576 -0.08580 -0.00160 -0.00223 0.57510 0.57467 
 0.22502 0.42554 0.42525 -0.08677 -0.08673 -0.00097 -0.00182 0.57527 0.57475 
 0.22602 0.42571 0.42519 -0.08778 -0.08765 -0.00039 -0.00146 0.57541 0.57481 
 0.22702 0.42570 0.42514 -0.08871 -0.08856 0.00000 -0.00115 0.57535 0.57486 
 0.22802 0.42557 0.42510 -0.08960 -0.08945 0.00046 -0.00089 0.57525 0.57490 
 0.22902 0.42543 0.42507 -0.09044 -0.09033 0.00085 -0.00067 0.57525 0.57493 
 0.23002 0.42529 0.42505 -0.09116 -0.09120 0.00124 -0.00050 0.57527 0.57495 
 0.23102 0.42528 0.42504 -0.09182 -0.09205 0.00137 -0.00037 0.57518 0.57496 
 0.23202 0.42539 0.42502 -0.09243 -0.09289 0.00153 -0.00029 0.57509 0.57498 
 0.23302 0.42551 0.42501 -0.09308 -0.09372 0.00177 -0.00024 0.57499 0.57499 
 0.23402 0.42550 0.42501 -0.09396 -0.09453 0.00187 -0.00024 0.57500 0.57500 
 0.23502 0.42536 0.42500 -0.09479 -0.09533 0.00185 -0.00028 0.57482 0.57500 
 0.23602 0.42526 0.42498 -0.09556 -0.09612 0.00186 -0.00036 0.57472 0.57502 
 0.23702 0.42536 0.42497 -0.09634 -0.09689 0.00172 -0.00047 0.57458 0.57503 
 0.23802 0.42545 0.42495 -0.09708 -0.09764 0.00149 -0.00062 0.57462 0.57505 
 0.23902 0.42559 0.42492 -0.09793 -0.09839 0.00123 -0.00081 0.57456 0.57508 
 0.24002 0.42578 0.42489 -0.09875 -0.09912 0.00090 -0.00102 0.57458 0.57511 
 0.24102 0.42583 0.42484 -0.09963 -0.09983 0.00064 -0.00128 0.57456 0.57516 
 0.24202 0.42577 0.42479 -0.10060 -0.10053 0.00035 -0.00156 0.57457 0.57521 
 0.24302 0.42567 0.42473 -0.10146 -0.10122 0.00022 -0.00187 0.57437 0.57527 
 0.24402 0.42567 0.42465 -0.10238 -0.10189 0.00007 -0.00220 0.57410 0.57535 
 0.24502 0.42581 0.42456 -0.10326 -0.10255 0.00000 -0.00256 0.57402 0.57544 
 0.24602 0.42594 0.42446 -0.10411 -0.10319 -0.00017 -0.00295 0.57413 0.57554 
 0.24702 0.42605 0.42434 -0.10496 -0.10383 -0.00049 -0.00336 0.57433 0.57566 
 0.24802 0.42616 0.42420 -0.10567 -0.10444 -0.00083 -0.00379 0.57446 0.57580 
 0.24902 0.42629 0.42405 -0.10636 -0.10505 -0.00131 -0.00424 0.57446 0.57595 
 0.25003 0.42643 0.42388 -0.10700 -0.10564 -0.00168 -0.00470 0.57470 0.57612 
 0.25103 0.42656 0.42370 -0.10762 -0.10622 -0.00204 -0.00518 0.57488 0.57630 
 0.25203 0.42655 0.42349 -0.10822 -0.10679 -0.00247 -0.00568 0.57517 0.57651 
 0.25303 0.42660 0.42327 -0.10877 -0.10735 -0.00289 -0.00619 0.57534 0.57673 
 0.25403 0.42651 0.42303 -0.10915 -0.10790 -0.00344 -0.00671 0.57558 0.57697 
 0.25503 0.42626 0.42276 -0.10971 -0.10843 -0.00407 -0.00724 0.57582 0.57724 
 0.25603 0.42605 0.42248 -0.11022 -0.10895 -0.00471 -0.00777 0.57594 0.57752 
 0.25703 0.42580 0.42218 -0.11073 -0.10947 -0.00514 -0.00831 0.57605 0.57782 
 0.25803 0.42537 0.42185 -0.11124 -0.10997 -0.00562 -0.00886 0.57622 0.57815 
 0.25903 0.42494 0.42151 -0.11176 -0.11046 -0.00618 -0.00941 0.57645 0.57849 
 0.26003 0.42442 0.42114 -0.11221 -0.11094 -0.00674 -0.00996 0.57669 0.57886 
 0.26103 0.42405 0.42076 -0.11260 -0.11142 -0.00725 -0.01051 0.57692 0.57924 
 0.26203 0.42378 0.42035 -0.11317 -0.11188 -0.00786 -0.01106 0.57725 0.57965 
 0.26303 0.42349 0.41993 -0.11374 -0.11234 -0.00844 -0.01161 0.57758 0.58007 
 0.26403 0.42307 0.41948 -0.11429 -0.11279 -0.00909 -0.01215 0.57794 0.58052 
 0.26503 0.42284 0.41901 -0.11480 -0.11323 -0.00962 -0.01269 0.57822 0.58099 
 0.26603 0.42245 0.41852 -0.11536 -0.11366 -0.01027 -0.01322 0.57850 0.58148 
 0.26703 0.42204 0.41801 -0.11595 -0.11409 -0.01091 -0.01375 0.57884 0.58199 
 0.26803 0.42156 0.41749 -0.11641 -0.11451 -0.01140 -0.01426 0.57922 0.58251 
 0.26903 0.42119 0.41694 -0.11684 -0.11492 -0.01182 -0.01477 0.57953 0.58306 
 0.27003 0.42080 0.41637 -0.11726 -0.11533 -0.01224 -0.01526 0.57986 0.58363 
 0.27103 0.42030 0.41579 -0.11773 -0.11574 -0.01276 -0.01574 0.58017 0.58421 
 0.27203 0.41977 0.41519 -0.11803 -0.11614 -0.01318 -0.01621 0.58059 0.58481 
 0.27303 0.41915 0.41457 -0.11836 -0.11653 -0.01367 -0.01666 0.58100 0.58543 
 0.27403 0.41854 0.41393 -0.11867 -0.11692 -0.01422 -0.01710 0.58152 0.58607 
 0.27503 0.41803 0.41328 -0.11892 -0.11731 -0.01473 -0.01752 0.58222 0.58672 
 0.27603 0.41748 0.41261 -0.11922 -0.11769 -0.01527 -0.01793 0.58298 0.58739 
 0.27703 0.41705 0.41193 -0.11954 -0.11808 -0.01577 -0.01832 0.58369 0.58807 
 0.27803 0.41658 0.41123 -0.11988 -0.11845 -0.01620 -0.01869 0.58445 0.58877 
 0.27903 0.41617 0.41052 -0.12021 -0.11883 -0.01658 -0.01905 0.58514 0.58948 
 0.28003 0.41573 0.40980 -0.12053 -0.11921 -0.01701 -0.01938 0.58589 0.59020 
 0.28103 0.41526 0.40906 -0.12080 -0.11958 -0.01749 -0.01970 0.58660 0.59094 
 0.28203 0.41467 0.40831 -0.12117 -0.11995 -0.01787 -0.01999 0.58720 0.59169 
 0.28303 0.41403 0.40756 -0.12153 -0.12032 -0.01823 -0.02027 0.58783 0.59244 
 0.28403 0.41330 0.40679 -0.12191 -0.12069 -0.01859 -0.02052 0.58846 0.59321 
 0.28503 0.41258 0.40601 -0.12238 -0.12106 -0.01893 -0.02076 0.58903 0.59399 
 0.28603 0.41189 0.40522 -0.12285 -0.12143 -0.01926 -0.02097 0.58968 0.59478 
 0.28703 0.41114 0.40443 -0.12323 -0.12180 -0.01955 -0.02117 0.59035 0.59557 
 0.28803 0.41036 0.40363 -0.12365 -0.12217 -0.01986 -0.02134 0.59104 0.59637 
 0.28903 0.40973 0.40282 -0.12405 -0.12254 -0.02012 -0.02149 0.59187 0.59718 
 0.29003 0.40908 0.40201 -0.12444 -0.12291 -0.02032 -0.02162 0.59274 0.59799 
 0.29103 0.40832 0.40119 -0.12479 -0.12329 -0.02048 -0.02173 0.59354 0.59881 
 0.29203 0.40748 0.40037 -0.12511 -0.12366 -0.02065 -0.02182 0.59435 0.59963 
 0.29303 0.40672 0.39955 -0.12533 -0.12404 -0.02081 -0.02189 0.59515 0.60045 
 0.29403 0.40595 0.39872 -0.12554 -0.12441 -0.02091 -0.02194 0.59592 0.60128 
 0.29503 0.40525 0.39790 -0.12580 -0.12479 -0.02101 -0.02197 0.59666 0.60210 
 0.29603 0.40450 0.39707 -0.12612 -0.12518 -0.02107 -0.02197 0.59735 0.60293 
 0.29703 0.40375 0.39624 -0.12646 -0.12556 -0.02112 -0.02196 0.59802 0.60376 
 0.29803 0.40299 0.39541 -0.12680 -0.12595 -0.02112 -0.02193 0.59868 0.60459 
 0.29903 0.40231 0.39459 -0.12713 -0.12633 -0.02111 -0.02188 0.59945 0.60541 
 0.30003 0.40162 0.39377 -0.12756 -0.12673 -0.02111 -0.02182 0.60029 0.60623 
 0.30103 0.40090 0.39294 -0.12800 -0.12712 -0.02106 -0.02173 0.60105 0.60706 
 0.30203 0.40005 0.39213 -0.12841 -0.12751 -0.02098 -0.02163 0.60178 0.60787 
 0.30303 0.39919 0.39132 -0.12877 -0.12791 -0.02086 -0.02151 0.60260 0.60868 
 0.30403 0.39838 0.39051 -0.12912 -0.12832 -0.02073 -0.02137 0.60350 0.60949 
 0.30503 0.39759 0.38971 -0.12948 -0.12872 -0.02066 -0.02122 0.60439 0.61029 
 0.30603 0.39679 0.38891 -0.12992 -0.12913 -0.02067 -0.02106 0.60528 0.61109 
 0.30703 0.39588 0.38812 -0.13037 -0.12954 -0.02064 -0.02087 0.60609 0.61188 
 0.30803 0.39487 0.38734 -0.13078 -0.12995 -0.02060 -0.02068 0.60689 0.61266 
 0.30903 0.39388 0.38656 -0.13113 -0.13037 -0.02046 -0.02047 0.60770 0.61344 
 0.31003 0.39290 0.38579 -0.13147 -0.13079 -0.02027 -0.02025 0.60854 0.61421 
 0.31103 0.39211 0.38504 -0.13182 -0.13121 -0.02004 -0.02002 0.60938 0.61496 
 0.31203 0.39137 0.38429 -0.13219 -0.13163 -0.01981 -0.01978 0.61020 0.61571 
 0.31303 0.39070 0.38355 -0.13263 -0.13206 -0.01949 -0.01952 0.61092 0.61645 
 0.31403 0.39003 0.38282 -0.13312 -0.13249 -0.01916 -0.01926 0.61164 0.61718 
 0.31503 0.38936 0.38210 -0.13360 -0.13292 -0.01881 -0.01899 0.61234 0.61791 
 0.31603 0.38864 0.38138 -0.13408 -0.13335 -0.01850 -0.01871 0.61306 0.61862 
 0.31703 0.38794 0.38069 -0.13450 -0.13379 -0.01819 -0.01842 0.61375 0.61931 
 0.31803 0.38727 0.38000 -0.13494 -0.13423 -0.01794 -0.01812 0.61443 0.62000 
 0.31903 0.38662 0.37932 -0.13536 -0.13467 -0.01765 -0.01782 0.61509 0.62068 
 0.32003 0.38597 0.37866 -0.13578 -0.13511 -0.01739 -0.01751 0.61574 0.62135 
 0.32103 0.38532 0.37800 -0.13618 -0.13555 -0.01706 -0.01720 0.61637 0.62200 
 0.32203 0.38470 0.37736 -0.13659 -0.13600 -0.01676 -0.01689 0.61703 0.62264 
 0.32303 0.38406 0.37673 -0.13701 -0.13645 -0.01646 -0.01657 0.61766 0.62327 
 0.32403 0.38340 0.37611 -0.13745 -0.13690 -0.01616 -0.01625 0.61829 0.62389 
 0.32503 0.38283 0.37550 -0.13791 -0.13735 -0.01585 -0.01593 0.61890 0.62450 
 0.32603 0.38225 0.37491 -0.13841 -0.13780 -0.01551 -0.01560 0.61947 0.62509 
 0.32703 0.38167 0.37433 -0.13892 -0.13825 -0.01519 -0.01528 0.62003 0.62567 
 0.32803 0.38109 0.37376 -0.13944 -0.13870 -0.01488 -0.01495 0.62058 0.62624 
 0.32903 0.38055 0.37320 -0.13995 -0.13916 -0.01455 -0.01463 0.62114 0.62680 
 0.33003 0.37999 0.37266 -0.14045 -0.13961 -0.01423 -0.01431 0.62171 0.62734 
 0.33103 0.37943 0.37212 -0.14093 -0.14007 -0.01390 -0.01399 0.62222 0.62788 
 0.33203 0.37888 0.37160 -0.14140 -0.14053 -0.01358 -0.01367 0.62274 0.62840 
 0.33303 0.37832 0.37109 -0.14185 -0.14098 -0.01328 -0.01335 0.62324 0.62891 
 0.33403 0.37778 0.37060 -0.14233 -0.14144 -0.01297 -0.01304 0.62373 0.62940 
 0.33503 0.37726 0.37011 -0.14278 -0.14189 -0.01265 -0.01273 0.62421 0.62989 
 0.33603 0.37680 0.36964 -0.14326 -0.14235 -0.01235 -0.01243 0.62470 0.63036 
 0.33703 0.37635 0.36917 -0.14371 -0.14280 -0.01206 -0.01213 0.62520 0.63083 
 0.33803 0.37590 0.36872 -0.14415 -0.14325 -0.01173 -0.01184 0.62568 0.63128 
 0.33903 0.37550 0.36828 -0.14460 -0.14371 -0.01138 -0.01156 0.62612 0.63172 
 0.34003 0.37509 0.36785 -0.14511 -0.14416 -0.01107 -0.01128 0.62653 0.63215 
 0.34103 0.37470 0.36743 -0.14562 -0.14461 -0.01076 -0.01100 0.62692 0.63257 
 0.34203 0.37435 0.36702 -0.14614 -0.14506 -0.01047 -0.01074 0.62733 0.63298 
 0.34303 0.37402 0.36662 -0.14663 -0.14550 -0.01016 -0.01048 0.62776 0.63338 
 0.34403 0.37368 0.36623 -0.14710 -0.14595 -0.00987 -0.01023 0.62818 0.63377 
 0.34503 0.37333 0.36585 -0.14756 -0.14639 -0.00957 -0.00998 0.62856 0.63415 
 0.34603 0.37298 0.36548 -0.14801 -0.14683 -0.00926 -0.00975 0.62892 0.63452 
 0.34703 0.37263 0.36512 -0.14849 -0.14727 -0.00898 -0.00952 0.62927 0.63488 
 0.34803 0.37227 0.36476 -0.14900 -0.14771 -0.00873 -0.00931 0.62961 0.63524 
 0.34903 0.37192 0.36442 -0.14948 -0.14815 -0.00848 -0.00910 0.62994 0.63558 
 0.35004 0.37160 0.36408 -0.15000 -0.14858 -0.00826 -0.00890 0.63026 0.63592 
 0.35104 0.37129 0.36375 -0.15053 -0.14901 -0.00804 -0.00871 0.63059 0.63625 
 0.35204 0.37096 0.36342 -0.15104 -0.14944 -0.00784 -0.00853 0.63093 0.63658 
 0.35304 0.37067 0.36310 -0.15155 -0.14986 -0.00763 -0.00835 0.63128 0.63690 
 0.35404 0.37038 0.36279 -0.15203 -0.15029 -0.00743 -0.00819 0.63163 0.63721 
 0.35504 0.37011 0.36249 -0.15248 -0.15070 -0.00725 -0.00804 0.63192 0.63751 
 0.35604 0.36980 0.36219 -0.15293 -0.15112 -0.00709 -0.00790 0.63222 0.63781 
 0.35704 0.36951 0.36189 -0.15338 -0.15153 -0.00693 -0.00776 0.63249 0.63811 
 0.35804 0.36923 0.36160 -0.15383 -0.15194 -0.00680 -0.00764 0.63276 0.63840 
 0.35904 0.36893 0.36132 -0.15429 -0.15235 -0.00666 -0.00752 0.63301 0.63868 
 0.36004 0.36862 0.36103 -0.15476 -0.15275 -0.00653 -0.00742 0.63323 0.63897 
 0.36104 0.36835 0.36076 -0.15521 -0.15315 -0.00640 -0.00732 0.63343 0.63924 
 0.36204 0.36809 0.36048 -0.15566 -0.15354 -0.00629 -0.00723 0.63362 0.63952 
 0.36304 0.36784 0.36021 -0.15607 -0.15394 -0.00615 -0.00716 0.63385 0.63979 
 0.36404 0.36759 0.35994 -0.15646 -0.15432 -0.00603 -0.00709 0.63404 0.64006 
 0.36504 0.36735 0.35968 -0.15688 -0.15471 -0.00588 -0.00703 0.63422 0.64032 
 0.36604 0.36710 0.35941 -0.15728 -0.15509 -0.00576 -0.00698 0.63440 0.64059 
 0.36704 0.36684 0.35915 -0.15767 -0.15546 -0.00563 -0.00693 0.63459 0.64085 
 0.36804 0.36660 0.35889 -0.15808 -0.15584 -0.00556 -0.00690 0.63476 0.64111 
 0.36904 0.36639 0.35863 -0.15847 -0.15621 -0.00552 -0.00687 0.63493 0.64137 
 0.37004 0.36614 0.35837 -0.15887 -0.15657 -0.00548 -0.00685 0.63510 0.64163 
 0.37104 0.36598 0.35812 -0.15922 -0.15693 -0.00540 -0.00684 0.63530 0.64189 
 0.37204 0.36582 0.35786 -0.15958 -0.15729 -0.00534 -0.00684 0.63550 0.64214 
 0.37304 0.36563 0.35760 -0.15993 -0.15765 -0.00530 -0.00684 0.63567 0.64240 
 0.37404 0.36539 0.35734 -0.16036 -0.15800 -0.00531 -0.00685 0.63582 0.64266 
 0.37504 0.36517 0.35708 -0.16073 -0.15834 -0.00527 -0.00686 0.63598 0.64292 
 0.37604 0.36494 0.35683 -0.16112 -0.15869 -0.00524 -0.00689 0.63611 0.64318 
 0.37704 0.36473 0.35657 -0.16147 -0.15902 -0.00518 -0.00691 0.63623 0.64343 
 0.37804 0.36452 0.35630 -0.16180 -0.15936 -0.00515 -0.00695 0.63635 0.64370 
 0.37904 0.36436 0.35604 -0.16211 -0.15969 -0.00512 -0.00699 0.63650 0.64396 
 0.38004 0.36417 0.35578 -0.16244 -0.16002 -0.00512 -0.00703 0.63671 0.64422 
 0.38104 0.36396 0.35551 -0.16278 -0.16034 -0.00512 -0.00708 0.63691 0.64449 
 0.38204 0.36375 0.35524 -0.16314 -0.16066 -0.00515 -0.00713 0.63709 0.64476 
 0.38304 0.36357 0.35497 -0.16347 -0.16098 -0.00514 -0.00719 0.63725 0.64502 
 0.38404 0.36333 0.35470 -0.16380 -0.16129 -0.00521 -0.00725 0.63741 0.64530 
 0.38504 0.36309 0.35443 -0.16413 -0.16160 -0.00527 -0.00731 0.63759 0.64557 
 0.38604 0.36290 0.35415 -0.16446 -0.16191 -0.00534 -0.00738 0.63774 0.64585 
 0.38704 0.36271 0.35387 -0.16475 -0.16221 -0.00538 -0.00745 0.63792 0.64613 
 0.38804 0.36247 0.35359 -0.16505 -0.16251 -0.00545 -0.00752 0.63811 0.64641 
 0.38904 0.36223 0.35331 -0.16535 -0.16281 -0.00552 -0.00760 0.63830 0.64669 
 0.39004 0.36201 0.35302 -0.16565 -0.16310 -0.00558 -0.00767 0.63851 0.64698 
 0.39104 0.36181 0.35273 -0.16591 -0.16340 -0.00563 -0.00775 0.63870 0.64727 
 0.39204 0.36158 0.35243 -0.16620 -0.16368 -0.00572 -0.00783 0.63891 0.64757 
 0.39304 0.36138 0.35214 -0.16647 -0.16397 -0.00578 -0.00791 0.63911 0.64786 
 0.39404 0.36116 0.35184 -0.16673 -0.16425 -0.00590 -0.00799 0.63934 0.64816 
 0.39504 0.36095 0.35153 -0.16698 -0.16453 -0.00598 -0.00807 0.63958 0.64846 
 0.39604 0.36073 0.35123 -0.16725 -0.16481 -0.00608 -0.00815 0.63981 0.64877 
 0.39704 0.36052 0.35092 -0.16751 -0.16508 -0.00618 -0.00823 0.64001 0.64908 
 0.39804 0.36027 0.35061 -0.16776 -0.16535 -0.00629 -0.00831 0.64019 0.64939 
 0.39904 0.36001 0.35030 -0.16799 -0.16562 -0.00638 -0.00839 0.64038 0.64970 
 0.40004 0.35976 0.34998 -0.16822 -0.16589 -0.00648 -0.00847 0.64060 0.65002 
 0.40104 0.35955 0.34966 -0.16844 -0.16615 -0.00656 -0.00855 0.64082 0.65034 
 0.40204 0.35932 0.34933 -0.16869 -0.16642 -0.00666 -0.00863 0.64108 0.65067 
 0.40304 0.35908 0.34901 -0.16895 -0.16668 -0.00677 -0.00870 0.64133 0.65099 
 0.40404 0.35883 0.34868 -0.16922 -0.16694 -0.00690 -0.00877 0.64160 0.65132 
 0.40504 0.35859 0.34835 -0.16949 -0.16719 -0.00701 -0.00884 0.64186 0.65165 
 0.40604 0.35831 0.34801 -0.16973 -0.16745 -0.00714 -0.00891 0.64209 0.65199 
 0.40704 0.35804 0.34767 -0.16996 -0.16770 -0.00726 -0.00898 0.64231 0.65233 
 0.40804 0.35775 0.34734 -0.17018 -0.16795 -0.00737 -0.00904 0.64256 0.65267 
 0.40904 0.35746 0.34699 -0.17040 -0.16820 -0.00745 -0.00910 0.64285 0.65301 
 0.41004 0.35716 0.34665 -0.17062 -0.16845 -0.00754 -0.00916 0.64315 0.65335 
 0.41104 0.35684 0.34630 -0.17085 -0.16870 -0.00762 -0.00921 0.64341 0.65370 
 0.41204 0.35654 0.34596 -0.17107 -0.16894 -0.00771 -0.00926 0.64367 0.65404 
 0.41304 0.35626 0.34560 -0.17127 -0.16918 -0.00778 -0.00931 0.64392 0.65439 
 0.41404 0.35597 0.34525 -0.17149 -0.16943 -0.00786 -0.00935 0.64418 0.65475 
 0.41504 0.35567 0.34490 -0.17171 -0.16967 -0.00792 -0.00939 0.64446 0.65510 
 0.41604 0.35536 0.34455 -0.17192 -0.16991 -0.00799 -0.00943 0.64476 0.65545 
 0.41704 0.35506 0.34419 -0.17213 -0.17015 -0.00806 -0.00946 0.64506 0.65581 
 0.41804 0.35475 0.34383 -0.17236 -0.17039 -0.00817 -0.00949 0.64535 0.65617 
 0.41904 0.35443 0.34347 -0.17260 -0.17062 -0.00829 -0.00952 0.64565 0.65653 
 0.42004 0.35410 0.34312 -0.17283 -0.17086 -0.00838 -0.00954 0.64594 0.65689 
 0.42104 0.35377 0.34276 -0.17306 -0.17110 -0.00847 -0.00956 0.64623 0.65724 
 0.42204 0.35343 0.34240 -0.17329 -0.17133 -0.00857 -0.00957 0.64655 0.65760 
 0.42304 0.35311 0.34203 -0.17352 -0.17157 -0.00866 -0.00958 0.64689 0.65797 
 0.42404 0.35279 0.34167 -0.17373 -0.17180 -0.00873 -0.00959 0.64724 0.65833 
 0.42504 0.35248 0.34131 -0.17392 -0.17204 -0.00879 -0.00959 0.64760 0.65869 
 0.42604 0.35215 0.34095 -0.17409 -0.17227 -0.00885 -0.00959 0.64798 0.65905 
 0.42704 0.35181 0.34059 -0.17428 -0.17250 -0.00891 -0.00958 0.64832 0.65941 
 0.42804 0.35146 0.34023 -0.17445 -0.17273 -0.00895 -0.00957 0.64864 0.65977 
 0.42904 0.35111 0.33987 -0.17462 -0.17296 -0.00898 -0.00956 0.64894 0.66013 
 0.43004 0.35073 0.33951 -0.17479 -0.17320 -0.00901 -0.00954 0.64927 0.66049 
 0.43104 0.35038 0.33915 -0.17497 -0.17343 -0.00903 -0.00952 0.64961 0.66085 
 0.43204 0.35003 0.33879 -0.17516 -0.17366 -0.00905 -0.00950 0.64994 0.66121 
 0.43304 0.34970 0.33843 -0.17535 -0.17389 -0.00905 -0.00947 0.65028 0.66157 
 0.43404 0.34935 0.33808 -0.17554 -0.17412 -0.00905 -0.00944 0.65062 0.66192 
 0.43504 0.34900 0.33772 -0.17576 -0.17435 -0.00905 -0.00940 0.65095 0.66228 
 0.43604 0.34864 0.33737 -0.17596 -0.17458 -0.00904 -0.00936 0.65127 0.66263 
 0.43704 0.34829 0.33702 -0.17616 -0.17480 -0.00902 -0.00932 0.65161 0.66298 
 0.43804 0.34793 0.33667 -0.17634 -0.17503 -0.00899 -0.00928 0.65195 0.66333 
 0.43904 0.34759 0.33632 -0.17654 -0.17526 -0.00897 -0.00923 0.65230 0.66368 
 0.44004 0.34724 0.33597 -0.17673 -0.17549 -0.00895 -0.00918 0.65265 0.66403 
 0.44104 0.34689 0.33563 -0.17692 -0.17572 -0.00894 -0.00913 0.65299 0.66437 
 0.44204 0.34654 0.33528 -0.17711 -0.17595 -0.00892 -0.00907 0.65331 0.66472 
 0.44304 0.34621 0.33494 -0.17730 -0.17618 -0.00889 -0.00901 0.65363 0.66506 
 0.44404 0.34585 0.33460 -0.17749 -0.17640 -0.00886 -0.00895 0.65396 0.66540 
 0.44504 0.34552 0.33427 -0.17768 -0.17663 -0.00881 -0.00889 0.65429 0.66573 
 0.44604 0.34519 0.33393 -0.17786 -0.17686 -0.00876 -0.00882 0.65464 0.66607 
 0.44704 0.34487 0.33360 -0.17807 -0.17709 -0.00871 -0.00875 0.65498 0.66640 
 0.44804 0.34454 0.33327 -0.17828 -0.17731 -0.00867 -0.00868 0.65532 0.66673 
 0.44904 0.34422 0.33295 -0.17849 -0.17754 -0.00862 -0.00861 0.65565 0.66705 
 0.45005 0.34390 0.33263 -0.17871 -0.17777 -0.00856 -0.00854 0.65597 0.66737 
 0.45105 0.34360 0.33231 -0.17894 -0.17799 -0.00850 -0.00846 0.65629 0.66769 
 0.45205 0.34329 0.33199 -0.17916 -0.17822 -0.00843 -0.00839 0.65662 0.66801 
 0.45305 0.34298 0.33167 -0.17940 -0.17845 -0.00837 -0.00831 0.65693 0.66832 
 0.45405 0.34266 0.33136 -0.17962 -0.17867 -0.00831 -0.00823 0.65724 0.66864 
 0.45505 0.34235 0.33105 -0.17985 -0.17890 -0.00824 -0.00815 0.65757 0.66895 
 0.45605 0.34204 0.33075 -0.18007 -0.17912 -0.00817 -0.00807 0.65791 0.66925 
 0.45705 0.34175 0.33045 -0.18029 -0.17935 -0.00809 -0.00799 0.65823 0.66955 
 0.45805 0.34143 0.33015 -0.18050 -0.17957 -0.00801 -0.00791 0.65856 0.66985 
 0.45905 0.34112 0.32985 -0.18073 -0.17980 -0.00793 -0.00783 0.65888 0.67015 
 0.46005 0.34080 0.32956 -0.18095 -0.18002 -0.00785 -0.00774 0.65921 0.67044 
 0.46105 0.34049 0.32927 -0.18119 -0.18024 -0.00776 -0.00766 0.65952 0.67073 
 0.46205 0.34017 0.32898 -0.18142 -0.18047 -0.00767 -0.00758 0.65982 0.67102 
 0.46305 0.33987 0.32870 -0.18167 -0.18069 -0.00759 -0.00750 0.66011 0.67130 
 0.46405 0.33957 0.32842 -0.18191 -0.18091 -0.00750 -0.00742 0.66039 0.67158 
 0.46505 0.33931 0.32814 -0.18216 -0.18113 -0.00741 -0.00733 0.66067 0.67186 
 0.46605 0.33903 0.32786 -0.18241 -0.18135 -0.00732 -0.00725 0.66095 0.67214 
 0.46705 0.33879 0.32759 -0.18266 -0.18157 -0.00723 -0.00717 0.66124 0.67241 
 0.46805 0.33853 0.32732 -0.18291 -0.18179 -0.00716 -0.00709 0.66152 0.67268 
 0.46905 0.33828 0.32706 -0.18318 -0.18201 -0.00709 -0.00701 0.66179 0.67294 
 0.47005 0.33801 0.32679 -0.18343 -0.18223 -0.00702 -0.00693 0.66206 0.67321 
 0.47105 0.33776 0.32653 -0.18369 -0.18245 -0.00694 -0.00686 0.66231 0.67347 
 0.47205 0.33750 0.32628 -0.18392 -0.18266 -0.00687 -0.00678 0.66256 0.67372 
 0.47305 0.33726 0.32602 -0.18416 -0.18288 -0.00677 -0.00671 0.66279 0.67398 
 0.47405 0.33702 0.32577 -0.18438 -0.18309 -0.00667 -0.00663 0.66304 0.67423 
 0.47505 0.33680 0.32552 -0.18463 -0.18331 -0.00658 -0.00656 0.66328 0.67448 
 0.47605 0.33656 0.32528 -0.18488 -0.18352 -0.00649 -0.00649 0.66352 0.67472 
 0.47705 0.33632 0.32503 -0.18513 -0.18374 -0.00638 -0.00642 0.66375 0.67497 
 0.47805 0.33606 0.32479 -0.18538 -0.18395 -0.00630 -0.00635 0.66398 0.67521 
 0.47905 0.33582 0.32456 -0.18562 -0.18416 -0.00620 -0.00628 0.66420 0.67544 
 0.48005 0.33558 0.32432 -0.18587 -0.18437 -0.00612 -0.00622 0.66442 0.67568 
 0.48105 0.33536 0.32409 -0.18612 -0.18458 -0.00602 -0.00616 0.66463 0.67591 
 0.48205 0.33514 0.32386 -0.18636 -0.18478 -0.00594 -0.00609 0.66484 0.67614 
 0.48305 0.33494 0.32363 -0.18662 -0.18499 -0.00585 -0.00603 0.66507 0.67637 
 0.48405 0.33472 0.32340 -0.18686 -0.18520 -0.00577 -0.00598 0.66530 0.67660 
 0.48505 0.33452 0.32318 -0.18712 -0.18540 -0.00569 -0.00592 0.66550 0.67682 
 0.48605 0.33430 0.32296 -0.18738 -0.18560 -0.00562 -0.00586 0.66570 0.67704 
 0.48705 0.33411 0.32274 -0.18763 -0.18581 -0.00553 -0.00581 0.66590 0.67726 
 0.48805 0.33390 0.32252 -0.18788 -0.18601 -0.00546 -0.00576 0.66610 0.67748 
 0.48905 0.33371 0.32230 -0.18813 -0.18621 -0.00537 -0.00571 0.66632 0.67770 
 0.49005 0.33351 0.32209 -0.18838 -0.18641 -0.00531 -0.00567 0.66653 0.67791 
 0.49105 0.33332 0.32188 -0.18863 -0.18661 -0.00524 -0.00562 0.66674 0.67812 
 0.49205 0.33312 0.32166 -0.18887 -0.18680 -0.00519 -0.00558 0.66694 0.67834 
 0.49305 0.33293 0.32145 -0.18913 -0.18700 -0.00513 -0.00554 0.66714 0.67854 
 0.49405 0.33272 0.32125 -0.18936 -0.18720 -0.00508 -0.00550 0.66733 0.67875 
 0.49505 0.33253 0.32104 -0.18960 -0.18739 -0.00502 -0.00546 0.66751 0.67896 
 0.49605 0.33233 0.32083 -0.18983 -0.18758 -0.00496 -0.00542 0.66770 0.67917 
 0.49705 0.33216 0.32063 -0.19006 -0.18777 -0.00490 -0.00539 0.66788 0.67937 
 0.49805 0.33198 0.32043 -0.19028 -0.18796 -0.00485 -0.00536 0.66806 0.67957 
 0.49905 0.33182 0.32023 -0.19051 -0.18815 -0.00479 -0.00533 0.66824 0.67977 
 0.50005 0.33162 0.32003 -0.19074 -0.18834 -0.00475 -0.00530 0.66842 0.67997 
 0.50105 0.33144 0.31983 -0.19097 -0.18852 -0.00471 -0.00527 0.66860 0.68017 
 0.50205 0.33125 0.31963 -0.19119 -0.18871 -0.00467 -0.00525 0.66877 0.68037 
 0.50305 0.33107 0.31943 -0.19142 -0.18889 -0.00462 -0.00522 0.66894 0.68057 
 0.50405 0.33089 0.31924 -0.19164 -0.18907 -0.00458 -0.00520 0.66911 0.68076 
 0.50505 0.33071 0.31904 -0.19186 -0.18925 -0.00453 -0.00518 0.66929 0.68096 
 0.50605 0.33053 0.31885 -0.19207 -0.18943 -0.00450 -0.00516 0.66946 0.68115 
 0.50705 0.33036 0.31865 -0.19228 -0.18961 -0.00447 -0.00515 0.66964 0.68135 
 0.50805 0.33018 0.31846 -0.19249 -0.18979 -0.00444 -0.00513 0.66981 0.68154 
 0.50905 0.33000 0.31827 -0.19270 -0.18996 -0.00442 -0.00512 0.66998 0.68173 
 0.51005 0.32981 0.31807 -0.19292 -0.19014 -0.00440 -0.00510 0.67014 0.68193 
 0.51105 0.32965 0.31788 -0.19313 -0.19031 -0.00438 -0.00509 0.67031 0.68212 
 0.51205 0.32947 0.31769 -0.19334 -0.19048 -0.00437 -0.00508 0.67048 0.68231 
 0.51305 0.32930 0.31750 -0.19355 -0.19066 -0.00436 -0.00507 0.67066 0.68250 
 0.51405 0.32912 0.31731 -0.19375 -0.19083 -0.00435 -0.00506 0.67083 0.68269 
 0.51505 0.32896 0.31712 -0.19395 -0.19099 -0.00435 -0.00506 0.67100 0.68288 
 0.51605 0.32878 0.31693 -0.19414 -0.19116 -0.00435 -0.00505 0.67116 0.68307 
 0.51705 0.32862 0.31674 -0.19434 -0.19133 -0.00434 -0.00504 0.67132 0.68326 
 0.51805 0.32844 0.31655 -0.19453 -0.19149 -0.00434 -0.00504 0.67148 0.68345 
 0.51905 0.32828 0.31636 -0.19471 -0.19166 -0.00434 -0.00504 0.67164 0.68364 
 0.52005 0.32810 0.31617 -0.19489 -0.19182 -0.00434 -0.00503 0.67181 0.68383 
 0.52105 0.32793 0.31598 -0.19506 -0.19198 -0.00435 -0.00503 0.67198 0.68402 
 0.52205 0.32774 0.31579 -0.19524 -0.19214 -0.00436 -0.00503 0.67214 0.68421 
 0.52305 0.32757 0.31560 -0.19542 -0.19230 -0.00437 -0.00503 0.67231 0.68440 
 0.52405 0.32739 0.31541 -0.19560 -0.19246 -0.00439 -0.00503 0.67247 0.68459 
 0.52505 0.32722 0.31522 -0.19577 -0.19262 -0.00440 -0.00503 0.67263 0.68478 
 0.52605 0.32704 0.31503 -0.19595 -0.19277 -0.00443 -0.00503 0.67279 0.68497 
 0.52705 0.32687 0.31484 -0.19613 -0.19293 -0.00445 -0.00503 0.67295 0.68516 
 0.52805 0.32668 0.31465 -0.19631 -0.19308 -0.00447 -0.00503 0.67312 0.68535 
 0.52905 0.32651 0.31446 -0.19648 -0.19323 -0.00449 -0.00503 0.67329 0.68554 
 0.53005 0.32632 0.31427 -0.19665 -0.19339 -0.00452 -0.00503 0.67347 0.68573 
 0.53105 0.32615 0.31408 -0.19682 -0.19354 -0.00454 -0.00503 0.67363 0.68592 
 0.53205 0.32597 0.31389 -0.19698 -0.19369 -0.00457 -0.00503 0.67380 0.68611 
 0.53305 0.32579 0.31370 -0.19714 -0.19384 -0.00460 -0.00503 0.67397 0.68630 
 0.53405 0.32561 0.31351 -0.19730 -0.19399 -0.00463 -0.00503 0.67414 0.68649 
 0.53505 0.32545 0.31333 -0.19746 -0.19413 -0.00465 -0.00503 0.67431 0.68668 
 0.53605 0.32527 0.31314 -0.19762 -0.19428 -0.00468 -0.00503 0.67448 0.68686 
 0.53705 0.32511 0.31295 -0.19778 -0.19443 -0.00470 -0.00503 0.67466 0.68705 
 0.53805 0.32492 0.31276 -0.19794 -0.19457 -0.00474 -0.00503 0.67484 0.68724 
 0.53905 0.32475 0.31257 -0.19809 -0.19471 -0.00477 -0.00503 0.67501 0.68743 
 0.54005 0.32457 0.31238 -0.19824 -0.19486 -0.00481 -0.00503 0.67520 0.68762 
 0.54105 0.32439 0.31219 -0.19838 -0.19500 -0.00484 -0.00503 0.67537 0.68781 
 0.54205 0.32420 0.31200 -0.19853 -0.19514 -0.00487 -0.00503 0.67556 0.68800 
 0.54305 0.32402 0.31181 -0.19867 -0.19528 -0.00490 -0.00502 0.67575 0.68819 
 0.54405 0.32383 0.31162 -0.19881 -0.19542 -0.00494 -0.00502 0.67594 0.68838 
 0.54505 0.32365 0.31143 -0.19895 -0.19556 -0.00496 -0.00502 0.67613 0.68857 
 0.54605 0.32345 0.31124 -0.19908 -0.19570 -0.00499 -0.00502 0.67633 0.68876 
 0.54705 0.32327 0.31105 -0.19921 -0.19584 -0.00502 -0.00501 0.67652 0.68895 
 0.54805 0.32308 0.31087 -0.19934 -0.19598 -0.00505 -0.00501 0.67671 0.68914 
 0.54905 0.32290 0.31068 -0.19947 -0.19611 -0.00507 -0.00500 0.67691 0.68932 
 0.55006 0.32271 0.31049 -0.19960 -0.19625 -0.00509 -0.00500 0.67712 0.68951 
 0.55106 0.32253 0.31030 -0.19972 -0.19639 -0.00510 -0.00499 0.67731 0.68970 
 0.55206 0.32233 0.31011 -0.19984 -0.19652 -0.00512 -0.00498 0.67751 0.68989 
 0.55306 0.32214 0.30992 -0.19997 -0.19665 -0.00514 -0.00497 0.67770 0.69008 
 0.55406 0.32194 0.30974 -0.20009 -0.19679 -0.00516 -0.00496 0.67789 0.69026 
 0.55506 0.32175 0.30955 -0.20022 -0.19692 -0.00517 -0.00496 0.67808 0.69045 
 0.55606 0.32155 0.30936 -0.20033 -0.19705 -0.00518 -0.00495 0.67828 0.69064 
 0.55706 0.32137 0.30918 -0.20045 -0.19718 -0.00518 -0.00493 0.67849 0.69082 
 0.55806 0.32117 0.30899 -0.20057 -0.19732 -0.00519 -0.00492 0.67870 0.69101 
 0.55906 0.32098 0.30881 -0.20070 -0.19745 -0.00520 -0.00491 0.67890 0.69119 
 0.56006 0.32077 0.30862 -0.20081 -0.19758 -0.00521 -0.00490 0.67910 0.69138 
 0.56106 0.32058 0.30844 -0.20093 -0.19771 -0.00522 -0.00489 0.67929 0.69156 
 0.56206 0.32036 0.30825 -0.20105 -0.19784 -0.00522 -0.00487 0.67949 0.69175 
 0.56306 0.32016 0.30807 -0.20116 -0.19797 -0.00522 -0.00486 0.67969 0.69193 
 0.56406 0.31996 0.30789 -0.20127 -0.19809 -0.00522 -0.00484 0.67989 0.69211 
 0.56506 0.31977 0.30771 -0.20140 -0.19822 -0.00521 -0.00482 0.68009 0.69229 
 0.56606 0.31956 0.30752 -0.20151 -0.19835 -0.00521 -0.00481 0.68030 0.69247 
 0.56706 0.31937 0.30734 -0.20163 -0.19848 -0.00520 -0.00479 0.68050 0.69266 
 0.56806 0.31917 0.30716 -0.20175 -0.19860 -0.00520 -0.00477 0.68069 0.69284 
 0.56906 0.31898 0.30698 -0.20188 -0.19873 -0.00520 -0.00475 0.68088 0.69302 
 0.57006 0.31877 0.30681 -0.20199 -0.19886 -0.00519 -0.00473 0.68108 0.69319 
 0.57106 0.31858 0.30663 -0.20211 -0.19898 -0.00518 -0.00471 0.68128 0.69337 
 0.57206 0.31838 0.30645 -0.20223 -0.19911 -0.00517 -0.00469 0.68148 0.69355 
 0.57306 0.31819 0.30627 -0.20235 -0.19923 -0.00516 -0.00467 0.68168 0.69373 
 0.57406 0.31798 0.30610 -0.20247 -0.19936 -0.00514 -0.00465 0.68188 0.69390 
 0.57506 0.31779 0.30592 -0.20259 -0.19948 -0.00512 -0.00463 0.68207 0.69408 
 0.57606 0.31758 0.30575 -0.20270 -0.19960 -0.00510 -0.00460 0.68226 0.69425 
 0.57706 0.31740 0.30558 -0.20283 -0.19973 -0.00507 -0.00458 0.68245 0.69442 
 0.57806 0.31720 0.30540 -0.20295 -0.19985 -0.00504 -0.00456 0.68265 0.69459 
 0.57906 0.31702 0.30523 -0.20307 -0.19997 -0.00502 -0.00453 0.68284 0.69477 
 0.58006 0.31682 0.30506 -0.20319 -0.20009 -0.00498 -0.00451 0.68304 0.69494 
 0.58106 0.31665 0.30489 -0.20331 -0.20021 -0.00495 -0.00448 0.68323 0.69511 
 0.58206 0.31645 0.30473 -0.20343 -0.20033 -0.00492 -0.00446 0.68343 0.69527 
 0.58306 0.31627 0.30456 -0.20355 -0.20045 -0.00488 -0.00443 0.68361 0.69544 
 0.58406 0.31608 0.30439 -0.20367 -0.20058 -0.00484 -0.00441 0.68379 0.69561 
 0.58506 0.31590 0.30423 -0.20379 -0.20069 -0.00481 -0.00438 0.68397 0.69577 
 0.58606 0.31571 0.30406 -0.20391 -0.20081 -0.00477 -0.00436 0.68415 0.69594 
 0.58706 0.31554 0.30390 -0.20404 -0.20093 -0.00473 -0.00433 0.68433 0.69610 
 0.58806 0.31536 0.30373 -0.20417 -0.20105 -0.00469 -0.00430 0.68451 0.69627 
 0.58906 0.31519 0.30357 -0.20430 -0.20117 -0.00465 -0.00428 0.68469 0.69643 
 0.59006 0.31501 0.30341 -0.20443 -0.20129 -0.00460 -0.00425 0.68487 0.69659 
 0.59106 0.31484 0.30325 -0.20456 -0.20141 -0.00457 -0.00422 0.68504 0.69675 
 0.59206 0.31466 0.30310 -0.20469 -0.20152 -0.00452 -0.00419 0.68521 0.69690 
 0.59306 0.31450 0.30294 -0.20482 -0.20164 -0.00448 -0.00417 0.68539 0.69706 
 0.59406 0.31433 0.30278 -0.20494 -0.20175 -0.00444 -0.00414 0.68557 0.69722 
 0.59506 0.31417 0.30263 -0.20507 -0.20187 -0.00439 -0.00411 0.68574 0.69737 
 0.59606 0.31400 0.30247 -0.20520 -0.20198 -0.00435 -0.00409 0.68591 0.69753 
 0.59706 0.31384 0.30232 -0.20533 -0.20210 -0.00430 -0.00406 0.68608 0.69768 
 0.59806 0.31368 0.30217 -0.20546 -0.20222 -0.00425 -0.00403 0.68624 0.69783 
 0.59906 0.31352 0.30201 -0.20560 -0.20233 -0.00421 -0.00400 0.68640 0.69799 
 0.60006 0.31336 0.30186 -0.20573 -0.20244 -0.00416 -0.00398 0.68656 0.69814 
 0.60106 0.31321 0.30171 -0.20586 -0.20256 -0.00411 -0.00395 0.68671 0.69829 
 0.60206 0.31306 0.30157 -0.20600 -0.20267 -0.00406 -0.00392 0.68687 0.69843 
 0.60306 0.31292 0.30142 -0.20614 -0.20278 -0.00401 -0.00390 0.68703 0.69858 
 0.60406 0.31276 0.30127 -0.20627 -0.20289 -0.00397 -0.00387 0.68718 0.69873 
 0.60506 0.31262 0.30113 -0.20641 -0.20300 -0.00392 -0.00385 0.68733 0.69887 
 0.60606 0.31246 0.30098 -0.20655 -0.20311 -0.00387 -0.00382 0.68748 0.69902 
 0.60706 0.31232 0.30084 -0.20668 -0.20322 -0.00382 -0.00379 0.68762 0.69916 
 0.60806 0.31218 0.30070 -0.20682 -0.20333 -0.00377 -0.00377 0.68777 0.69930 
 0.60906 0.31204 0.30056 -0.20695 -0.20344 -0.00372 -0.00374 0.68791 0.69944 
 0.61006 0.31190 0.30041 -0.20709 -0.20355 -0.00368 -0.00372 0.68806 0.69959 
 0.61106 0.31176 0.30028 -0.20723 -0.20366 -0.00363 -0.00369 0.68820 0.69973 
 0.61206 0.31162 0.30014 -0.20737 -0.20377 -0.00358 -0.00367 0.68834 0.69986 
 0.61306 0.31149 0.30000 -0.20751 -0.20388 -0.00354 -0.00365 0.68848 0.70000 
 0.61406 0.31135 0.29986 -0.20764 -0.20398 -0.00349 -0.00362 0.68861 0.70014 
 0.61506 0.31122 0.29973 -0.20778 -0.20409 -0.00345 -0.00360 0.68874 0.70027 
 0.61606 0.31108 0.29959 -0.20792 -0.20420 -0.00340 -0.00358 0.68888 0.70041 
 0.61706 0.31095 0.29946 -0.20806 -0.20430 -0.00336 -0.00356 0.68901 0.70054 
 0.61806 0.31082 0.29932 -0.20819 -0.20441 -0.00332 -0.00353 0.68914 0.70068 
 0.61906 0.31071 0.29919 -0.20833 -0.20451 -0.00328 -0.00351 0.68926 0.70081 
 0.62006 0.31058 0.29906 -0.20847 -0.20462 -0.00324 -0.00349 0.68939 0.70094 
 0.62106 0.31046 0.29893 -0.20861 -0.20472 -0.00320 -0.00347 0.68951 0.70107 
 0.62206 0.31034 0.29880 -0.20875 -0.20482 -0.00316 -0.00345 0.68963 0.70120 
 0.62306 0.31022 0.29867 -0.20889 -0.20493 -0.00312 -0.00343 0.68975 0.70133 
 0.62406 0.31009 0.29854 -0.20902 -0.20503 -0.00309 -0.00341 0.68987 0.70146 
 0.62506 0.30998 0.29841 -0.20916 -0.20513 -0.00305 -0.00339 0.68999 0.70159 
 0.62606 0.30986 0.29828 -0.20930 -0.20523 -0.00302 -0.00337 0.69011 0.70172 
 0.62706 0.30975 0.29816 -0.20943 -0.20533 -0.00298 -0.00335 0.69022 0.70184 
 0.62806 0.30963 0.29803 -0.20957 -0.20543 -0.00295 -0.00334 0.69033 0.70197 
 0.62906 0.30952 0.29790 -0.20971 -0.20553 -0.00292 -0.00332 0.69045 0.70210 
 0.63006 0.30940 0.29778 -0.20984 -0.20563 -0.00290 -0.00330 0.69056 0.70222 
 0.63106 0.30929 0.29766 -0.20998 -0.20573 -0.00287 -0.00329 0.69067 0.70234 
 0.63206 0.30917 0.29753 -0.21011 -0.20583 -0.00284 -0.00327 0.69078 0.70247 
 0.63306 0.30906 0.29741 -0.21025 -0.20592 -0.00282 -0.00325 0.69089 0.70259 
 0.63406 0.30895 0.29729 -0.21039 -0.20602 -0.00280 -0.00324 0.69099 0.70271 
 0.63506 0.30884 0.29717 -0.21052 -0.20612 -0.00277 -0.00322 0.69110 0.70283 
 0.63606 0.30873 0.29704 -0.21065 -0.20621 -0.00276 -0.00321 0.69121 0.70296 
 0.63706 0.30862 0.29692 -0.21079 -0.20631 -0.00274 -0.00319 0.69131 0.70308 
 0.63806 0.30851 0.29680 -0.21092 -0.20640 -0.00273 -0.00318 0.69141 0.70320 
 0.63906 0.30841 0.29668 -0.21106 -0.20650 -0.00271 -0.00317 0.69152 0.70332 
 0.64006 0.30829 0.29657 -0.21119 -0.20659 -0.00270 -0.00315 0.69162 0.70344 
 0.64106 0.30819 0.29645 -0.21132 -0.20669 -0.00268 -0.00314 0.69173 0.70355 
 0.64206 0.30809 0.29633 -0.21145 -0.20678 -0.00267 -0.00313 0.69183 0.70367 
 0.64306 0.30799 0.29621 -0.21158 -0.20687 -0.00266 -0.00312 0.69193 0.70379 
 0.64406 0.30789 0.29609 -0.21171 -0.20696 -0.00265 -0.00310 0.69204 0.70391 
 0.64506 0.30779 0.29598 -0.21183 -0.20705 -0.00264 -0.00309 0.69214 0.70402 
 0.64606 0.30769 0.29586 -0.21196 -0.20714 -0.00264 -0.00308 0.69224 0.70414 
 0.64706 0.30759 0.29574 -0.21209 -0.20724 -0.00263 -0.00307 0.69234 0.70426 
 0.64806 0.30749 0.29563 -0.21221 -0.20732 -0.00263 -0.00306 0.69244 0.70437 
 0.64906 0.30739 0.29551 -0.21233 -0.20741 -0.00263 -0.00305 0.69254 0.70449 
 0.65007 0.30729 0.29540 -0.21245 -0.20750 -0.00263 -0.00304 0.69263 0.70460 
 0.65107 0.30720 0.29529 -0.21257 -0.20759 -0.00262 -0.00303 0.69273 0.70471 
 0.65207 0.30709 0.29517 -0.21269 -0.20768 -0.00263 -0.00302 0.69283 0.70483 
 0.65307 0.30700 0.29506 -0.21281 -0.20777 -0.00263 -0.00301 0.69294 0.70494 
 0.65407 0.30690 0.29495 -0.21293 -0.20785 -0.00263 -0.00300 0.69304 0.70505 
 0.65507 0.30680 0.29483 -0.21305 -0.20794 -0.00264 -0.00299 0.69314 0.70517 
 0.65607 0.30670 0.29472 -0.21317 -0.20802 -0.00264 -0.00298 0.69324 0.70528 
 0.65707 0.30660 0.29461 -0.21328 -0.20811 -0.00265 -0.00297 0.69334 0.70539 
 0.65807 0.30650 0.29450 -0.21339 -0.20820 -0.00266 -0.00296 0.69345 0.70550 
 0.65907 0.30640 0.29438 -0.21351 -0.20828 -0.00266 -0.00295 0.69355 0.70562 
 0.66007 0.30630 0.29427 -0.21362 -0.20836 -0.00267 -0.00294 0.69365 0.70573 
 0.66107 0.30621 0.29416 -0.21373 -0.20845 -0.00268 -0.00293 0.69376 0.70584 
 0.66207 0.30610 0.29405 -0.21384 -0.20853 -0.00269 -0.00293 0.69386 0.70595 
 0.66307 0.30601 0.29394 -0.21395 -0.20861 -0.00270 -0.00292 0.69397 0.70606 
 0.66407 0.30590 0.29383 -0.21406 -0.20870 -0.00272 -0.00291 0.69407 0.70617 
 0.66507 0.30580 0.29372 -0.21417 -0.20878 -0.00273 -0.00290 0.69418 0.70628 
 0.66607 0.30569 0.29361 -0.21427 -0.20886 -0.00274 -0.00289 0.69428 0.70639 
 0.66707 0.30560 0.29351 -0.21438 -0.20894 -0.00275 -0.00288 0.69439 0.70649 
 0.66807 0.30549 0.29340 -0.21448 -0.20902 -0.00276 -0.00288 0.69450 0.70660 
 0.66907 0.30540 0.29329 -0.21458 -0.20910 -0.00277 -0.00287 0.69461 0.70671 
 0.67007 0.30529 0.29318 -0.21469 -0.20918 -0.00279 -0.00286 0.69471 0.70682 
 0.67107 0.30519 0.29307 -0.21479 -0.20926 -0.00280 -0.00285 0.69482 0.70693 
 0.67207 0.30508 0.29297 -0.21488 -0.20934 -0.00282 -0.00284 0.69493 0.70703 
 0.67307 0.30498 0.29286 -0.21498 -0.20942 -0.00283 -0.00284 0.69504 0.70714 
 0.67407 0.30487 0.29275 -0.21507 -0.20950 -0.00284 -0.00283 0.69515 0.70725 
 0.67507 0.30477 0.29265 -0.21517 -0.20957 -0.00285 -0.00282 0.69526 0.70735 
 0.67607 0.30466 0.29254 -0.21526 -0.20965 -0.00287 -0.00281 0.69538 0.70746 
 0.67707 0.30456 0.29243 -0.21535 -0.20973 -0.00288 -0.00280 0.69549 0.70757 
 0.67807 0.30444 0.29233 -0.21544 -0.20980 -0.00290 -0.00279 0.69561 0.70767 
 0.67907 0.30434 0.29222 -0.21554 -0.20988 -0.00290 -0.00279 0.69572 0.70778 
 0.68007 0.30422 0.29212 -0.21562 -0.20996 -0.00292 -0.00278 0.69583 0.70788 
 0.68107 0.30412 0.29201 -0.21571 -0.21003 -0.00292 -0.00277 0.69594 0.70799 
 0.68207 0.30401 0.29191 -0.21579 -0.21011 -0.00294 -0.00276 0.69606 0.70809 
 0.68307 0.30390 0.29181 -0.21588 -0.21018 -0.00294 -0.00275 0.69618 0.70819 
 0.68407 0.30379 0.29170 -0.21596 -0.21026 -0.00295 -0.00274 0.69630 0.70830 
 0.68507 0.30369 0.29160 -0.21605 -0.21033 -0.00296 -0.00273 0.69641 0.70840 
 0.68607 0.30357 0.29150 -0.21613 -0.21041 -0.00297 -0.00272 0.69653 0.70850 
 0.68707 0.30346 0.29139 -0.21621 -0.21048 -0.00297 -0.00271 0.69665 0.70861 
 0.68807 0.30335 0.29129 -0.21629 -0.21055 -0.00298 -0.00271 0.69677 0.70871 
 0.68907 0.30324 0.29119 -0.21637 -0.21063 -0.00298 -0.00270 0.69688 0.70881 
 0.69007 0.30313 0.29109 -0.21645 -0.21070 -0.00299 -0.00269 0.69701 0.70891 
 0.69107 0.30302 0.29099 -0.21653 -0.21077 -0.00299 -0.00268 0.69712 0.70901 
 0.69207 0.30291 0.29089 -0.21661 -0.21084 -0.00300 -0.00267 0.69725 0.70911 
 0.69307 0.30280 0.29079 -0.21669 -0.21091 -0.00299 -0.00266 0.69736 0.70921 
 0.69407 0.30268 0.29069 -0.21676 -0.21098 -0.00300 -0.00265 0.69748 0.70931 
 0.69507 0.30258 0.29059 -0.21684 -0.21105 -0.00299 -0.00264 0.69760 0.70941 
 0.69607 0.30246 0.29049 -0.21692 -0.21113 -0.00300 -0.00263 0.69772 0.70951 
 0.69707 0.30235 0.29039 -0.21699 -0.21120 -0.00299 -0.00262 0.69784 0.70961 
 0.69807 0.30224 0.29029 -0.21707 -0.21127 -0.00299 -0.00261 0.69796 0.70971 
 0.69907 0.30213 0.29019 -0.21714 -0.21134 -0.00298 -0.00260 0.69808 0.70981 
 0.70007 0.30201 0.29009 -0.21721 -0.21141 -0.00298 -0.00259 0.69820 0.70991 
 0.70107 0.30191 0.29000 -0.21729 -0.21147 -0.00297 -0.00258 0.69832 0.71000 
 0.70207 0.30179 0.28990 -0.21736 -0.21154 -0.00296 -0.00257 0.69844 0.71010 
 0.70307 0.30169 0.28980 -0.21744 -0.21161 -0.00295 -0.00256 0.69856 0.71020 
 0.70407 0.30157 0.28971 -0.21751 -0.21168 -0.00294 -0.00254 0.69868 0.71029 
 0.70507 0.30147 0.28961 -0.21758 -0.21175 -0.00292 -0.00253 0.69880 0.71039 
 0.70607 0.30135 0.28952 -0.21766 -0.21182 -0.00291 -0.00252 0.69892 0.71048 
 0.70707 0.30125 0.28942 -0.21773 -0.21188 -0.00290 -0.00251 0.69904 0.71058 
 0.70807 0.30114 0.28933 -0.21780 -0.21195 -0.00288 -0.00250 0.69916 0.71067 
 0.70907 0.30103 0.28923 -0.21788 -0.21202 -0.00287 -0.00249 0.69927 0.71077 
 0.71007 0.30092 0.28914 -0.21795 -0.21208 -0.00285 -0.00248 0.69939 0.71086 
 0.71107 0.30082 0.28905 -0.21802 -0.21215 -0.00283 -0.00247 0.69950 0.71095 
 0.71207 0.30071 0.28896 -0.21810 -0.21222 -0.00281 -0.00246 0.69962 0.71105 
 0.71307 0.30061 0.28886 -0.21817 -0.21228 -0.00279 -0.00244 0.69973 0.71114 
 0.71407 0.30050 0.28877 -0.21824 -0.21235 -0.00277 -0.00243 0.69984 0.71123 
 0.71507 0.30040 0.28868 -0.21832 -0.21241 -0.00275 -0.00242 0.69996 0.71132 
 0.71607 0.30029 0.28859 -0.21839 -0.21248 -0.00273 -0.00241 0.70007 0.71141 
 0.71707 0.30020 0.28850 -0.21847 -0.21254 -0.00270 -0.00240 0.70018 0.71150 
 0.71807 0.30009 0.28841 -0.21854 -0.21261 -0.00268 -0.00239 0.70028 0.71159 
 0.71907 0.30000 0.28832 -0.21861 -0.21267 -0.00265 -0.00237 0.70039 0.71168 
 0.72007 0.29989 0.28823 -0.21869 -0.21274 -0.00263 -0.00236 0.70050 0.71177 
 0.72107 0.29980 0.28814 -0.21876 -0.21280 -0.00260 -0.00235 0.70061 0.71186 
 0.72207 0.29970 0.28805 -0.21884 -0.21286 -0.00257 -0.00234 0.70071 0.71195 
 0.72307 0.29961 0.28796 -0.21891 -0.21293 -0.00255 -0.00233 0.70081 0.71204 
 0.72407 0.29951 0.28788 -0.21899 -0.21299 -0.00252 -0.00232 0.70091 0.71212 
 0.72507 0.29942 0.28779 -0.21907 -0.21305 -0.00249 -0.00230 0.70101 0.71221 
 0.72607 0.29932 0.28770 -0.21914 -0.21311 -0.00246 -0.00229 0.70111 0.71230 
 0.72707 0.29924 0.28762 -0.21922 -0.21318 -0.00243 -0.00228 0.70121 0.71238 
 0.72807 0.29914 0.28753 -0.21929 -0.21324 -0.00240 -0.00227 0.70131 0.71247 
 0.72907 0.29906 0.28745 -0.21937 -0.21330 -0.00237 -0.00226 0.70141 0.71255 
 0.73007 0.29896 0.28736 -0.21945 -0.21336 -0.00234 -0.00225 0.70150 0.71264 
 0.73107 0.29888 0.28728 -0.21953 -0.21342 -0.00231 -0.00223 0.70160 0.71272 
 0.73207 0.29879 0.28719 -0.21961 -0.21348 -0.00228 -0.00222 0.70169 0.71281 
 0.73307 0.29871 0.28711 -0.21969 -0.21354 -0.00225 -0.00221 0.70178 0.71289 
 0.73407 0.29862 0.28703 -0.21977 -0.21360 -0.00222 -0.00220 0.70187 0.71297 
 0.73507 0.29855 0.28694 -0.21985 -0.21366 -0.00219 -0.00219 0.70196 0.71306 
 0.73607 0.29846 0.28686 -0.21993 -0.21372 -0.00216 -0.00218 0.70204 0.71314 
 0.73707 0.29839 0.28678 -0.22001 -0.21378 -0.00213 -0.00217 0.70213 0.71322 
 0.73807 0.29830 0.28670 -0.22009 -0.21384 -0.00210 -0.00215 0.70221 0.71330 
 0.73907 0.29823 0.28662 -0.22018 -0.21390 -0.00207 -0.00214 0.70230 0.71338 
 0.74007 0.29815 0.28654 -0.22026 -0.21396 -0.00204 -0.00213 0.70238 0.71346 
 0.74107 0.29808 0.28646 -0.22034 -0.21402 -0.00201 -0.00212 0.70246 0.71354 
 0.74207 0.29800 0.28638 -0.22043 -0.21407 -0.00198 -0.00211 0.70254 0.71362 
 0.74307 0.29793 0.28630 -0.22051 -0.21413 -0.00195 -0.00210 0.70262 0.71370 
 0.74407 0.29785 0.28622 -0.22059 -0.21419 -0.00193 -0.00209 0.70269 0.71378 
 0.74507 0.29778 0.28614 -0.22068 -0.21425 -0.00190 -0.00208 0.70277 0.71386 
 0.74607 0.29771 0.28606 -0.22076 -0.21431 -0.00187 -0.00207 0.70284 0.71394 
 0.74707 0.29764 0.28598 -0.22085 -0.21436 -0.00185 -0.00206 0.70292 0.71402 
 0.74807 0.29757 0.28591 -0.22094 -0.21442 -0.00182 -0.00205 0.70299 0.71409 
 0.74907 0.29751 0.28583 -0.22102 -0.21448 -0.00180 -0.00203 0.70306 0.71417 
 0.75008 0.29744 0.28575 -0.22111 -0.21453 -0.00177 -0.00202 0.70313 0.71425 
 0.75108 0.29737 0.28568 -0.22120 -0.21459 -0.00175 -0.00201 0.70320 0.71432 
 0.75208 0.29731 0.28560 -0.22128 -0.21464 -0.00173 -0.00200 0.70327 0.71440 
 0.75308 0.29725 0.28553 -0.22137 -0.21470 -0.00170 -0.00199 0.70333 0.71447 
 0.75408 0.29718 0.28545 -0.22146 -0.21475 -0.00168 -0.00198 0.70340 0.71455 
 0.75508 0.29712 0.28538 -0.22154 -0.21481 -0.00166 -0.00197 0.70346 0.71462 
 0.75608 0.29705 0.28530 -0.22163 -0.21486 -0.00164 -0.00197 0.70353 0.71470 
 0.75708 0.29699 0.28523 -0.22171 -0.21492 -0.00162 -0.00196 0.70359 0.71477 
 0.75808 0.29693 0.28516 -0.22180 -0.21497 -0.00161 -0.00195 0.70365 0.71484 
 0.75908 0.29687 0.28508 -0.22188 -0.21503 -0.00159 -0.00194 0.70372 0.71492 
 0.76008 0.29680 0.28501 -0.22197 -0.21508 -0.00157 -0.00193 0.70378 0.71499 
 0.76108 0.29675 0.28494 -0.22205 -0.21513 -0.00156 -0.00192 0.70384 0.71506 
 0.76208 0.29669 0.28486 -0.22214 -0.21519 -0.00155 -0.00191 0.70389 0.71513 
 0.76308 0.29664 0.28479 -0.22223 -0.21524 -0.00153 -0.00190 0.70395 0.71521 
 0.76408 0.29658 0.28472 -0.22231 -0.21529 -0.00152 -0.00189 0.70401 0.71528 
 0.76508 0.29653 0.28465 -0.22240 -0.21534 -0.00151 -0.00188 0.70406 0.71535 
 0.76608 0.29647 0.28458 -0.22249 -0.21540 -0.00150 -0.00187 0.70412 0.71542 
 0.76708 0.29642 0.28451 -0.22257 -0.21545 -0.00149 -0.00187 0.70418 0.71549 
 0.76808 0.29636 0.28444 -0.22266 -0.21550 -0.00149 -0.00186 0.70423 0.71556 
 0.76908 0.29632 0.28437 -0.22275 -0.21555 -0.00148 -0.00185 0.70429 0.71563 
 0.77008 0.29626 0.28430 -0.22283 -0.21560 -0.00148 -0.00184 0.70434 0.71570 
 0.77108 0.29621 0.28423 -0.22292 -0.21565 -0.00147 -0.00183 0.70439 0.71577 
 0.77208 0.29615 0.28416 -0.22300 -0.21570 -0.00147 -0.00182 0.70445 0.71584 
 0.77308 0.29611 0.28409 -0.22309 -0.21575 -0.00146 -0.00182 0.70450 0.71591 
 0.77408 0.29605 0.28403 -0.22317 -0.21580 -0.00146 -0.00181 0.70456 0.71597 
 0.77508 0.29600 0.28396 -0.22325 -0.21585 -0.00146 -0.00180 0.70461 0.71604 
 0.77608 0.29594 0.28389 -0.22334 -0.21590 -0.00146 -0.00179 0.70467 0.71611 
 0.77708 0.29590 0.28382 -0.22342 -0.21595 -0.00146 -0.00178 0.70472 0.71618 
 0.77808 0.29584 0.28376 -0.22350 -0.21600 -0.00147 -0.00178 0.70477 0.71624 
 0.77908 0.29579 0.28369 -0.22358 -0.21605 -0.00147 -0.00177 0.70483 0.71631 
 0.78008 0.29573 0.28362 -0.22367 -0.21610 -0.00147 -0.00176 0.70488 0.71638 
 0.78108 0.29568 0.28356 -0.22375 -0.21615 -0.00148 -0.00175 0.70494 0.71644 
 0.78208 0.29563 0.28349 -0.22383 -0.21619 -0.00148 -0.00175 0.70499 0.71651 
 0.78308 0.29558 0.28342 -0.22391 -0.21624 -0.00149 -0.00174 0.70505 0.71658 
 0.78408 0.29552 0.28336 -0.22399 -0.21629 -0.00150 -0.00173 0.70510 0.71664 
 0.78508 0.29547 0.28329 -0.22406 -0.21634 -0.00150 -0.00173 0.70516 0.71671 
 0.78608 0.29541 0.28323 -0.22414 -0.21639 -0.00151 -0.00172 0.70521 0.71677 
 0.78708 0.29536 0.28316 -0.22422 -0.21643 -0.00152 -0.00171 0.70527 0.71684 
 0.78808 0.29531 0.28310 -0.22429 -0.21648 -0.00153 -0.00171 0.70533 0.71690 
 0.78908 0.29526 0.28304 -0.22437 -0.21653 -0.00153 -0.00170 0.70539 0.71696 
 0.79008 0.29520 0.28297 -0.22444 -0.21657 -0.00155 -0.00169 0.70544 0.71703 
 0.79108 0.29515 0.28291 -0.22451 -0.21662 -0.00155 -0.00169 0.70550 0.71709 
 0.79208 0.29509 0.28285 -0.22458 -0.21666 -0.00157 -0.00168 0.70556 0.71715 
 0.79308 0.29503 0.28278 -0.22466 -0.21671 -0.00158 -0.00167 0.70562 0.71722 
 0.79408 0.29497 0.28272 -0.22473 -0.21676 -0.00159 -0.00167 0.70568 0.71728 
 0.79508 0.29492 0.28266 -0.22479 -0.21680 -0.00160 -0.00166 0.70574 0.71734 
 0.79608 0.29486 0.28259 -0.22486 -0.21685 -0.00161 -0.00165 0.70580 0.71741 
 0.79708 0.29480 0.28253 -0.22493 -0.21689 -0.00163 -0.00165 0.70587 0.71747 
 0.79808 0.29474 0.28247 -0.22500 -0.21693 -0.00164 -0.00164 0.70593 0.71753 
 0.79908 0.29469 0.28241 -0.22506 -0.21698 -0.00165 -0.00163 0.70599 0.71759 
 0.80008 0.29462 0.28235 -0.22513 -0.21702 -0.00167 -0.00163 0.70605 0.71765 
 0.80108 0.29457 0.28229 -0.22519 -0.21707 -0.00168 -0.00162 0.70612 0.71771 
 0.80208 0.29450 0.28223 -0.22525 -0.21711 -0.00169 -0.00161 0.70618 0.71778 
 0.80308 0.29444 0.28216 -0.22532 -0.21715 -0.00170 -0.00161 0.70625 0.71784 
 0.80408 0.29438 0.28210 -0.22538 -0.21720 -0.00171 -0.00160 0.70631 0.71790 
 0.80508 0.29432 0.28204 -0.22544 -0.21724 -0.00173 -0.00160 0.70638 0.71796 
 0.80608 0.29425 0.28198 -0.22550 -0.21728 -0.00174 -0.00159 0.70645 0.71802 
 0.80708 0.29419 0.28192 -0.22555 -0.21733 -0.00175 -0.00158 0.70651 0.71808 
 0.80808 0.29412 0.28186 -0.22561 -0.21737 -0.00176 -0.00158 0.70658 0.71814 
 0.80908 0.29406 0.28180 -0.22567 -0.21741 -0.00177 -0.00157 0.70665 0.71820 
 0.81008 0.29399 0.28175 -0.22573 -0.21745 -0.00179 -0.00157 0.70672 0.71825 
 0.81108 0.29393 0.28169 -0.22578 -0.21749 -0.00180 -0.00156 0.70679 0.71831 
 0.81208 0.29386 0.28163 -0.22583 -0.21754 -0.00181 -0.00155 0.70686 0.71837 
 0.81308 0.29380 0.28157 -0.22589 -0.21758 -0.00182 -0.00155 0.70693 0.71843 
 0.81408 0.29373 0.28151 -0.22594 -0.21762 -0.00183 -0.00154 0.70700 0.71849 
 0.81508 0.29366 0.28145 -0.22599 -0.21766 -0.00183 -0.00153 0.70707 0.71855 
 0.81608 0.29359 0.28140 -0.22605 -0.21770 -0.00184 -0.00153 0.70714 0.71860 
 0.81708 0.29353 0.28134 -0.22610 -0.21774 -0.00185 -0.00152 0.70721 0.71866 
 0.81808 0.29346 0.28128 -0.22615 -0.21778 -0.00186 -0.00152 0.70729 0.71872 
 0.81908 0.29339 0.28122 -0.22620 -0.21782 -0.00186 -0.00151 0.70736 0.71878 
 0.82008 0.29332 0.28117 -0.22625 -0.21786 -0.00187 -0.00150 0.70743 0.71883 
 0.82108 0.29326 0.28111 -0.22629 -0.21790 -0.00187 -0.00150 0.70750 0.71889 
 0.82208 0.29318 0.28105 -0.22634 -0.21794 -0.00188 -0.00149 0.70757 0.71895 
 0.82308 0.29312 0.28100 -0.22639 -0.21798 -0.00188 -0.00149 0.70764 0.71900 
 0.82408 0.29305 0.28094 -0.22643 -0.21802 -0.00189 -0.00148 0.70772 0.71906 
 0.82508 0.29298 0.28089 -0.22648 -0.21806 -0.00189 -0.00147 0.70779 0.71911 
 0.82608 0.29291 0.28083 -0.22652 -0.21810 -0.00189 -0.00147 0.70786 0.71917 
 0.82708 0.29284 0.28078 -0.22657 -0.21814 -0.00189 -0.00146 0.70793 0.71922 
 0.82808 0.29277 0.28072 -0.22661 -0.21818 -0.00189 -0.00146 0.70801 0.71928 
 0.82908 0.29270 0.28067 -0.22666 -0.21822 -0.00188 -0.00145 0.70808 0.71933 
 0.83008 0.29263 0.28061 -0.22670 -0.21826 -0.00188 -0.00144 0.70815 0.71939 
 0.83108 0.29257 0.28056 -0.22674 -0.21829 -0.00188 -0.00144 0.70823 0.71944 
 0.83208 0.29249 0.28050 -0.22678 -0.21833 -0.00187 -0.00143 0.70830 0.71950 
 0.83308 0.29243 0.28045 -0.22682 -0.21837 -0.00187 -0.00143 0.70837 0.71955 
 0.83408 0.29236 0.28040 -0.22686 -0.21841 -0.00186 -0.00142 0.70844 0.71960 
 0.83508 0.29229 0.28034 -0.22691 -0.21845 -0.00185 -0.00141 0.70851 0.71966 
 0.83608 0.29222 0.28029 -0.22694 -0.21848 -0.00184 -0.00141 0.70859 0.71971 
 0.83708 0.29216 0.28024 -0.22698 -0.21852 -0.00183 -0.00140 0.70866 0.71976 
 0.83808 0.29208 0.28018 -0.22702 -0.21856 -0.00183 -0.00140 0.70873 0.71982 
 0.83908 0.29202 0.28013 -0.22706 -0.21859 -0.00181 -0.00139 0.70880 0.71987 
 0.84008 0.29195 0.28008 -0.22710 -0.21863 -0.00180 -0.00138 0.70887 0.71992 
 0.84108 0.29189 0.28003 -0.22714 -0.21867 -0.00179 -0.00138 0.70893 0.71997 
 0.84208 0.29182 0.27997 -0.22718 -0.21870 -0.00178 -0.00137 0.70900 0.72003 
 0.84308 0.29176 0.27992 -0.22722 -0.21874 -0.00176 -0.00137 0.70907 0.72008 
 0.84408 0.29169 0.27987 -0.22726 -0.21878 -0.00175 -0.00136 0.70914 0.72013 
 0.84508 0.29163 0.27982 -0.22730 -0.21881 -0.00173 -0.00135 0.70920 0.72018 
 0.84608 0.29157 0.27977 -0.22734 -0.21885 -0.00171 -0.00135 0.70927 0.72023 
 0.84708 0.29151 0.27972 -0.22738 -0.21888 -0.00170 -0.00134 0.70934 0.72028 
 0.84808 0.29144 0.27967 -0.22741 -0.21892 -0.00168 -0.00134 0.70940 0.72033 
 0.84908 0.29138 0.27962 -0.22745 -0.21895 -0.00166 -0.00133 0.70946 0.72038 
 0.85009 0.29132 0.27957 -0.22749 -0.21899 -0.00164 -0.00132 0.70952 0.72043 
 0.85109 0.29126 0.27952 -0.22753 -0.21902 -0.00162 -0.00132 0.70959 0.72048 
 0.85209 0.29120 0.27947 -0.22757 -0.21906 -0.00160 -0.00131 0.70965 0.72053 
 0.85309 0.29115 0.27942 -0.22761 -0.21909 -0.00158 -0.00131 0.70971 0.72058 
 0.85409 0.29109 0.27937 -0.22765 -0.21913 -0.00156 -0.00130 0.70977 0.72063 
 0.85509 0.29104 0.27932 -0.22769 -0.21916 -0.00154 -0.00129 0.70983 0.72068 
 0.85609 0.29098 0.27927 -0.22773 -0.21920 -0.00151 -0.00129 0.70988 0.72073 
 0.85709 0.29093 0.27923 -0.22776 -0.21923 -0.00149 -0.00128 0.70994 0.72077 
 0.85809 0.29087 0.27918 -0.22780 -0.21926 -0.00147 -0.00128 0.70999 0.72082 
 0.85909 0.29082 0.27913 -0.22784 -0.21930 -0.00144 -0.00127 0.71005 0.72087 
 0.86009 0.29077 0.27908 -0.22788 -0.21933 -0.00142 -0.00126 0.71010 0.72092 
 0.86109 0.29072 0.27903 -0.22792 -0.21937 -0.00140 -0.00126 0.71016 0.72096 
 0.86209 0.29067 0.27899 -0.22796 -0.21940 -0.00137 -0.00125 0.71021 0.72101 
 0.86309 0.29062 0.27894 -0.22800 -0.21943 -0.00135 -0.00125 0.71026 0.72106 
 0.86409 0.29057 0.27889 -0.22805 -0.21946 -0.00132 -0.00124 0.71031 0.72111 
 0.86509 0.29053 0.27885 -0.22809 -0.21950 -0.00130 -0.00123 0.71035 0.72115 
 0.86609 0.29048 0.27880 -0.22813 -0.21953 -0.00127 -0.00123 0.71040 0.72120 
 0.86709 0.29044 0.27875 -0.22817 -0.21956 -0.00125 -0.00122 0.71045 0.72125 
 0.86809 0.29039 0.27871 -0.22821 -0.21960 -0.00122 -0.00122 0.71049 0.72129 
 0.86909 0.29035 0.27866 -0.22825 -0.21963 -0.00120 -0.00121 0.71054 0.72134 
 0.87009 0.29031 0.27862 -0.22830 -0.21966 -0.00117 -0.00121 0.71058 0.72138 
 0.87109 0.29027 0.27857 -0.22834 -0.21969 -0.00115 -0.00120 0.71062 0.72143 
 0.87209 0.29023 0.27853 -0.22838 -0.21973 -0.00113 -0.00119 0.71066 0.72147 
 0.87309 0.29019 0.27848 -0.22843 -0.21976 -0.00110 -0.00119 0.71070 0.72152 
 0.87409 0.29015 0.27844 -0.22847 -0.21979 -0.00108 -0.00118 0.71074 0.72156 
 0.87509 0.29012 0.27839 -0.22852 -0.21982 -0.00105 -0.00118 0.71078 0.72161 
 0.87609 0.29008 0.27835 -0.22856 -0.21985 -0.00103 -0.00117 0.71082 0.72165 
 0.87709 0.29005 0.27830 -0.22861 -0.21988 -0.00101 -0.00117 0.71085 0.72170 
 0.87809 0.29001 0.27826 -0.22865 -0.21991 -0.00099 -0.00116 0.71089 0.72174 
 0.87909 0.28998 0.27822 -0.22870 -0.21994 -0.00097 -0.00116 0.71092 0.72178 
 0.88009 0.28994 0.27817 -0.22874 -0.21998 -0.00095 -0.00115 0.71095 0.72183 
 0.88109 0.28991 0.27813 -0.22879 -0.22001 -0.00093 -0.00115 0.71099 0.72187 
 0.88209 0.28988 0.27809 -0.22883 -0.22004 -0.00091 -0.00114 0.71102 0.72191 
 0.88309 0.28985 0.27804 -0.22888 -0.22007 -0.00089 -0.00113 0.71105 0.72196 
 0.88409 0.28982 0.27800 -0.22893 -0.22010 -0.00087 -0.00113 0.71108 0.72200 
 0.88509 0.28980 0.27796 -0.22897 -0.22013 -0.00085 -0.00112 0.71111 0.72204 
 0.88609 0.28977 0.27792 -0.22902 -0.22016 -0.00084 -0.00112 0.71114 0.72208 
 0.88709 0.28974 0.27787 -0.22907 -0.22019 -0.00082 -0.00111 0.71117 0.72213 
 0.88809 0.28971 0.27783 -0.22912 -0.22022 -0.00081 -0.00111 0.71120 0.72217 
 0.88909 0.28969 0.27779 -0.22916 -0.22025 -0.00079 -0.00110 0.71122 0.72221 
 0.89009 0.28966 0.27775 -0.22921 -0.22027 -0.00078 -0.00110 0.71125 0.72225 
 0.89109 0.28964 0.27771 -0.22926 -0.22031 -0.00077 -0.00109 0.71128 0.72229 
 0.89209 0.28961 0.27767 -0.22931 -0.22033 -0.00075 -0.00109 0.71130 0.72233 
 0.89309 0.28959 0.27763 -0.22936 -0.22036 -0.00074 -0.00108 0.71133 0.72237 
 0.89409 0.28956 0.27759 -0.22941 -0.22039 -0.00073 -0.00108 0.71135 0.72241 
 0.89509 0.28954 0.27754 -0.22946 -0.22042 -0.00072 -0.00107 0.71138 0.72245 
 0.89609 0.28952 0.27751 -0.22951 -0.22045 -0.00072 -0.00107 0.71140 0.72249 
 0.89709 0.28950 0.27747 -0.22956 -0.22048 -0.00071 -0.00106 0.71142 0.72254 
 0.89809 0.28947 0.27742 -0.22960 -0.22051 -0.00070 -0.00106 0.71145 0.72257 
 0.89909 0.28945 0.27738 -0.22965 -0.22053 -0.00070 -0.00105 0.71147 0.72262 
 0.90009 0.28943 0.27735 -0.22970 -0.22056 -0.00069 -0.00105 0.71149 0.72266 
 0.90109 0.28941 0.27731 -0.22975 -0.22059 -0.00069 -0.00104 0.71152 0.72269 
 0.90209 0.28938 0.27727 -0.22980 -0.22062 -0.00069 -0.00104 0.71154 0.72273 
 0.90309 0.28936 0.27723 -0.22985 -0.22065 -0.00068 -0.00104 0.71156 0.72277 
 0.90409 0.28934 0.27719 -0.22990 -0.22067 -0.00068 -0.00103 0.71159 0.72281 
 0.90509 0.28932 0.27715 -0.22994 -0.22070 -0.00068 -0.00103 0.71161 0.72285 
 0.90609 0.28930 0.27711 -0.22999 -0.22073 -0.00068 -0.00102 0.71163 0.72289 
 0.90709 0.28928 0.27707 -0.23004 -0.22076 -0.00068 -0.00102 0.71165 0.72293 
 0.90809 0.28925 0.27703 -0.23009 -0.22078 -0.00069 -0.00101 0.71168 0.72296 
 0.90909 0.28923 0.27700 -0.23014 -0.22081 -0.00069 -0.00101 0.71170 0.72300 
 0.91009 0.28921 0.27696 -0.23018 -0.22084 -0.00069 -0.00100 0.71172 0.72304 
 0.91109 0.28919 0.27692 -0.23023 -0.22086 -0.00070 -0.00100 0.71175 0.72308 
 0.91209 0.28916 0.27688 -0.23028 -0.22089 -0.00071 -0.00100 0.71177 0.72312 
 0.91309 0.28914 0.27685 -0.23033 -0.22092 -0.00071 -0.00099 0.71180 0.72315 
 0.91409 0.28911 0.27681 -0.23037 -0.22094 -0.00072 -0.00099 0.71182 0.72319 
 0.91509 0.28909 0.27677 -0.23042 -0.22097 -0.00073 -0.00098 0.71185 0.72323 
 0.91609 0.28907 0.27674 -0.23046 -0.22099 -0.00074 -0.00098 0.71187 0.72327 
 0.91709 0.28904 0.27670 -0.23051 -0.22102 -0.00074 -0.00097 0.71190 0.72330 
 0.91809 0.28902 0.27666 -0.23056 -0.22105 -0.00075 -0.00097 0.71192 0.72334 
 0.91909 0.28899 0.27663 -0.23060 -0.22107 -0.00076 -0.00097 0.71195 0.72337 
 0.92009 0.28896 0.27659 -0.23064 -0.22110 -0.00078 -0.00096 0.71198 0.72341 
 0.92109 0.28894 0.27655 -0.23069 -0.22112 -0.00079 -0.00096 0.71200 0.72345 
 0.92209 0.28891 0.27652 -0.23073 -0.22115 -0.00080 -0.00095 0.71203 0.72348 
 0.92309 0.28889 0.27648 -0.23078 -0.22117 -0.00081 -0.00095 0.71206 0.72352 
 0.92409 0.28886 0.27644 -0.23082 -0.22120 -0.00083 -0.00094 0.71209 0.72355 
 0.92509 0.28883 0.27641 -0.23086 -0.22122 -0.00084 -0.00094 0.71212 0.72359 
 0.92609 0.28880 0.27637 -0.23090 -0.22125 -0.00085 -0.00094 0.71215 0.72363 
 0.92709 0.28877 0.27634 -0.23094 -0.22127 -0.00087 -0.00093 0.71218 0.72366 
 0.92809 0.28874 0.27630 -0.23098 -0.22130 -0.00088 -0.00093 0.71221 0.72370 
 0.92909 0.28871 0.27627 -0.23102 -0.22132 -0.00090 -0.00092 0.71224 0.72373 
 0.93009 0.28868 0.27623 -0.23106 -0.22135 -0.00091 -0.00092 0.71228 0.72377 
 0.93109 0.28865 0.27620 -0.23110 -0.22137 -0.00093 -0.00092 0.71231 0.72380 
 0.93209 0.28861 0.27616 -0.23113 -0.22140 -0.00094 -0.00091 0.71234 0.72384 
 0.93309 0.28858 0.27613 -0.23117 -0.22142 -0.00096 -0.00091 0.71238 0.72387 
 0.93409 0.28854 0.27610 -0.23121 -0.22144 -0.00097 -0.00091 0.71241 0.72390 
 0.93509 0.28851 0.27606 -0.23124 -0.22147 -0.00099 -0.00090 0.71245 0.72394 
 0.93609 0.28848 0.27603 -0.23128 -0.22149 -0.00100 -0.00090 0.71248 0.72397 
 0.93709 0.28844 0.27599 -0.23131 -0.22151 -0.00102 -0.00089 0.71252 0.72401 
 0.93809 0.28840 0.27596 -0.23135 -0.22154 -0.00103 -0.00089 0.71256 0.72404 
 0.93909 0.28837 0.27593 -0.23138 -0.22156 -0.00105 -0.00089 0.71259 0.72407 
 0.94009 0.28833 0.27589 -0.23141 -0.22159 -0.00106 -0.00088 0.71263 0.72411 
 0.94109 0.28829 0.27586 -0.23145 -0.22161 -0.00108 -0.00088 0.71267 0.72414 
 0.94209 0.28825 0.27583 -0.23148 -0.22163 -0.00109 -0.00088 0.71271 0.72417 
 0.94309 0.28822 0.27580 -0.23151 -0.22165 -0.00111 -0.00087 0.71275 0.72420 
 0.94409 0.28817 0.27576 -0.23154 -0.22168 -0.00112 -0.00087 0.71279 0.72424 
 0.94509 0.28814 0.27573 -0.23157 -0.22170 -0.00113 -0.00086 0.71283 0.72427 
 0.94609 0.28809 0.27570 -0.23160 -0.22172 -0.00115 -0.00086 0.71288 0.72430 
 0.94709 0.28805 0.27566 -0.23163 -0.22175 -0.00116 -0.00086 0.71292 0.72433 
 0.94809 0.28801 0.27563 -0.23165 -0.22177 -0.00117 -0.00085 0.71296 0.72437 
 0.94909 0.28797 0.27560 -0.23168 -0.22179 -0.00118 -0.00085 0.71300 0.72440 
 0.95010 0.28793 0.27557 -0.23171 -0.22181 -0.00119 -0.00085 0.71305 0.72443 
 0.95110 0.28789 0.27554 -0.23173 -0.22184 -0.00120 -0.00084 0.71309 0.72446 
 0.95210 0.28784 0.27550 -0.23176 -0.22186 -0.00121 -0.00084 0.71314 0.72450 
 0.95310 0.28780 0.27547 -0.23178 -0.22188 -0.00122 -0.00084 0.71318 0.72453 
 0.95410 0.28775 0.27544 -0.23181 -0.22190 -0.00123 -0.00083 0.71323 0.72456 
 0.95510 0.28771 0.27541 -0.23183 -0.22192 -0.00124 -0.00083 0.71327 0.72459 
 0.95610 0.28766 0.27538 -0.23185 -0.22195 -0.00125 -0.00082 0.71332 0.72462 
 0.95710 0.28762 0.27535 -0.23187 -0.22197 -0.00125 -0.00082 0.71336 0.72465 
 0.95810 0.28757 0.27532 -0.23190 -0.22199 -0.00126 -0.00082 0.71341 0.72468 
 0.95910 0.28753 0.27529 -0.23192 -0.22201 -0.00126 -0.00081 0.71346 0.72471 
 0.96010 0.28748 0.27526 -0.23194 -0.22203 -0.00127 -0.00081 0.71350 0.72474 
 0.96110 0.28744 0.27523 -0.23196 -0.22205 -0.00127 -0.00081 0.71355 0.72477 
 0.96210 0.28739 0.27520 -0.23198 -0.22207 -0.00127 -0.00080 0.71360 0.72480 
 0.96310 0.28735 0.27517 -0.23200 -0.22209 -0.00128 -0.00080 0.71364 0.72483 
 0.96410 0.28730 0.27514 -0.23202 -0.22212 -0.00128 -0.00080 0.71369 0.72486 
 0.96510 0.28725 0.27511 -0.23203 -0.22214 -0.00128 -0.00079 0.71374 0.72489 
 0.96610 0.28721 0.27508 -0.23205 -0.22216 -0.00128 -0.00079 0.71378 0.72492 
 0.96710 0.28716 0.27505 -0.23207 -0.22218 -0.00128 -0.00079 0.71383 0.72495 
 0.96810 0.28711 0.27502 -0.23209 -0.22220 -0.00128 -0.00078 0.71387 0.72498 
 0.96910 0.28707 0.27499 -0.23210 -0.22222 -0.00127 -0.00078 0.71392 0.72501 
 0.97010 0.28702 0.27496 -0.23212 -0.22224 -0.00127 -0.00078 0.71397 0.72504 
 0.97110 0.28698 0.27493 -0.23214 -0.22226 -0.00126 -0.00077 0.71401 0.72507 
 0.97210 0.28693 0.27490 -0.23215 -0.22228 -0.00126 -0.00077 0.71406 0.72510 
 0.97310 0.28689 0.27487 -0.23217 -0.22230 -0.00125 -0.00077 0.71410 0.72513 
 0.97410 0.28684 0.27484 -0.23219 -0.22232 -0.00125 -0.00076 0.71415 0.72516 
 0.97510 0.28680 0.27481 -0.23220 -0.22234 -0.00124 -0.00076 0.71419 0.72519 
 0.97610 0.28675 0.27479 -0.23222 -0.22236 -0.00123 -0.00076 0.71424 0.72522 
 0.97710 0.28671 0.27476 -0.23223 -0.22238 -0.00122 -0.00075 0.71428 0.72524 
 0.97810 0.28666 0.27473 -0.23225 -0.22240 -0.00121 -0.00075 0.71433 0.72527 
 0.97910 0.28662 0.27470 -0.23226 -0.22242 -0.00120 -0.00075 0.71437 0.72530 
 0.98010 0.28658 0.27467 -0.23228 -0.22244 -0.00119 -0.00074 0.71441 0.72533 
 0.98110 0.28654 0.27464 -0.23229 -0.22246 -0.00118 -0.00074 0.71445 0.72536 
 0.98210 0.28649 0.27462 -0.23231 -0.22248 -0.00116 -0.00074 0.71449 0.72538 
 0.98310 0.28646 0.27459 -0.23232 -0.22249 -0.00115 -0.00073 0.71453 0.72541 
 0.98410 0.28641 0.27456 -0.23234 -0.22251 -0.00114 -0.00073 0.71458 0.72544 
 0.98510 0.28637 0.27453 -0.23235 -0.22253 -0.00112 -0.00073 0.71461 0.72547 
 0.98610 0.28633 0.27451 -0.23237 -0.22255 -0.00111 -0.00072 0.71465 0.72549 
 0.98710 0.28630 0.27448 -0.23238 -0.22257 -0.00109 -0.00072 0.71469 0.72552 
 0.98810 0.28626 0.27445 -0.23240 -0.22259 -0.00108 -0.00072 0.71473 0.72555 
 0.98910 0.28622 0.27442 -0.23241 -0.22261 -0.00106 -0.00071 0.71477 0.72557 
 0.99010 0.28618 0.27440 -0.23243 -0.22263 -0.00104 -0.00071 0.71480 0.72560 
 0.99110 0.28615 0.27437 -0.23244 -0.22265 -0.00102 -0.00071 0.71484 0.72563 
 0.99210 0.28611 0.27435 -0.23246 -0.22266 -0.00101 -0.00070 0.71487 0.72566 
 0.99310 0.28608 0.27432 -0.23247 -0.22268 -0.00099 -0.00070 0.71491 0.72568 
 0.99410 0.28604 0.27429 -0.23249 -0.22270 -0.00097 -0.00070 0.71494 0.72571 
 0.99510 0.28601 0.27427 -0.23250 -0.22272 -0.00095 -0.00069 0.71497 0.72573 
 0.99610 0.28598 0.27424 -0.23252 -0.22274 -0.00093 -0.00069 0.71501 0.72576 
 0.99710 0.28595 0.27421 -0.23254 -0.22276 -0.00091 -0.00069 0.71504 0.72579 
 0.99810 0.28592 0.27419 -0.23255 -0.22277 -0.00089 -0.00068 0.71507 0.72581 
 0.99910 0.28589 0.27416 -0.23257 -0.22279 -0.00087 -0.00068 0.71510 0.72584 
