 0.00000 1.00000 1.00000 0.00000 0.00000 0.00000 0.00000 0.00000 0.00000 
 0.00100 0.99965 0.99965 0.00039 0.00039 -0.01877 -0.01877 0.00035 0.00035 
 0.00200 0.99859 0.99859 0.00153 0.00153 -0.03725 -0.03725 0.00141 0.00141 
 0.00300 0.99685 0.99685 0.00334 0.00334 -0.05516 -0.05516 0.00315 0.00315 
 0.00400 0.99444 0.99444 0.00573 0.00573 -0.07230 -0.07230 0.00556 0.00556 
 0.00500 0.99141 0.99141 0.00859 0.00859 -0.08848 -0.08848 0.00859 0.00859 
 0.00600 0.98779 0.98779 0.01179 0.01179 -0.10355 -0.10355 0.01221 0.01221 
 0.00700 0.98362 0.98362 0.01521 0.01521 -0.11739 -0.11739 0.01638 0.01638 
 0.00800 0.97896 0.97896 0.01873 0.01873 -0.12992 -0.12992 0.02104 0.02104 
 0.00900 0.97385 0.97385 0.02222 0.02222 -0.14111 -0.14111 0.02615 0.02615 
 0.01000 0.96835 0.96835 0.02560 0.02560 -0.15095 -0.15095 0.03165 0.03165 
 0.01100 0.96250 0.96250 0.02875 0.02875 -0.15946 -0.15946 0.03750 0.03750 
 0.01200 0.95635 0.95635 0.03161 0.03161 -0.16669 -0.16669 0.04365 0.04365 
 0.01300 0.94995 0.94995 0.03411 0.03411 -0.17270 -0.17270 0.05005 0.05005 
 0.01400 0.94335 0.94335 0.03621 0.03621 -0.17757 -0.17757 0.05665 0.05665 
 0.01500 0.93659 0.93659 0.03789 0.03789 -0.18139 -0.18139 0.06341 0.06341 
 0.01600 0.92970 0.92970 0.03912 0.03912 -0.18426 -0.18426 0.07031 0.07031 
 0.01700 0.92271 0.92271 0.03992 0.03992 -0.18627 -0.18627 0.07729 0.07729 
 0.01800 0.91567 0.91567 0.04029 0.04029 -0.18752 -0.18752 0.08433 0.08433 
 0.01900 0.90859 0.90859 0.04025 0.04025 -0.18809 -0.18809 0.09141 0.09141 
 0.02000 0.90151 0.90151 0.03984 0.03984 -0.18808 -0.18808 0.09849 0.09849 
 0.02100 0.89443 0.89443 0.03908 0.03908 -0.18755 -0.18755 0.10557 0.10557 
 0.02200 0.88738 0.88738 0.03802 0.03802 -0.18659 -0.18659 0.11262 0.11262 
 0.02300 0.88037 0.88037 0.03669 0.03669 -0.18525 -0.18525 0.11963 0.11963 
 0.02400 0.87343 0.87343 0.03512 0.03512 -0.18358 -0.18358 0.12657 0.12657 
 0.02500 0.86655 0.86655 0.03335 0.03335 -0.18164 -0.18164 0.13345 0.13345 
 0.02600 0.85974 0.85974 0.03141 0.03141 -0.17946 -0.17946 0.14026 0.14026 
 0.02700 0.85303 0.85303 0.02934 0.02934 -0.17707 -0.17707 0.14697 0.14697 
 0.02800 0.84640 0.84640 0.02715 0.02715 -0.17452 -0.17452 0.15360 0.15360 
 0.02900 0.83988 0.83988 0.02488 0.02488 -0.17181 -0.17181 0.16012 0.16012 
 0.03000 0.83346 0.83346 0.02255 0.02255 -0.16897 -0.16897 0.16654 0.16654 
 0.03100 0.82715 0.82715 0.02016 0.02016 -0.16602 -0.16602 0.17285 0.17285 
 0.03200 0.82095 0.82095 0.01775 0.01775 -0.16298 -0.16298 0.17905 0.17905 
 0.03300 0.81487 0.81487 0.01531 0.01531 -0.15986 -0.15986 0.18513 0.18513 
 0.03400 0.80891 0.80891 0.01287 0.01287 -0.15666 -0.15666 0.19109 0.19109 
 0.03500 0.80307 0.80307 0.01042 0.01042 -0.15341 -0.15341 0.19693 0.19693 
 0.03600 0.79735 0.79735 0.00798 0.00798 -0.15011 -0.15011 0.20265 0.20265 
 0.03700 0.79176 0.79176 0.00555 0.00555 -0.14678 -0.14678 0.20824 0.20824 
 0.03800 0.78629 0.78629 0.00313 0.00313 -0.14341 -0.14341 0.21371 0.21371 
 0.03900 0.78095 0.78095 0.00073 0.00073 -0.14002 -0.14002 0.21905 0.21905 
 0.04000 0.77574 0.77574 -0.00165 -0.00165 -0.13662 -0.13662 0.22426 0.22426 
 0.04100 0.77066 0.77066 -0.00400 -0.00400 -0.13322 -0.13322 0.22934 0.22934 
 0.04200 0.76570 0.76570 -0.00633 -0.00633 -0.12983 -0.12983 0.23430 0.23430 
 0.04300 0.76088 0.76088 -0.00864 -0.00864 -0.12644 -0.12644 0.23912 0.23912 
 0.04400 0.75618 0.75618 -0.01092 -0.01092 -0.12308 -0.12308 0.24382 0.24382 
 0.04500 0.75160 0.75160 -0.01317 -0.01317 -0.11974 -0.11974 0.24840 0.24840 
 0.04600 0.74715 0.74715 -0.01540 -0.01540 -0.11644 -0.11644 0.25285 0.25285 
 0.04700 0.74283 0.74283 -0.01760 -0.01760 -0.11317 -0.11317 0.25717 0.25717 
 0.04800 0.73863 0.73863 -0.01977 -0.01977 -0.10995 -0.10995 0.26137 0.26137 
 0.04900 0.73454 0.73454 -0.02191 -0.02191 -0.10678 -0.10678 0.26546 0.26546 
 0.05001 0.73058 0.73058 -0.02402 -0.02402 -0.10367 -0.10367 0.26942 0.26942 
 0.05101 0.72673 0.72673 -0.02611 -0.02611 -0.10063 -0.10063 0.27327 0.27327 
 0.05201 0.72300 0.72300 -0.02817 -0.02817 -0.09764 -0.09764 0.27700 0.27700 
 0.05301 0.71937 0.71937 -0.03020 -0.03020 -0.09473 -0.09473 0.28063 0.28063 
 0.05401 0.71586 0.71586 -0.03220 -0.03220 -0.09190 -0.09190 0.28414 0.28414 
 0.05501 0.71245 0.71245 -0.03417 -0.03417 -0.08914 -0.08914 0.28755 0.28755 
 0.05601 0.70914 0.70914 -0.03611 -0.03611 -0.08646 -0.08646 0.29086 0.29086 
 0.05701 0.70593 0.70593 -0.03803 -0.03803 -0.08386 -0.08386 0.29407 0.29407 
 0.05801 0.70282 0.70282 -0.03992 -0.03992 -0.08135 -0.08135 0.29718 0.29718 
 0.05901 0.69980 0.69980 -0.04178 -0.04178 -0.07893 -0.07893 0.30020 0.30020 
 0.06001 0.69687 0.69687 -0.04361 -0.04361 -0.07660 -0.07660 0.30313 0.30313 
 0.06101 0.69403 0.69403 -0.04542 -0.04542 -0.07435 -0.07435 0.30597 0.30597 
 0.06201 0.69127 0.69127 -0.04719 -0.04719 -0.07219 -0.07219 0.30873 0.30873 
 0.06301 0.68859 0.68859 -0.04894 -0.04894 -0.07013 -0.07013 0.31141 0.31141 
 0.06401 0.68598 0.68598 -0.05067 -0.05067 -0.06815 -0.06815 0.31401 0.31401 
 0.06501 0.68345 0.68345 -0.05236 -0.05236 -0.06626 -0.06626 0.31655 0.31655 
 0.06601 0.68099 0.68099 -0.05403 -0.05403 -0.06446 -0.06446 0.31901 0.31901 
 0.06701 0.67860 0.67860 -0.05567 -0.05567 -0.06275 -0.06275 0.32140 0.32140 
 0.06801 0.67626 0.67626 -0.05728 -0.05728 -0.06112 -0.06112 0.32374 0.32374 
 0.06901 0.67399 0.67399 -0.05887 -0.05887 -0.05957 -0.05957 0.32601 0.32601 
 0.07001 0.67177 0.67177 -0.06043 -0.06043 -0.05811 -0.05811 0.32823 0.32823 
 0.07101 0.66961 0.66961 -0.06196 -0.06196 -0.05673 -0.05673 0.33039 0.33039 
 0.07201 0.66750 0.66750 -0.06346 -0.06346 -0.05543 -0.05543 0.33250 0.33250 
 0.07301 0.66543 0.66543 -0.06494 -0.06494 -0.05421 -0.05421 0.33457 0.33457 
 0.07401 0.66341 0.66341 -0.06640 -0.06640 -0.05305 -0.05305 0.33659 0.33659 
 0.07501 0.66143 0.66143 -0.06782 -0.06782 -0.05197 -0.05197 0.33857 0.33857 
 0.07601 0.65950 0.65950 -0.06922 -0.06922 -0.05096 -0.05096 0.34050 0.34050 
 0.07701 0.65759 0.65759 -0.07060 -0.07060 -0.05001 -0.05001 0.34241 0.34241 
 0.07801 0.65573 0.65573 -0.07194 -0.07194 -0.04913 -0.04913 0.34427 0.34427 
 0.07901 0.65389 0.65389 -0.07327 -0.07327 -0.04830 -0.04830 0.34611 0.34611 
 0.08001 0.65209 0.65209 -0.07456 -0.07456 -0.04753 -0.04753 0.34791 0.34791 
 0.08101 0.65031 0.65031 -0.07583 -0.07583 -0.04682 -0.04682 0.34969 0.34969 
 0.08201 0.64856 0.64856 -0.07708 -0.07708 -0.04615 -0.04615 0.35144 0.35144 
 0.08301 0.64683 0.64683 -0.07830 -0.07830 -0.04553 -0.04553 0.35317 0.35317 
 0.08401 0.64513 0.64513 -0.07950 -0.07950 -0.04495 -0.04495 0.35487 0.35487 
 0.08501 0.64344 0.64344 -0.08067 -0.08067 -0.04442 -0.04442 0.35656 0.35656 
 0.08601 0.64178 0.64178 -0.08182 -0.08182 -0.04392 -0.04392 0.35822 0.35822 
 0.08701 0.64013 0.64013 -0.08295 -0.08295 -0.04346 -0.04346 0.35987 0.35987 
 0.08801 0.63850 0.63850 -0.08405 -0.08405 -0.04303 -0.04303 0.36150 0.36150 
 0.08901 0.63689 0.63689 -0.08513 -0.08513 -0.04263 -0.04263 0.36311 0.36311 
 0.09001 0.63529 0.63529 -0.08619 -0.08619 -0.04226 -0.04226 0.36471 0.36471 
 0.09101 0.63371 0.63371 -0.08723 -0.08723 -0.04191 -0.04191 0.36629 0.36629 
 0.09201 0.63213 0.63213 -0.08824 -0.08824 -0.04158 -0.04158 0.36787 0.36787 
 0.09301 0.63057 0.63057 -0.08924 -0.08924 -0.04128 -0.04128 0.36943 0.36943 
 0.09401 0.62902 0.62902 -0.09022 -0.09022 -0.04099 -0.04099 0.37098 0.37098 
 0.09501 0.62748 0.62748 -0.09118 -0.09118 -0.04071 -0.04071 0.37251 0.37251 
 0.09601 0.62596 0.62596 -0.09212 -0.09212 -0.04045 -0.04045 0.37404 0.37404 
 0.09701 0.62444 0.62444 -0.09305 -0.09305 -0.04021 -0.04021 0.37556 0.37556 
 0.09801 0.62293 0.62293 -0.09395 -0.09395 -0.03997 -0.03997 0.37707 0.37707 
 0.09901 0.62143 0.62143 -0.09484 -0.09484 -0.03974 -0.03974 0.37857 0.37857 
 0.10001 0.61993 0.61993 -0.09571 -0.09571 -0.03952 -0.03952 0.38007 0.38007 
 0.10101 0.61845 0.61845 -0.09657 -0.09657 -0.03931 -0.03931 0.38155 0.38155 
 0.10201 0.61697 0.61697 -0.09741 -0.09741 -0.03910 -0.03910 0.38303 0.38303 
 0.10301 0.61550 0.61550 -0.09824 -0.09824 -0.03890 -0.03890 0.38450 0.38450 
 0.10401 0.61404 0.61404 -0.09905 -0.09905 -0.03870 -0.03870 0.38596 0.38596 
 0.10501 0.61259 0.61259 -0.09984 -0.09984 -0.03850 -0.03850 0.38742 0.38742 
 0.10601 0.61114 0.61114 -0.10062 -0.10062 -0.03830 -0.03830 0.38886 0.38886 
 0.10701 0.60970 0.60970 -0.10139 -0.10139 -0.03811 -0.03811 0.39030 0.39030 
 0.10801 0.60827 0.60827 -0.10214 -0.10214 -0.03792 -0.03792 0.39173 0.39173 
 0.10901 0.60684 0.60684 -0.10288 -0.10288 -0.03772 -0.03772 0.39316 0.39316 
 0.11001 0.60542 0.60542 -0.10361 -0.10361 -0.03753 -0.03753 0.39458 0.39458 
 0.11101 0.60401 0.60401 -0.10432 -0.10432 -0.03733 -0.03733 0.39599 0.39599 
 0.11201 0.60261 0.60261 -0.10502 -0.10502 -0.03714 -0.03714 0.39739 0.39739 
 0.11301 0.60122 0.60122 -0.10570 -0.10570 -0.03694 -0.03694 0.39878 0.39878 
 0.11401 0.59983 0.59983 -0.10637 -0.10637 -0.03674 -0.03674 0.40017 0.40017 
 0.11501 0.59845 0.59845 -0.10703 -0.10703 -0.03653 -0.03653 0.40155 0.40155 
 0.11601 0.59708 0.59708 -0.10768 -0.10768 -0.03633 -0.03633 0.40292 0.40292 
 0.11701 0.59571 0.59571 -0.10831 -0.10831 -0.03612 -0.03612 0.40429 0.40429 
 0.11801 0.59435 0.59435 -0.10894 -0.10894 -0.03591 -0.03591 0.40564 0.40564 
 0.11901 0.59301 0.59301 -0.10955 -0.10955 -0.03569 -0.03569 0.40699 0.40699 
 0.12001 0.59167 0.59167 -0.11015 -0.11015 -0.03547 -0.03547 0.40833 0.40833 
 0.12101 0.59033 0.59033 -0.11074 -0.11074 -0.03525 -0.03525 0.40967 0.40967 
 0.12201 0.58901 0.58901 -0.11131 -0.11131 -0.03503 -0.03503 0.41099 0.41099 
 0.12301 0.58769 0.58769 -0.11188 -0.11188 -0.03480 -0.03480 0.41231 0.41231 
 0.12401 0.58639 0.58639 -0.11244 -0.11244 -0.03457 -0.03457 0.41361 0.41361 
 0.12501 0.58509 0.58509 -0.11298 -0.11298 -0.03434 -0.03434 0.41491 0.41491 
 0.12601 0.58380 0.58380 -0.11352 -0.11352 -0.03411 -0.03411 0.41620 0.41620 
 0.12701 0.58252 0.58252 -0.11404 -0.11404 -0.03387 -0.03387 0.41748 0.41748 
 0.12801 0.58125 0.58125 -0.11455 -0.11455 -0.03363 -0.03363 0.41875 0.41875 
 0.12901 0.57999 0.57999 -0.11506 -0.11506 -0.03339 -0.03339 0.42001 0.42001 
 0.13001 0.57873 0.57873 -0.11555 -0.11555 -0.03314 -0.03314 0.42127 0.42127 
 0.13101 0.57749 0.57749 -0.11604 -0.11604 -0.03290 -0.03290 0.42251 0.42251 
 0.13201 0.57625 0.57625 -0.11651 -0.11651 -0.03265 -0.03265 0.42375 0.42375 
 0.13301 0.57503 0.57503 -0.11698 -0.11698 -0.03240 -0.03240 0.42497 0.42497 
 0.13401 0.57381 0.57381 -0.11744 -0.11744 -0.03215 -0.03215 0.42619 0.42619 
 0.13501 0.57261 0.57261 -0.11789 -0.11789 -0.03190 -0.03190 0.42739 0.42739 
 0.13601 0.57141 0.57141 -0.11833 -0.11833 -0.03165 -0.03165 0.42859 0.42859 
 0.13701 0.57022 0.57022 -0.11876 -0.11876 -0.03140 -0.03140 0.42978 0.42978 
 0.13801 0.56904 0.56904 -0.11918 -0.11918 -0.03115 -0.03115 0.43096 0.43096 
 0.13901 0.56787 0.56787 -0.11960 -0.11960 -0.03090 -0.03090 0.43213 0.43213 
 0.14001 0.56671 0.56671 -0.12000 -0.12000 -0.03065 -0.03065 0.43328 0.43328 
 0.14101 0.56556 0.56556 -0.12040 -0.12040 -0.03040 -0.03040 0.43444 0.43444 
 0.14201 0.56442 0.56442 -0.12079 -0.12079 -0.03015 -0.03015 0.43557 0.43557 
 0.14301 0.56329 0.56329 -0.12118 -0.12118 -0.02990 -0.02990 0.43671 0.43671 
 0.14401 0.56217 0.56217 -0.12155 -0.12155 -0.02965 -0.02965 0.43783 0.43783 
 0.14501 0.56106 0.56106 -0.12192 -0.12192 -0.02940 -0.02940 0.43894 0.43894 
 0.14601 0.55996 0.55996 -0.12228 -0.12228 -0.02916 -0.02916 0.44004 0.44004 
 0.14701 0.55886 0.55886 -0.12263 -0.12263 -0.02892 -0.02892 0.44114 0.44114 
 0.14801 0.55778 0.55778 -0.12298 -0.12298 -0.02868 -0.02868 0.44222 0.44222 
 0.14901 0.55670 0.55670 -0.12331 -0.12331 -0.02844 -0.02844 0.44330 0.44330 
 0.15002 0.55563 0.55563 -0.12365 -0.12365 -0.02820 -0.02820 0.44437 0.44437 
 0.15102 0.55458 0.55458 -0.12397 -0.12397 -0.02796 -0.02796 0.44542 0.44542 
 0.15202 0.55353 0.55353 -0.12429 -0.12429 -0.02773 -0.02773 0.44647 0.44647 
 0.15302 0.55249 0.55249 -0.12460 -0.12460 -0.02750 -0.02750 0.44751 0.44751 
 0.15402 0.55146 0.55146 -0.12490 -0.12490 -0.02727 -0.02727 0.44854 0.44854 
 0.15502 0.55043 0.55043 -0.12520 -0.12520 -0.02705 -0.02705 0.44957 0.44957 
 0.15602 0.54942 0.54942 -0.12549 -0.12549 -0.02683 -0.02683 0.45058 0.45058 
 0.15702 0.54841 0.54841 -0.12577 -0.12577 -0.02661 -0.02661 0.45159 0.45159 
 0.15802 0.54741 0.54741 -0.12605 -0.12605 -0.02639 -0.02639 0.45259 0.45259 
 0.15902 0.54642 0.54642 -0.12632 -0.12632 -0.02618 -0.02618 0.45358 0.45358 
 0.16002 0.54544 0.54544 -0.12659 -0.12659 -0.02597 -0.02597 0.45456 0.45456 
 0.16102 0.54446 0.54446 -0.12685 -0.12685 -0.02577 -0.02577 0.45554 0.45554 
 0.16202 0.54350 0.54350 -0.12710 -0.12710 -0.02556 -0.02556 0.45650 0.45650 
 0.16302 0.54254 0.54254 -0.12735 -0.12735 -0.02536 -0.02536 0.45746 0.45746 
 0.16402 0.54159 0.54159 -0.12759 -0.12759 -0.02517 -0.02517 0.45841 0.45841 
 0.16502 0.54064 0.54064 -0.12783 -0.12783 -0.02497 -0.02497 0.45936 0.45936 
 0.16602 0.53971 0.53971 -0.12806 -0.12806 -0.02478 -0.02478 0.46029 0.46029 
 0.16702 0.53878 0.53878 -0.12829 -0.12829 -0.02459 -0.02459 0.46122 0.46122 
 0.16802 0.53785 0.53785 -0.12851 -0.12851 -0.02441 -0.02441 0.46215 0.46215 
 0.16902 0.53694 0.53694 -0.12872 -0.12872 -0.02423 -0.02423 0.46306 0.46306 
 0.17002 0.53603 0.53603 -0.12893 -0.12893 -0.02405 -0.02405 0.46397 0.46397 
 0.17102 0.53512 0.53512 -0.12914 -0.12914 -0.02388 -0.02388 0.46488 0.46488 
 0.17202 0.53423 0.53423 -0.12934 -0.12934 -0.02371 -0.02371 0.46577 0.46577 
 0.17302 0.53334 0.53334 -0.12953 -0.12953 -0.02354 -0.02354 0.46666 0.46666 
 0.17402 0.53246 0.53246 -0.12972 -0.12972 -0.02337 -0.02337 0.46754 0.46754 
 0.17502 0.53158 0.53158 -0.12990 -0.12990 -0.02321 -0.02321 0.46842 0.46842 
 0.17602 0.53071 0.53071 -0.13009 -0.13009 -0.02305 -0.02305 0.46929 0.46929 
 0.17702 0.52984 0.52984 -0.13026 -0.13026 -0.02290 -0.02290 0.47016 0.47016 
 0.17802 0.52898 0.52898 -0.13043 -0.13043 -0.02274 -0.02274 0.47102 0.47102 
 0.17902 0.52813 0.52813 -0.13060 -0.13060 -0.02259 -0.02259 0.47187 0.47187 
 0.18002 0.52728 0.52728 -0.13076 -0.13076 -0.02244 -0.02244 0.47272 0.47272 
 0.18102 0.52643 0.52643 -0.13092 -0.13092 -0.02230 -0.02230 0.47357 0.47357 
 0.18202 0.52560 0.52560 -0.13107 -0.13107 -0.02216 -0.02216 0.47440 0.47440 
 0.18302 0.52477 0.52477 -0.13122 -0.13122 -0.02202 -0.02202 0.47523 0.47523 
 0.18402 0.52394 0.52394 -0.13137 -0.13137 -0.02188 -0.02188 0.47606 0.47606 
 0.18502 0.52312 0.52312 -0.13151 -0.13151 -0.02175 -0.02175 0.47688 0.47688 
 0.18602 0.52230 0.52230 -0.13165 -0.13165 -0.02161 -0.02161 0.47770 0.47770 
 0.18702 0.52149 0.52149 -0.13178 -0.13178 -0.02148 -0.02148 0.47851 0.47851 
 0.18802 0.52068 0.52068 -0.13191 -0.13191 -0.02136 -0.02136 0.47932 0.47932 
 0.18902 0.51988 0.51988 -0.13204 -0.13204 -0.02123 -0.02123 0.48012 0.48012 
 0.19002 0.51908 0.51908 -0.13216 -0.13216 -0.02111 -0.02111 0.48092 0.48092 
 0.19102 0.51829 0.51829 -0.13228 -0.13228 -0.02099 -0.02099 0.48171 0.48171 
 0.19202 0.51750 0.51750 -0.13240 -0.13240 -0.02087 -0.02087 0.48250 0.48250 
 0.19302 0.51672 0.51672 -0.13251 -0.13251 -0.02075 -0.02075 0.48328 0.48328 
 0.19402 0.51594 0.51594 -0.13262 -0.13262 -0.02064 -0.02064 0.48406 0.48406 
 0.19502 0.51516 0.51516 -0.13272 -0.13272 -0.02052 -0.02052 0.48484 0.48484 
 0.19602 0.51439 0.51439 -0.13283 -0.13283 -0.02041 -0.02041 0.48561 0.48561 
 0.19702 0.51362 0.51362 -0.13293 -0.13293 -0.02030 -0.02030 0.48638 0.48638 
 0.19802 0.51286 0.51286 -0.13302 -0.13302 -0.02019 -0.02019 0.48714 0.48714 
 0.19902 0.51210 0.51210 -0.13312 -0.13312 -0.02009 -0.02009 0.48790 0.48790 
 0.20002 0.51231 0.51135 -0.13397 -0.13321 -0.01846 -0.01998 0.48885 0.48865 
 0.20102 0.51159 0.51060 -0.13389 -0.13329 -0.01854 -0.01988 0.48970 0.48940 
 0.20202 0.51089 0.50985 -0.13383 -0.13338 -0.01865 -0.01978 0.49052 0.49015 
 0.20302 0.51020 0.50911 -0.13373 -0.13346 -0.01873 -0.01968 0.49114 0.49089 
 0.20402 0.50951 0.50837 -0.13377 -0.13354 -0.01885 -0.01958 0.49170 0.49163 
 0.20502 0.50872 0.50763 -0.13383 -0.13362 -0.01894 -0.01948 0.49232 0.49237 
 0.20602 0.50788 0.50690 -0.13396 -0.13369 -0.01903 -0.01939 0.49296 0.49310 
 0.20702 0.50706 0.50617 -0.13415 -0.13376 -0.01904 -0.01929 0.49359 0.49383 
 0.20802 0.50636 0.50545 -0.13431 -0.13383 -0.01901 -0.01920 0.49432 0.49456 
 0.20902 0.50566 0.50472 -0.13437 -0.13390 -0.01892 -0.01911 0.49507 0.49528 
 0.21002 0.50495 0.50401 -0.13449 -0.13397 -0.01886 -0.01902 0.49587 0.49600 
 0.21102 0.50430 0.50329 -0.13462 -0.13403 -0.01884 -0.01893 0.49660 0.49671 
 0.21202 0.50363 0.50258 -0.13484 -0.13409 -0.01880 -0.01884 0.49731 0.49742 
 0.21302 0.50290 0.50187 -0.13510 -0.13414 -0.01877 -0.01875 0.49807 0.49813 
 0.21402 0.50215 0.50117 -0.13543 -0.13420 -0.01872 -0.01867 0.49882 0.49883 
 0.21502 0.50139 0.50046 -0.13570 -0.13425 -0.01868 -0.01858 0.49952 0.49954 
 0.21602 0.50060 0.49977 -0.13593 -0.13430 -0.01860 -0.01850 0.50023 0.50023 
 0.21702 0.49984 0.49907 -0.13612 -0.13435 -0.01856 -0.01841 0.50095 0.50093 
 0.21802 0.49905 0.49838 -0.13633 -0.13440 -0.01846 -0.01833 0.50168 0.50162 
 0.21902 0.49827 0.49769 -0.13648 -0.13445 -0.01839 -0.01825 0.50245 0.50231 
 0.22002 0.49757 0.49700 -0.13664 -0.13449 -0.01828 -0.01817 0.50320 0.50300 
 0.22102 0.49682 0.49632 -0.13680 -0.13453 -0.01821 -0.01809 0.50397 0.50368 
 0.22202 0.49609 0.49564 -0.13699 -0.13457 -0.01815 -0.01801 0.50473 0.50436 
 0.22302 0.49532 0.49496 -0.13721 -0.13461 -0.01814 -0.01793 0.50547 0.50504 
 0.22402 0.49458 0.49429 -0.13743 -0.13464 -0.01809 -0.01785 0.50614 0.50571 
 0.22502 0.49384 0.49362 -0.13759 -0.13468 -0.01808 -0.01778 0.50682 0.50638 
 0.22602 0.49319 0.49295 -0.13770 -0.13471 -0.01803 -0.01770 0.50746 0.50705 
 0.22702 0.49249 0.49228 -0.13778 -0.13474 -0.01803 -0.01762 0.50814 0.50772 
 0.22802 0.49183 0.49162 -0.13791 -0.13477 -0.01797 -0.01755 0.50881 0.50838 
 0.22902 0.49118 0.49096 -0.13805 -0.13480 -0.01795 -0.01748 0.50945 0.50904 
 0.23002 0.49056 0.49031 -0.13817 -0.13483 -0.01790 -0.01740 0.51010 0.50969 
 0.23102 0.48990 0.48965 -0.13829 -0.13485 -0.01789 -0.01733 0.51080 0.51035 
 0.23202 0.48925 0.48900 -0.13846 -0.13487 -0.01788 -0.01726 0.51148 0.51100 
 0.23302 0.48858 0.48835 -0.13858 -0.13490 -0.01782 -0.01719 0.51214 0.51165 
 0.23402 0.48792 0.48770 -0.13878 -0.13492 -0.01775 -0.01712 0.51279 0.51229 
 0.23502 0.48722 0.48706 -0.13896 -0.13494 -0.01776 -0.01705 0.51343 0.51294 
 0.23602 0.48655 0.48642 -0.13909 -0.13495 -0.01771 -0.01698 0.51407 0.51358 
 0.23702 0.48588 0.48578 -0.13919 -0.13497 -0.01764 -0.01691 0.51471 0.51422 
 0.23802 0.48519 0.48515 -0.13933 -0.13499 -0.01757 -0.01684 0.51535 0.51485 
 0.23902 0.48451 0.48451 -0.13943 -0.13500 -0.01752 -0.01678 0.51603 0.51549 
 0.24002 0.48383 0.48388 -0.13955 -0.13501 -0.01748 -0.01671 0.51669 0.51612 
 0.24102 0.48318 0.48325 -0.13965 -0.13502 -0.01744 -0.01664 0.51735 0.51675 
 0.24202 0.48252 0.48263 -0.13977 -0.13503 -0.01740 -0.01658 0.51801 0.51737 
 0.24302 0.48186 0.48201 -0.13989 -0.13504 -0.01735 -0.01651 0.51866 0.51799 
 0.24402 0.48119 0.48138 -0.14003 -0.13505 -0.01734 -0.01645 0.51930 0.51862 
 0.24502 0.48050 0.48077 -0.14011 -0.13506 -0.01729 -0.01639 0.51995 0.51923 
 0.24602 0.47984 0.48015 -0.14022 -0.13507 -0.01724 -0.01632 0.52058 0.51985 
 0.24702 0.47923 0.47954 -0.14029 -0.13507 -0.01719 -0.01626 0.52122 0.52046 
 0.24802 0.47860 0.47892 -0.14040 -0.13508 -0.01713 -0.01620 0.52184 0.52107 
 0.24902 0.47797 0.47832 -0.14047 -0.13508 -0.01706 -0.01614 0.52244 0.52168 
 0.25003 0.47735 0.47771 -0.14057 -0.13508 -0.01699 -0.01608 0.52306 0.52229 
 0.25103 0.47672 0.47710 -0.14066 -0.13508 -0.01693 -0.01602 0.52367 0.52290 
 0.25203 0.47610 0.47650 -0.14076 -0.13508 -0.01689 -0.01596 0.52430 0.52350 
 0.25303 0.47546 0.47590 -0.14080 -0.13508 -0.01684 -0.01590 0.52495 0.52410 
 0.25403 0.47482 0.47530 -0.14091 -0.13508 -0.01678 -0.01584 0.52561 0.52470 
 0.25503 0.47421 0.47471 -0.14095 -0.13508 -0.01675 -0.01578 0.52624 0.52529 
 0.25603 0.47357 0.47412 -0.14101 -0.13507 -0.01672 -0.01572 0.52689 0.52588 
 0.25703 0.47294 0.47352 -0.14105 -0.13507 -0.01666 -0.01566 0.52750 0.52648 
 0.25803 0.47233 0.47293 -0.14109 -0.13506 -0.01662 -0.01561 0.52813 0.52707 
 0.25903 0.47173 0.47235 -0.14111 -0.13506 -0.01653 -0.01555 0.52874 0.52765 
 0.26003 0.47111 0.47176 -0.14113 -0.13505 -0.01645 -0.01550 0.52935 0.52824 
 0.26103 0.47050 0.47118 -0.14113 -0.13504 -0.01636 -0.01544 0.52999 0.52882 
 0.26203 0.46989 0.47060 -0.14116 -0.13504 -0.01629 -0.01539 0.53058 0.52940 
 0.26303 0.46928 0.47002 -0.14115 -0.13503 -0.01620 -0.01533 0.53118 0.52998 
 0.26403 0.46865 0.46945 -0.14115 -0.13502 -0.01613 -0.01528 0.53178 0.53055 
 0.26503 0.46805 0.46887 -0.14112 -0.13501 -0.01603 -0.01522 0.53237 0.53113 
 0.26603 0.46746 0.46830 -0.14111 -0.13500 -0.01599 -0.01517 0.53297 0.53170 
 0.26703 0.46691 0.46773 -0.14108 -0.13499 -0.01589 -0.01512 0.53354 0.53227 
 0.26803 0.46632 0.46716 -0.14105 -0.13497 -0.01582 -0.01507 0.53412 0.53284 
 0.26903 0.46573 0.46659 -0.14102 -0.13496 -0.01573 -0.01501 0.53473 0.53341 
 0.27003 0.46516 0.46603 -0.14100 -0.13495 -0.01564 -0.01496 0.53529 0.53397 
 0.27103 0.46460 0.46547 -0.14096 -0.13493 -0.01555 -0.01491 0.53584 0.53453 
 0.27203 0.46402 0.46490 -0.14092 -0.13492 -0.01549 -0.01486 0.53640 0.53510 
 0.27303 0.46344 0.46435 -0.14087 -0.13490 -0.01540 -0.01481 0.53696 0.53565 
 0.27403 0.46287 0.46379 -0.14082 -0.13489 -0.01533 -0.01476 0.53752 0.53621 
 0.27503 0.46231 0.46323 -0.14075 -0.13487 -0.01524 -0.01471 0.53808 0.53677 
 0.27603 0.46172 0.46268 -0.14067 -0.13486 -0.01516 -0.01467 0.53865 0.53732 
 0.27703 0.46116 0.46213 -0.14058 -0.13484 -0.01503 -0.01462 0.53923 0.53787 
 0.27803 0.46061 0.46158 -0.14049 -0.13482 -0.01495 -0.01457 0.53980 0.53842 
 0.27903 0.46006 0.46103 -0.14043 -0.13481 -0.01486 -0.01452 0.54035 0.53897 
 0.28003 0.45949 0.46048 -0.14039 -0.13479 -0.01474 -0.01448 0.54089 0.53952 
 0.28103 0.45892 0.45994 -0.14037 -0.13477 -0.01462 -0.01443 0.54141 0.54006 
 0.28203 0.45835 0.45940 -0.14031 -0.13475 -0.01453 -0.01438 0.54195 0.54060 
 0.28303 0.45786 0.45886 -0.14026 -0.13473 -0.01443 -0.01434 0.54249 0.54114 
 0.28403 0.45733 0.45832 -0.14020 -0.13471 -0.01435 -0.01429 0.54306 0.54168 
 0.28503 0.45684 0.45778 -0.14014 -0.13469 -0.01423 -0.01425 0.54360 0.54222 
 0.28603 0.45629 0.45724 -0.14007 -0.13467 -0.01412 -0.01420 0.54415 0.54276 
 0.28703 0.45581 0.45671 -0.13997 -0.13464 -0.01398 -0.01416 0.54468 0.54329 
 0.28803 0.45529 0.45618 -0.13989 -0.13462 -0.01388 -0.01411 0.54522 0.54382 
 0.28903 0.45475 0.45565 -0.13982 -0.13460 -0.01376 -0.01407 0.54574 0.54436 
 0.29003 0.45423 0.45512 -0.13974 -0.13458 -0.01368 -0.01403 0.54630 0.54488 
 0.29103 0.45373 0.45459 -0.13967 -0.13456 -0.01357 -0.01398 0.54684 0.54541 
 0.29203 0.45323 0.45406 -0.13958 -0.13453 -0.01349 -0.01394 0.54736 0.54594 
 0.29303 0.45274 0.45354 -0.13947 -0.13451 -0.01335 -0.01390 0.54786 0.54646 
 0.29403 0.45227 0.45302 -0.13937 -0.13449 -0.01323 -0.01386 0.54837 0.54699 
 0.29503 0.45180 0.45249 -0.13926 -0.13446 -0.01309 -0.01381 0.54884 0.54751 
 0.29603 0.45130 0.45198 -0.13917 -0.13444 -0.01299 -0.01377 0.54935 0.54802 
 0.29703 0.45083 0.45146 -0.13908 -0.13441 -0.01287 -0.01373 0.54983 0.54854 
 0.29803 0.45034 0.45094 -0.13899 -0.13439 -0.01275 -0.01369 0.55035 0.54906 
 0.29903 0.44989 0.45043 -0.13889 -0.13436 -0.01265 -0.01365 0.55086 0.54958 
 0.30003 0.44942 0.44991 -0.13878 -0.13434 -0.01255 -0.01361 0.55137 0.55009 
 0.30103 0.44895 0.44940 -0.13869 -0.13431 -0.01244 -0.01357 0.55183 0.55060 
 0.30203 0.44849 0.44889 -0.13859 -0.13429 -0.01234 -0.01353 0.55230 0.55111 
 0.30303 0.44804 0.44838 -0.13850 -0.13426 -0.01224 -0.01349 0.55277 0.55162 
 0.30403 0.44758 0.44787 -0.13838 -0.13423 -0.01214 -0.01345 0.55323 0.55213 
 0.30503 0.44713 0.44737 -0.13828 -0.13421 -0.01207 -0.01341 0.55372 0.55263 
 0.30603 0.44668 0.44686 -0.13818 -0.13418 -0.01198 -0.01337 0.55419 0.55314 
 0.30703 0.44624 0.44636 -0.13808 -0.13415 -0.01189 -0.01334 0.55464 0.55364 
 0.30803 0.44579 0.44586 -0.13798 -0.13413 -0.01179 -0.01330 0.55510 0.55414 
 0.30903 0.44533 0.44536 -0.13785 -0.13410 -0.01168 -0.01326 0.55555 0.55464 
 0.31003 0.44486 0.44486 -0.13775 -0.13407 -0.01159 -0.01322 0.55606 0.55514 
 0.31103 0.44445 0.44436 -0.13765 -0.13404 -0.01150 -0.01319 0.55650 0.55564 
 0.31203 0.44400 0.44387 -0.13756 -0.13402 -0.01141 -0.01315 0.55694 0.55614 
 0.31303 0.44359 0.44337 -0.13748 -0.13399 -0.01133 -0.01311 0.55740 0.55663 
 0.31403 0.44319 0.44288 -0.13740 -0.13396 -0.01125 -0.01307 0.55782 0.55712 
 0.31503 0.44278 0.44238 -0.13731 -0.13393 -0.01118 -0.01304 0.55823 0.55761 
 0.31603 0.44237 0.44189 -0.13724 -0.13390 -0.01113 -0.01300 0.55863 0.55811 
 0.31703 0.44194 0.44140 -0.13714 -0.13387 -0.01105 -0.01297 0.55904 0.55859 
 0.31803 0.44152 0.44092 -0.13704 -0.13385 -0.01099 -0.01293 0.55948 0.55908 
 0.31903 0.44111 0.44043 -0.13695 -0.13382 -0.01095 -0.01290 0.55991 0.55957 
 0.32003 0.44069 0.43995 -0.13688 -0.13379 -0.01089 -0.01286 0.56032 0.56005 
 0.32103 0.44032 0.43946 -0.13679 -0.13376 -0.01084 -0.01283 0.56076 0.56054 
 0.32203 0.43993 0.43898 -0.13675 -0.13373 -0.01081 -0.01279 0.56120 0.56102 
 0.32303 0.43952 0.43850 -0.13667 -0.13370 -0.01078 -0.01276 0.56164 0.56150 
 0.32403 0.43910 0.43802 -0.13660 -0.13367 -0.01075 -0.01272 0.56204 0.56198 
 0.32503 0.43873 0.43754 -0.13652 -0.13364 -0.01068 -0.01269 0.56244 0.56246 
 0.32603 0.43832 0.43706 -0.13642 -0.13361 -0.01064 -0.01265 0.56287 0.56294 
 0.32703 0.43793 0.43659 -0.13634 -0.13358 -0.01062 -0.01262 0.56326 0.56341 
 0.32803 0.43751 0.43611 -0.13624 -0.13355 -0.01059 -0.01259 0.56365 0.56389 
 0.32903 0.43712 0.43564 -0.13616 -0.13352 -0.01057 -0.01255 0.56402 0.56436 
 0.33003 0.43671 0.43517 -0.13610 -0.13349 -0.01055 -0.01252 0.56444 0.56483 
 0.33103 0.43631 0.43469 -0.13601 -0.13346 -0.01051 -0.01249 0.56486 0.56531 
 0.33203 0.43592 0.43422 -0.13595 -0.13343 -0.01048 -0.01246 0.56528 0.56578 
 0.33303 0.43554 0.43376 -0.13588 -0.13340 -0.01046 -0.01242 0.56566 0.56624 
 0.33403 0.43517 0.43329 -0.13582 -0.13337 -0.01043 -0.01239 0.56604 0.56671 
 0.33503 0.43480 0.43282 -0.13577 -0.13334 -0.01040 -0.01236 0.56644 0.56718 
 0.33603 0.43439 0.43236 -0.13570 -0.13331 -0.01040 -0.01233 0.56685 0.56764 
 0.33703 0.43401 0.43189 -0.13563 -0.13328 -0.01038 -0.01230 0.56725 0.56811 
 0.33803 0.43363 0.43143 -0.13557 -0.13325 -0.01038 -0.01226 0.56764 0.56857 
 0.33903 0.43324 0.43097 -0.13555 -0.13322 -0.01039 -0.01223 0.56801 0.56903 
 0.34003 0.43283 0.43051 -0.13552 -0.13319 -0.01039 -0.01220 0.56842 0.56949 
 0.34103 0.43246 0.43005 -0.13547 -0.13316 -0.01038 -0.01217 0.56883 0.56995 
 0.34203 0.43205 0.42959 -0.13541 -0.13313 -0.01036 -0.01214 0.56922 0.57041 
 0.34303 0.43169 0.42913 -0.13534 -0.13310 -0.01036 -0.01211 0.56964 0.57086 
 0.34403 0.43131 0.42868 -0.13527 -0.13307 -0.01035 -0.01208 0.57004 0.57132 
 0.34503 0.43096 0.42823 -0.13521 -0.13304 -0.01036 -0.01205 0.57042 0.57178 
 0.34603 0.43057 0.42777 -0.13515 -0.13301 -0.01037 -0.01202 0.57082 0.57223 
 0.34703 0.43021 0.42732 -0.13508 -0.13298 -0.01035 -0.01199 0.57123 0.57268 
 0.34803 0.42977 0.42687 -0.13501 -0.13295 -0.01035 -0.01196 0.57163 0.57313 
 0.34903 0.42940 0.42642 -0.13495 -0.13292 -0.01036 -0.01193 0.57202 0.57358 
 0.35004 0.42900 0.42597 -0.13491 -0.13288 -0.01036 -0.01190 0.57240 0.57403 
 0.35104 0.42860 0.42552 -0.13489 -0.13285 -0.01037 -0.01187 0.57278 0.57448 
 0.35204 0.42822 0.42508 -0.13484 -0.13282 -0.01036 -0.01184 0.57319 0.57492 
 0.35304 0.42786 0.42463 -0.13481 -0.13279 -0.01037 -0.01181 0.57358 0.57537 
 0.35404 0.42749 0.42419 -0.13476 -0.13276 -0.01038 -0.01178 0.57398 0.57581 
 0.35504 0.42711 0.42374 -0.13472 -0.13273 -0.01040 -0.01175 0.57438 0.57626 
 0.35604 0.42672 0.42330 -0.13468 -0.13270 -0.01041 -0.01172 0.57478 0.57670 
 0.35704 0.42636 0.42286 -0.13464 -0.13267 -0.01040 -0.01169 0.57516 0.57714 
 0.35804 0.42595 0.42242 -0.13459 -0.13264 -0.01038 -0.01167 0.57554 0.57758 
 0.35904 0.42556 0.42198 -0.13457 -0.13261 -0.01040 -0.01164 0.57593 0.57802 
 0.36004 0.42513 0.42154 -0.13451 -0.13258 -0.01039 -0.01161 0.57631 0.57846 
 0.36104 0.42473 0.42111 -0.13445 -0.13255 -0.01036 -0.01158 0.57667 0.57889 
 0.36204 0.42433 0.42067 -0.13441 -0.13252 -0.01034 -0.01155 0.57705 0.57933 
 0.36304 0.42395 0.42024 -0.13435 -0.13249 -0.01034 -0.01153 0.57743 0.57976 
 0.36404 0.42356 0.41980 -0.13432 -0.13246 -0.01032 -0.01150 0.57784 0.58020 
 0.36504 0.42316 0.41937 -0.13430 -0.13242 -0.01032 -0.01147 0.57823 0.58063 
 0.36604 0.42273 0.41894 -0.13428 -0.13240 -0.01032 -0.01144 0.57862 0.58106 
 0.36704 0.42236 0.41851 -0.13421 -0.13237 -0.01032 -0.01142 0.57902 0.58149 
 0.36804 0.42195 0.41808 -0.13416 -0.13233 -0.01031 -0.01139 0.57942 0.58192 
 0.36904 0.42158 0.41765 -0.13412 -0.13230 -0.01032 -0.01136 0.57981 0.58235 
 0.37004 0.42117 0.41722 -0.13408 -0.13227 -0.01032 -0.01134 0.58019 0.58278 
 0.37104 0.42080 0.41680 -0.13404 -0.13224 -0.01031 -0.01131 0.58059 0.58320 
 0.37204 0.42041 0.41637 -0.13399 -0.13221 -0.01033 -0.01128 0.58101 0.58363 
 0.37304 0.42003 0.41595 -0.13396 -0.13218 -0.01030 -0.01126 0.58137 0.58405 
 0.37404 0.41965 0.41552 -0.13392 -0.13215 -0.01029 -0.01123 0.58174 0.58448 
 0.37504 0.41926 0.41510 -0.13389 -0.13212 -0.01027 -0.01120 0.58212 0.58490 
 0.37604 0.41886 0.41468 -0.13386 -0.13209 -0.01025 -0.01118 0.58249 0.58532 
 0.37704 0.41846 0.41426 -0.13385 -0.13206 -0.01026 -0.01115 0.58289 0.58574 
 0.37804 0.41807 0.41384 -0.13380 -0.13203 -0.01022 -0.01112 0.58327 0.58616 
 0.37904 0.41769 0.41342 -0.13376 -0.13200 -0.01023 -0.01110 0.58367 0.58658 
 0.38004 0.41729 0.41300 -0.13368 -0.13197 -0.01022 -0.01107 0.58407 0.58700 
 0.38104 0.41690 0.41258 -0.13365 -0.13194 -0.01018 -0.01105 0.58443 0.58742 
 0.38204 0.41653 0.41217 -0.13359 -0.13191 -0.01015 -0.01102 0.58481 0.58783 
 0.38304 0.41612 0.41175 -0.13357 -0.13188 -0.01011 -0.01100 0.58514 0.58825 
 0.38404 0.41572 0.41134 -0.13352 -0.13185 -0.01009 -0.01097 0.58552 0.58866 
 0.38504 0.41534 0.41093 -0.13347 -0.13182 -0.01005 -0.01095 0.58591 0.58907 
 0.38604 0.41497 0.41052 -0.13344 -0.13179 -0.01001 -0.01092 0.58629 0.58949 
 0.38704 0.41461 0.41010 -0.13342 -0.13176 -0.00996 -0.01090 0.58664 0.58990 
 0.38804 0.41421 0.40969 -0.13340 -0.13174 -0.00993 -0.01087 0.58700 0.59031 
 0.38904 0.41382 0.40929 -0.13337 -0.13171 -0.00990 -0.01085 0.58740 0.59071 
 0.39004 0.41342 0.40888 -0.13334 -0.13168 -0.00986 -0.01082 0.58777 0.59112 
 0.39104 0.41302 0.40847 -0.13331 -0.13165 -0.00984 -0.01080 0.58815 0.59153 
 0.39204 0.41262 0.40806 -0.13326 -0.13162 -0.00981 -0.01077 0.58850 0.59194 
 0.39304 0.41225 0.40766 -0.13323 -0.13159 -0.00977 -0.01075 0.58887 0.59234 
 0.39404 0.41187 0.40725 -0.13320 -0.13156 -0.00974 -0.01072 0.58924 0.59275 
 0.39504 0.41151 0.40685 -0.13316 -0.13153 -0.00969 -0.01070 0.58959 0.59315 
 0.39604 0.41112 0.40645 -0.13312 -0.13150 -0.00966 -0.01068 0.58995 0.59355 
 0.39704 0.41077 0.40604 -0.13310 -0.13147 -0.00962 -0.01065 0.59029 0.59396 
 0.39804 0.41040 0.40564 -0.13307 -0.13144 -0.00957 -0.01063 0.59066 0.59436 
 0.39904 0.41002 0.40524 -0.13305 -0.13142 -0.00953 -0.01060 0.59102 0.59476 
 0.40004 0.40964 0.40485 -0.13303 -0.13139 -0.00951 -0.01058 0.59137 0.59515 
 0.40104 0.40929 0.40445 -0.13300 -0.13136 -0.00947 -0.01056 0.59173 0.59555 
 0.40204 0.40892 0.40405 -0.13296 -0.13133 -0.00944 -0.01053 0.59208 0.59595 
 0.40304 0.40857 0.40365 -0.13293 -0.13130 -0.00939 -0.01051 0.59242 0.59635 
 0.40404 0.40821 0.40326 -0.13289 -0.13127 -0.00935 -0.01049 0.59277 0.59674 
 0.40504 0.40786 0.40286 -0.13286 -0.13124 -0.00931 -0.01046 0.59312 0.59714 
 0.40604 0.40750 0.40247 -0.13282 -0.13122 -0.00927 -0.01044 0.59347 0.59753 
 0.40704 0.40715 0.40208 -0.13279 -0.13119 -0.00922 -0.01042 0.59381 0.59792 
 0.40804 0.40678 0.40169 -0.13276 -0.13116 -0.00919 -0.01039 0.59415 0.59832 
 0.40904 0.40644 0.40129 -0.13274 -0.13113 -0.00915 -0.01037 0.59449 0.59871 
 0.41004 0.40608 0.40090 -0.13270 -0.13110 -0.00911 -0.01035 0.59483 0.59910 
 0.41104 0.40573 0.40051 -0.13266 -0.13108 -0.00906 -0.01033 0.59516 0.59949 
 0.41204 0.40537 0.40013 -0.13263 -0.13105 -0.00901 -0.01030 0.59549 0.59988 
 0.41304 0.40503 0.39974 -0.13260 -0.13102 -0.00897 -0.01028 0.59582 0.60026 
 0.41404 0.40468 0.39935 -0.13256 -0.13099 -0.00892 -0.01026 0.59615 0.60065 
 0.41504 0.40435 0.39896 -0.13253 -0.13096 -0.00887 -0.01024 0.59647 0.60104 
 0.41604 0.40400 0.39858 -0.13250 -0.13094 -0.00883 -0.01021 0.59680 0.60142 
 0.41704 0.40368 0.39820 -0.13247 -0.13091 -0.00877 -0.01019 0.59712 0.60181 
 0.41804 0.40334 0.39781 -0.13242 -0.13088 -0.00874 -0.01017 0.59747 0.60219 
 0.41904 0.40301 0.39743 -0.13238 -0.13085 -0.00870 -0.01015 0.59782 0.60257 
 0.42004 0.40267 0.39705 -0.13234 -0.13083 -0.00867 -0.01013 0.59815 0.60295 
 0.42104 0.40235 0.39667 -0.13229 -0.13080 -0.00863 -0.01010 0.59849 0.60333 
 0.42204 0.40201 0.39628 -0.13225 -0.13077 -0.00860 -0.01008 0.59881 0.60372 
 0.42304 0.40169 0.39591 -0.13220 -0.13075 -0.00856 -0.01006 0.59915 0.60409 
 0.42404 0.40136 0.39553 -0.13216 -0.13072 -0.00852 -0.01004 0.59948 0.60447 
 0.42504 0.40105 0.39515 -0.13211 -0.13069 -0.00849 -0.01002 0.59981 0.60485 
 0.42604 0.40073 0.39477 -0.13207 -0.13067 -0.00846 -0.01000 0.60014 0.60523 
 0.42704 0.40041 0.39440 -0.13202 -0.13064 -0.00842 -0.00997 0.60046 0.60560 
 0.42804 0.40008 0.39402 -0.13197 -0.13061 -0.00839 -0.00995 0.60078 0.60598 
 0.42904 0.39977 0.39365 -0.13192 -0.13059 -0.00835 -0.00993 0.60111 0.60635 
 0.43004 0.39945 0.39327 -0.13187 -0.13056 -0.00832 -0.00991 0.60142 0.60673 
 0.43104 0.39914 0.39290 -0.13181 -0.13053 -0.00828 -0.00989 0.60175 0.60710 
 0.43204 0.39881 0.39253 -0.13176 -0.13051 -0.00825 -0.00987 0.60207 0.60747 
 0.43304 0.39850 0.39216 -0.13171 -0.13048 -0.00822 -0.00985 0.60238 0.60784 
 0.43404 0.39818 0.39179 -0.13165 -0.13045 -0.00820 -0.00983 0.60270 0.60821 
 0.43504 0.39787 0.39142 -0.13159 -0.13043 -0.00816 -0.00980 0.60302 0.60858 
 0.43604 0.39756 0.39105 -0.13154 -0.13040 -0.00814 -0.00978 0.60333 0.60895 
 0.43704 0.39726 0.39068 -0.13148 -0.13037 -0.00811 -0.00976 0.60364 0.60932 
 0.43804 0.39694 0.39031 -0.13143 -0.13035 -0.00808 -0.00974 0.60396 0.60969 
 0.43904 0.39665 0.38994 -0.13136 -0.13032 -0.00805 -0.00972 0.60427 0.61006 
 0.44004 0.39633 0.38958 -0.13131 -0.13030 -0.00803 -0.00970 0.60459 0.61042 
 0.44104 0.39603 0.38921 -0.13125 -0.13027 -0.00801 -0.00968 0.60490 0.61079 
 0.44204 0.39572 0.38885 -0.13119 -0.13025 -0.00799 -0.00966 0.60521 0.61115 
 0.44304 0.39542 0.38849 -0.13113 -0.13022 -0.00797 -0.00964 0.60552 0.61151 
 0.44404 0.39511 0.38812 -0.13107 -0.13020 -0.00795 -0.00962 0.60583 0.61188 
 0.44504 0.39482 0.38776 -0.13100 -0.13017 -0.00792 -0.00960 0.60614 0.61224 
 0.44604 0.39452 0.38740 -0.13093 -0.13014 -0.00790 -0.00958 0.60645 0.61260 
 0.44704 0.39422 0.38704 -0.13087 -0.13012 -0.00788 -0.00956 0.60675 0.61296 
 0.44804 0.39392 0.38668 -0.13080 -0.13009 -0.00786 -0.00954 0.60706 0.61332 
 0.44904 0.39363 0.38632 -0.13074 -0.13007 -0.00784 -0.00952 0.60737 0.61368 
 0.45005 0.39332 0.38596 -0.13067 -0.13004 -0.00781 -0.00950 0.60766 0.61404 
 0.45105 0.39303 0.38560 -0.13060 -0.13002 -0.00779 -0.00948 0.60796 0.61440 
 0.45205 0.39273 0.38525 -0.13053 -0.12999 -0.00777 -0.00946 0.60826 0.61475 
 0.45305 0.39244 0.38489 -0.13046 -0.12997 -0.00775 -0.00944 0.60856 0.61511 
 0.45405 0.39214 0.38454 -0.13039 -0.12994 -0.00773 -0.00942 0.60886 0.61546 
 0.45505 0.39186 0.38418 -0.13033 -0.12992 -0.00771 -0.00940 0.60916 0.61582 
 0.45605 0.39156 0.38383 -0.13027 -0.12990 -0.00770 -0.00938 0.60946 0.61617 
 0.45705 0.39127 0.38348 -0.13020 -0.12987 -0.00768 -0.00936 0.60975 0.61652 
 0.45805 0.39098 0.38312 -0.13014 -0.12985 -0.00767 -0.00934 0.61005 0.61688 
 0.45905 0.39069 0.38277 -0.13007 -0.12982 -0.00765 -0.00932 0.61034 0.61723 
 0.46005 0.39039 0.38242 -0.13000 -0.12980 -0.00763 -0.00930 0.61063 0.61758 
 0.46105 0.39010 0.38207 -0.12994 -0.12977 -0.00761 -0.00928 0.61093 0.61793 
 0.46205 0.38981 0.38172 -0.12987 -0.12975 -0.00761 -0.00926 0.61123 0.61828 
 0.46305 0.38952 0.38137 -0.12981 -0.12973 -0.00759 -0.00924 0.61152 0.61863 
 0.46405 0.38923 0.38103 -0.12974 -0.12970 -0.00758 -0.00923 0.61181 0.61898 
 0.46505 0.38895 0.38068 -0.12968 -0.12968 -0.00756 -0.00921 0.61210 0.61932 
 0.46605 0.38866 0.38033 -0.12961 -0.12965 -0.00755 -0.00919 0.61239 0.61967 
 0.46705 0.38838 0.37999 -0.12955 -0.12963 -0.00754 -0.00917 0.61268 0.62001 
 0.46805 0.38809 0.37964 -0.12948 -0.12961 -0.00753 -0.00915 0.61297 0.62036 
 0.46905 0.38781 0.37930 -0.12942 -0.12958 -0.00751 -0.00913 0.61326 0.62070 
 0.47005 0.38752 0.37895 -0.12935 -0.12956 -0.00751 -0.00911 0.61355 0.62105 
 0.47105 0.38724 0.37861 -0.12929 -0.12954 -0.00749 -0.00909 0.61383 0.62139 
 0.47205 0.38696 0.37827 -0.12922 -0.12951 -0.00748 -0.00907 0.61411 0.62173 
 0.47305 0.38668 0.37793 -0.12916 -0.12949 -0.00747 -0.00906 0.61440 0.62207 
 0.47405 0.38638 0.37759 -0.12910 -0.12946 -0.00746 -0.00904 0.61468 0.62242 
 0.47505 0.38611 0.37724 -0.12904 -0.12944 -0.00744 -0.00902 0.61496 0.62275 
 0.47605 0.38581 0.37690 -0.12897 -0.12942 -0.00743 -0.00900 0.61525 0.62309 
 0.47705 0.38554 0.37657 -0.12892 -0.12940 -0.00742 -0.00898 0.61554 0.62343 
 0.47805 0.38525 0.37623 -0.12886 -0.12937 -0.00741 -0.00896 0.61582 0.62377 
 0.47905 0.38498 0.37589 -0.12880 -0.12935 -0.00739 -0.00895 0.61610 0.62411 
 0.48005 0.38469 0.37556 -0.12874 -0.12933 -0.00738 -0.00893 0.61638 0.62445 
 0.48105 0.38441 0.37522 -0.12868 -0.12930 -0.00737 -0.00891 0.61666 0.62478 
 0.48205 0.38413 0.37488 -0.12862 -0.12928 -0.00736 -0.00889 0.61694 0.62512 
 0.48305 0.38385 0.37455 -0.12856 -0.12926 -0.00734 -0.00887 0.61722 0.62545 
 0.48405 0.38357 0.37422 -0.12850 -0.12924 -0.00733 -0.00885 0.61750 0.62579 
 0.48505 0.38330 0.37388 -0.12845 -0.12921 -0.00731 -0.00884 0.61778 0.62612 
 0.48605 0.38301 0.37355 -0.12840 -0.12919 -0.00730 -0.00882 0.61806 0.62645 
 0.48705 0.38274 0.37322 -0.12834 -0.12917 -0.00728 -0.00880 0.61833 0.62678 
 0.48805 0.38246 0.37289 -0.12829 -0.12915 -0.00726 -0.00878 0.61861 0.62711 
 0.48905 0.38219 0.37256 -0.12823 -0.12912 -0.00725 -0.00876 0.61888 0.62744 
 0.49005 0.38191 0.37223 -0.12818 -0.12910 -0.00723 -0.00875 0.61916 0.62777 
 0.49105 0.38164 0.37190 -0.12813 -0.12908 -0.00722 -0.00873 0.61942 0.62810 
 0.49205 0.38136 0.37157 -0.12808 -0.12906 -0.00720 -0.00871 0.61970 0.62843 
 0.49305 0.38109 0.37124 -0.12803 -0.12904 -0.00719 -0.00869 0.61998 0.62876 
 0.49405 0.38081 0.37091 -0.12798 -0.12901 -0.00717 -0.00868 0.62025 0.62909 
 0.49505 0.38054 0.37059 -0.12794 -0.12899 -0.00716 -0.00866 0.62052 0.62941 
 0.49605 0.38026 0.37026 -0.12789 -0.12897 -0.00714 -0.00864 0.62079 0.62974 
 0.49705 0.38000 0.36994 -0.12785 -0.12895 -0.00713 -0.00862 0.62105 0.63006 
 0.49805 0.37972 0.36961 -0.12780 -0.12893 -0.00711 -0.00861 0.62132 0.63039 
 0.49905 0.37946 0.36929 -0.12776 -0.12891 -0.00709 -0.00859 0.62159 0.63071 
 0.50005 0.37918 0.36896 -0.12772 -0.12888 -0.00708 -0.00857 0.62186 0.63104 
 0.50105 0.37892 0.36864 -0.12768 -0.12886 -0.00706 -0.00855 0.62213 0.63136 
 0.50205 0.37864 0.36832 -0.12763 -0.12884 -0.00704 -0.00854 0.62239 0.63168 
 0.50305 0.37838 0.36800 -0.12759 -0.12882 -0.00702 -0.00852 0.62265 0.63200 
 0.50405 0.37811 0.36768 -0.12755 -0.12880 -0.00700 -0.00850 0.62292 0.63232 
 0.50505 0.37784 0.36736 -0.12750 -0.12878 -0.00698 -0.00848 0.62318 0.63264 
 0.50605 0.37757 0.36704 -0.12747 -0.12876 -0.00696 -0.00847 0.62344 0.63296 
 0.50705 0.37732 0.36672 -0.12743 -0.12874 -0.00694 -0.00845 0.62370 0.63328 
 0.50805 0.37704 0.36640 -0.12739 -0.12872 -0.00692 -0.00843 0.62396 0.63360 
 0.50905 0.37679 0.36608 -0.12736 -0.12870 -0.00690 -0.00842 0.62421 0.63392 
 0.51005 0.37652 0.36577 -0.12732 -0.12867 -0.00688 -0.00840 0.62447 0.63423 
 0.51105 0.37626 0.36545 -0.12729 -0.12865 -0.00687 -0.00838 0.62473 0.63455 
 0.51205 0.37599 0.36514 -0.12726 -0.12863 -0.00685 -0.00837 0.62499 0.63486 
 0.51305 0.37574 0.36482 -0.12723 -0.12861 -0.00682 -0.00835 0.62524 0.63518 
 0.51405 0.37547 0.36451 -0.12719 -0.12859 -0.00681 -0.00833 0.62550 0.63549 
 0.51505 0.37521 0.36419 -0.12716 -0.12857 -0.00679 -0.00832 0.62576 0.63581 
 0.51605 0.37495 0.36388 -0.12713 -0.12855 -0.00677 -0.00830 0.62601 0.63612 
 0.51705 0.37470 0.36357 -0.12710 -0.12853 -0.00675 -0.00828 0.62626 0.63643 
 0.51805 0.37444 0.36326 -0.12707 -0.12851 -0.00673 -0.00827 0.62651 0.63674 
 0.51905 0.37419 0.36295 -0.12705 -0.12849 -0.00671 -0.00825 0.62675 0.63706 
 0.52005 0.37393 0.36263 -0.12702 -0.12847 -0.00669 -0.00823 0.62700 0.63736 
 0.52105 0.37368 0.36233 -0.12699 -0.12845 -0.00667 -0.00822 0.62725 0.63767 
 0.52205 0.37342 0.36201 -0.12696 -0.12843 -0.00666 -0.00820 0.62750 0.63799 
 0.52305 0.37317 0.36171 -0.12694 -0.12841 -0.00664 -0.00818 0.62775 0.63829 
 0.52405 0.37291 0.36140 -0.12691 -0.12839 -0.00662 -0.00817 0.62800 0.63860 
 0.52505 0.37267 0.36109 -0.12688 -0.12837 -0.00660 -0.00815 0.62825 0.63891 
 0.52605 0.37241 0.36079 -0.12686 -0.12835 -0.00658 -0.00813 0.62850 0.63921 
 0.52705 0.37217 0.36048 -0.12683 -0.12833 -0.00656 -0.00812 0.62874 0.63952 
 0.52805 0.37191 0.36017 -0.12681 -0.12831 -0.00654 -0.00810 0.62898 0.63983 
 0.52905 0.37167 0.35987 -0.12679 -0.12829 -0.00652 -0.00809 0.62922 0.64013 
 0.53005 0.37142 0.35956 -0.12676 -0.12827 -0.00650 -0.00807 0.62947 0.64044 
 0.53105 0.37118 0.35926 -0.12674 -0.12825 -0.00648 -0.00805 0.62971 0.64074 
 0.53205 0.37093 0.35896 -0.12671 -0.12823 -0.00646 -0.00804 0.62995 0.64104 
 0.53305 0.37069 0.35866 -0.12669 -0.12821 -0.00644 -0.00802 0.63019 0.64135 
 0.53405 0.37044 0.35835 -0.12666 -0.12819 -0.00642 -0.00801 0.63043 0.64165 
 0.53505 0.37020 0.35805 -0.12664 -0.12818 -0.00640 -0.00799 0.63067 0.64195 
 0.53605 0.36994 0.35775 -0.12661 -0.12816 -0.00638 -0.00797 0.63091 0.64225 
 0.53705 0.36970 0.35745 -0.12659 -0.12814 -0.00636 -0.00796 0.63114 0.64255 
 0.53805 0.36945 0.35715 -0.12656 -0.12812 -0.00635 -0.00794 0.63138 0.64285 
 0.53905 0.36922 0.35685 -0.12654 -0.12810 -0.00633 -0.00793 0.63161 0.64315 
 0.54005 0.36898 0.35655 -0.12652 -0.12808 -0.00631 -0.00791 0.63185 0.64345 
 0.54105 0.36874 0.35626 -0.12650 -0.12806 -0.00629 -0.00789 0.63208 0.64374 
 0.54205 0.36850 0.35596 -0.12648 -0.12804 -0.00628 -0.00788 0.63232 0.64404 
 0.54305 0.36826 0.35566 -0.12646 -0.12802 -0.00627 -0.00786 0.63255 0.64434 
 0.54405 0.36802 0.35537 -0.12643 -0.12800 -0.00626 -0.00785 0.63278 0.64463 
 0.54505 0.36778 0.35507 -0.12641 -0.12799 -0.00624 -0.00783 0.63301 0.64493 
 0.54605 0.36754 0.35478 -0.12638 -0.12797 -0.00623 -0.00782 0.63324 0.64522 
 0.54705 0.36731 0.35448 -0.12636 -0.12795 -0.00621 -0.00780 0.63347 0.64552 
 0.54805 0.36707 0.35419 -0.12633 -0.12793 -0.00620 -0.00779 0.63371 0.64581 
 0.54905 0.36684 0.35390 -0.12631 -0.12791 -0.00619 -0.00777 0.63394 0.64610 
 0.55006 0.36660 0.35360 -0.12628 -0.12789 -0.00617 -0.00775 0.63417 0.64640 
 0.55106 0.36637 0.35331 -0.12626 -0.12787 -0.00616 -0.00774 0.63440 0.64669 
 0.55206 0.36613 0.35302 -0.12623 -0.12786 -0.00615 -0.00772 0.63463 0.64698 
 0.55306 0.36590 0.35273 -0.12621 -0.12784 -0.00614 -0.00771 0.63485 0.64727 
 0.55406 0.36566 0.35244 -0.12618 -0.12782 -0.00613 -0.00769 0.63508 0.64756 
 0.55506 0.36543 0.35215 -0.12616 -0.12780 -0.00611 -0.00768 0.63531 0.64785 
 0.55606 0.36519 0.35186 -0.12613 -0.12778 -0.00610 -0.00766 0.63554 0.64814 
 0.55706 0.36497 0.35157 -0.12610 -0.12777 -0.00609 -0.00765 0.63576 0.64843 
 0.55806 0.36473 0.35128 -0.12608 -0.12775 -0.00609 -0.00763 0.63599 0.64872 
 0.55906 0.36450 0.35100 -0.12605 -0.12773 -0.00608 -0.00762 0.63621 0.64900 
 0.56006 0.36426 0.35071 -0.12602 -0.12771 -0.00607 -0.00760 0.63644 0.64929 
 0.56106 0.36404 0.35042 -0.12599 -0.12769 -0.00606 -0.00759 0.63666 0.64958 
 0.56206 0.36380 0.35014 -0.12596 -0.12768 -0.00605 -0.00757 0.63689 0.64986 
 0.56306 0.36357 0.34985 -0.12593 -0.12766 -0.00604 -0.00756 0.63712 0.65015 
 0.56406 0.36334 0.34957 -0.12590 -0.12764 -0.00604 -0.00754 0.63734 0.65043 
 0.56506 0.36311 0.34929 -0.12588 -0.12762 -0.00603 -0.00753 0.63757 0.65072 
 0.56606 0.36288 0.34900 -0.12585 -0.12761 -0.00602 -0.00751 0.63779 0.65100 
 0.56706 0.36265 0.34872 -0.12581 -0.12759 -0.00601 -0.00750 0.63802 0.65128 
 0.56806 0.36241 0.34844 -0.12578 -0.12757 -0.00601 -0.00748 0.63824 0.65156 
 0.56906 0.36219 0.34815 -0.12575 -0.12755 -0.00600 -0.00747 0.63846 0.65185 
 0.57006 0.36195 0.34787 -0.12572 -0.12754 -0.00600 -0.00745 0.63868 0.65213 
 0.57106 0.36173 0.34759 -0.12569 -0.12752 -0.00599 -0.00744 0.63891 0.65241 
 0.57206 0.36149 0.34731 -0.12566 -0.12750 -0.00599 -0.00742 0.63913 0.65269 
 0.57306 0.36127 0.34703 -0.12563 -0.12748 -0.00598 -0.00741 0.63936 0.65297 
 0.57406 0.36104 0.34675 -0.12559 -0.12747 -0.00598 -0.00740 0.63958 0.65324 
 0.57506 0.36081 0.34648 -0.12556 -0.12745 -0.00597 -0.00738 0.63980 0.65352 
 0.57606 0.36058 0.34620 -0.12553 -0.12743 -0.00597 -0.00737 0.64003 0.65380 
 0.57706 0.36036 0.34592 -0.12550 -0.12742 -0.00596 -0.00735 0.64025 0.65408 
 0.57806 0.36012 0.34564 -0.12546 -0.12740 -0.00596 -0.00734 0.64047 0.65436 
 0.57906 0.35990 0.34537 -0.12543 -0.12738 -0.00595 -0.00732 0.64069 0.65463 
 0.58006 0.35967 0.34509 -0.12539 -0.12737 -0.00594 -0.00731 0.64091 0.65491 
 0.58106 0.35945 0.34482 -0.12536 -0.12735 -0.00594 -0.00729 0.64114 0.65518 
 0.58206 0.35922 0.34454 -0.12532 -0.12733 -0.00594 -0.00728 0.64136 0.65546 
 0.58306 0.35900 0.34427 -0.12529 -0.12732 -0.00593 -0.00727 0.64158 0.65573 
 0.58406 0.35876 0.34400 -0.12526 -0.12730 -0.00593 -0.00725 0.64180 0.65600 
 0.58506 0.35854 0.34372 -0.12522 -0.12728 -0.00592 -0.00724 0.64203 0.65628 
 0.58606 0.35831 0.34345 -0.12518 -0.12727 -0.00592 -0.00722 0.64225 0.65655 
 0.58706 0.35809 0.34318 -0.12515 -0.12725 -0.00591 -0.00721 0.64247 0.65682 
 0.58806 0.35786 0.34291 -0.12511 -0.12723 -0.00590 -0.00719 0.64269 0.65709 
 0.58906 0.35763 0.34264 -0.12508 -0.12722 -0.00590 -0.00718 0.64291 0.65736 
 0.59006 0.35740 0.34237 -0.12504 -0.12720 -0.00589 -0.00717 0.64313 0.65763 
 0.59106 0.35718 0.34210 -0.12500 -0.12718 -0.00589 -0.00715 0.64336 0.65790 
 0.59206 0.35695 0.34183 -0.12497 -0.12717 -0.00588 -0.00714 0.64358 0.65817 
 0.59306 0.35673 0.34156 -0.12493 -0.12715 -0.00587 -0.00712 0.64380 0.65844 
 0.59406 0.35651 0.34129 -0.12489 -0.12713 -0.00587 -0.00711 0.64402 0.65871 
 0.59506 0.35629 0.34102 -0.12486 -0.12712 -0.00587 -0.00710 0.64424 0.65898 
 0.59606 0.35606 0.34076 -0.12482 -0.12710 -0.00586 -0.00708 0.64446 0.65924 
 0.59706 0.35584 0.34049 -0.12479 -0.12709 -0.00585 -0.00707 0.64468 0.65951 
 0.59806 0.35561 0.34022 -0.12475 -0.12707 -0.00585 -0.00705 0.64490 0.65978 
 0.59906 0.35539 0.33996 -0.12472 -0.12705 -0.00584 -0.00704 0.64512 0.66004 
 0.60006 0.35516 0.33969 -0.12468 -0.12704 -0.00584 -0.00703 0.64534 0.66031 
 0.60106 0.35494 0.33943 -0.12464 -0.12702 -0.00583 -0.00701 0.64556 0.66057 
 0.60206 0.35472 0.33916 -0.12461 -0.12701 -0.00582 -0.00700 0.64578 0.66083 
 0.60306 0.35450 0.33890 -0.12458 -0.12699 -0.00581 -0.00699 0.64600 0.66110 
 0.60406 0.35427 0.33864 -0.12454 -0.12698 -0.00580 -0.00697 0.64622 0.66136 
 0.60506 0.35406 0.33838 -0.12451 -0.12696 -0.00579 -0.00696 0.64644 0.66162 
 0.60606 0.35383 0.33811 -0.12447 -0.12694 -0.00579 -0.00694 0.64666 0.66189 
 0.60706 0.35361 0.33785 -0.12444 -0.12693 -0.00578 -0.00693 0.64688 0.66215 
 0.60806 0.35339 0.33759 -0.12441 -0.12691 -0.00577 -0.00692 0.64709 0.66241 
 0.60906 0.35317 0.33733 -0.12437 -0.12690 -0.00576 -0.00690 0.64731 0.66267 
 0.61006 0.35295 0.33707 -0.12434 -0.12688 -0.00575 -0.00689 0.64753 0.66293 
 0.61106 0.35273 0.33681 -0.12431 -0.12687 -0.00574 -0.00688 0.64775 0.66319 
 0.61206 0.35251 0.33655 -0.12428 -0.12685 -0.00573 -0.00686 0.64796 0.66345 
 0.61306 0.35230 0.33630 -0.12425 -0.12684 -0.00572 -0.00685 0.64818 0.66370 
 0.61406 0.35207 0.33604 -0.12422 -0.12682 -0.00571 -0.00684 0.64839 0.66396 
 0.61506 0.35186 0.33578 -0.12418 -0.12681 -0.00569 -0.00682 0.64861 0.66422 
 0.61606 0.35164 0.33552 -0.12415 -0.12679 -0.00568 -0.00681 0.64882 0.66448 
 0.61706 0.35142 0.33527 -0.12412 -0.12677 -0.00567 -0.00680 0.64904 0.66473 
 0.61806 0.35120 0.33501 -0.12409 -0.12676 -0.00566 -0.00678 0.64925 0.66499 
 0.61906 0.35099 0.33476 -0.12407 -0.12674 -0.00565 -0.00677 0.64946 0.66524 
 0.62006 0.35077 0.33450 -0.12404 -0.12673 -0.00563 -0.00676 0.64967 0.66550 
 0.62106 0.35056 0.33425 -0.12401 -0.12671 -0.00562 -0.00674 0.64989 0.66575 
 0.62206 0.35034 0.33399 -0.12398 -0.12670 -0.00561 -0.00673 0.65010 0.66601 
 0.62306 0.35013 0.33374 -0.12396 -0.12668 -0.00559 -0.00672 0.65031 0.66626 
 0.62406 0.34992 0.33349 -0.12393 -0.12667 -0.00558 -0.00670 0.65052 0.66651 
 0.62506 0.34971 0.33324 -0.12390 -0.12665 -0.00556 -0.00669 0.65073 0.66677 
 0.62606 0.34949 0.33298 -0.12388 -0.12664 -0.00555 -0.00668 0.65094 0.66702 
 0.62706 0.34928 0.33273 -0.12385 -0.12662 -0.00553 -0.00667 0.65115 0.66727 
 0.62806 0.34907 0.33248 -0.12383 -0.12661 -0.00552 -0.00665 0.65135 0.66752 
 0.62906 0.34886 0.33223 -0.12380 -0.12660 -0.00550 -0.00664 0.65156 0.66777 
 0.63006 0.34865 0.33198 -0.12378 -0.12658 -0.00548 -0.00663 0.65177 0.66802 
 0.63106 0.34845 0.33173 -0.12376 -0.12657 -0.00547 -0.00661 0.65198 0.66827 
 0.63206 0.34823 0.33148 -0.12373 -0.12655 -0.00545 -0.00660 0.65218 0.66852 
 0.63306 0.34803 0.33123 -0.12371 -0.12654 -0.00543 -0.00659 0.65239 0.66877 
 0.63406 0.34782 0.33099 -0.12369 -0.12652 -0.00541 -0.00657 0.65259 0.66901 
 0.63506 0.34762 0.33074 -0.12367 -0.12651 -0.00540 -0.00656 0.65280 0.66926 
 0.63606 0.34741 0.33049 -0.12365 -0.12649 -0.00538 -0.00655 0.65300 0.66951 
 0.63706 0.34721 0.33025 -0.12363 -0.12648 -0.00536 -0.00654 0.65320 0.66975 
 0.63806 0.34700 0.33000 -0.12361 -0.12646 -0.00534 -0.00652 0.65340 0.67000 
 0.63906 0.34680 0.32975 -0.12359 -0.12645 -0.00532 -0.00651 0.65361 0.67025 
 0.64006 0.34659 0.32951 -0.12357 -0.12644 -0.00531 -0.00650 0.65381 0.67049 
 0.64106 0.34639 0.32926 -0.12356 -0.12642 -0.00529 -0.00649 0.65401 0.67074 
 0.64206 0.34619 0.32902 -0.12354 -0.12641 -0.00527 -0.00647 0.65420 0.67098 
 0.64306 0.34599 0.32878 -0.12353 -0.12639 -0.00525 -0.00646 0.65440 0.67122 
 0.64406 0.34579 0.32853 -0.12351 -0.12638 -0.00523 -0.00645 0.65460 0.67147 
 0.64506 0.34559 0.32829 -0.12350 -0.12637 -0.00521 -0.00644 0.65480 0.67171 
 0.64606 0.34539 0.32805 -0.12348 -0.12635 -0.00519 -0.00642 0.65499 0.67195 
 0.64706 0.34519 0.32781 -0.12347 -0.12634 -0.00517 -0.00641 0.65519 0.67219 
 0.64806 0.34499 0.32756 -0.12345 -0.12632 -0.00516 -0.00640 0.65538 0.67244 
 0.64906 0.34480 0.32732 -0.12344 -0.12631 -0.00514 -0.00639 0.65558 0.67268 
 0.65007 0.34460 0.32708 -0.12343 -0.12629 -0.00512 -0.00637 0.65577 0.67292 
 0.65107 0.34441 0.32684 -0.12342 -0.12628 -0.00510 -0.00636 0.65596 0.67316 
 0.65207 0.34421 0.32660 -0.12341 -0.12627 -0.00508 -0.00635 0.65615 0.67339 
 0.65307 0.34402 0.32637 -0.12339 -0.12625 -0.00506 -0.00634 0.65634 0.67363 
 0.65407 0.34383 0.32613 -0.12338 -0.12624 -0.00504 -0.00632 0.65653 0.67387 
 0.65507 0.34364 0.32589 -0.12337 -0.12623 -0.00502 -0.00631 0.65672 0.67411 
 0.65607 0.34344 0.32565 -0.12336 -0.12621 -0.00501 -0.00630 0.65691 0.67435 
 0.65707 0.34326 0.32542 -0.12335 -0.12620 -0.00498 -0.00629 0.65710 0.67458 
 0.65807 0.34306 0.32518 -0.12334 -0.12618 -0.00497 -0.00627 0.65729 0.67482 
 0.65907 0.34288 0.32494 -0.12334 -0.12617 -0.00495 -0.00626 0.65748 0.67506 
 0.66007 0.34269 0.32471 -0.12333 -0.12616 -0.00493 -0.00625 0.65766 0.67529 
 0.66107 0.34250 0.32447 -0.12332 -0.12614 -0.00491 -0.00624 0.65785 0.67553 
 0.66207 0.34231 0.32424 -0.12331 -0.12613 -0.00490 -0.00623 0.65803 0.67576 
 0.66307 0.34213 0.32400 -0.12331 -0.12612 -0.00488 -0.00621 0.65822 0.67600 
 0.66407 0.34194 0.32377 -0.12330 -0.12610 -0.00486 -0.00620 0.65840 0.67623 
 0.66507 0.34176 0.32354 -0.12329 -0.12609 -0.00484 -0.00619 0.65858 0.67646 
 0.66607 0.34157 0.32330 -0.12328 -0.12608 -0.00483 -0.00618 0.65877 0.67670 
 0.66707 0.34139 0.32307 -0.12328 -0.12606 -0.00481 -0.00617 0.65895 0.67693 
 0.66807 0.34120 0.32284 -0.12327 -0.12605 -0.00479 -0.00615 0.65913 0.67716 
 0.66907 0.34102 0.32261 -0.12327 -0.12604 -0.00478 -0.00614 0.65931 0.67739 
 0.67007 0.34084 0.32238 -0.12326 -0.12602 -0.00476 -0.00613 0.65949 0.67763 
 0.67107 0.34066 0.32214 -0.12326 -0.12601 -0.00474 -0.00612 0.65967 0.67786 
 0.67207 0.34047 0.32191 -0.12325 -0.12600 -0.00473 -0.00611 0.65985 0.67809 
 0.67307 0.34030 0.32168 -0.12325 -0.12598 -0.00471 -0.00609 0.66003 0.67832 
 0.67407 0.34011 0.32145 -0.12324 -0.12597 -0.00470 -0.00608 0.66020 0.67854 
 0.67507 0.33994 0.32123 -0.12324 -0.12596 -0.00468 -0.00607 0.66038 0.67877 
 0.67607 0.33976 0.32100 -0.12323 -0.12594 -0.00467 -0.00606 0.66056 0.67900 
 0.67707 0.33958 0.32077 -0.12323 -0.12593 -0.00465 -0.00605 0.66073 0.67923 
 0.67807 0.33940 0.32054 -0.12322 -0.12592 -0.00464 -0.00603 0.66091 0.67946 
 0.67907 0.33923 0.32032 -0.12322 -0.12590 -0.00463 -0.00602 0.66108 0.67968 
 0.68007 0.33905 0.32009 -0.12321 -0.12589 -0.00462 -0.00601 0.66126 0.67991 
 0.68107 0.33888 0.31986 -0.12321 -0.12588 -0.00460 -0.00600 0.66143 0.68014 
 0.68207 0.33870 0.31964 -0.12320 -0.12587 -0.00459 -0.00599 0.66160 0.68036 
 0.68307 0.33853 0.31941 -0.12320 -0.12585 -0.00458 -0.00598 0.66178 0.68059 
 0.68407 0.33835 0.31919 -0.12320 -0.12584 -0.00457 -0.00596 0.66195 0.68081 
 0.68507 0.33818 0.31896 -0.12319 -0.12583 -0.00455 -0.00595 0.66212 0.68104 
 0.68607 0.33800 0.31874 -0.12319 -0.12582 -0.00454 -0.00594 0.66229 0.68126 
 0.68707 0.33783 0.31851 -0.12318 -0.12580 -0.00453 -0.00593 0.66246 0.68149 
 0.68807 0.33765 0.31829 -0.12318 -0.12579 -0.00452 -0.00592 0.66264 0.68171 
 0.68907 0.33748 0.31807 -0.12317 -0.12578 -0.00451 -0.00591 0.66281 0.68193 
 0.69007 0.33731 0.31784 -0.12317 -0.12576 -0.00450 -0.00590 0.66298 0.68215 
 0.69107 0.33714 0.31762 -0.12316 -0.12575 -0.00449 -0.00588 0.66315 0.68238 
 0.69207 0.33697 0.31740 -0.12316 -0.12574 -0.00448 -0.00587 0.66331 0.68260 
 0.69307 0.33680 0.31718 -0.12315 -0.12573 -0.00447 -0.00586 0.66348 0.68282 
 0.69407 0.33663 0.31696 -0.12315 -0.12571 -0.00446 -0.00585 0.66365 0.68304 
 0.69507 0.33646 0.31674 -0.12315 -0.12570 -0.00445 -0.00584 0.66382 0.68326 
 0.69607 0.33629 0.31652 -0.12314 -0.12569 -0.00445 -0.00583 0.66399 0.68348 
 0.69707 0.33612 0.31630 -0.12314 -0.12568 -0.00444 -0.00582 0.66416 0.68370 
 0.69807 0.33595 0.31608 -0.12313 -0.12566 -0.00443 -0.00580 0.66432 0.68392 
 0.69907 0.33578 0.31586 -0.12313 -0.12565 -0.00442 -0.00579 0.66449 0.68414 
 0.70007 0.33561 0.31565 -0.12312 -0.12564 -0.00442 -0.00578 0.66466 0.68435 
 0.70107 0.33545 0.31543 -0.12311 -0.12563 -0.00441 -0.00577 0.66482 0.68457 
 0.70207 0.33528 0.31521 -0.12311 -0.12562 -0.00440 -0.00576 0.66499 0.68479 
 0.70307 0.33511 0.31499 -0.12310 -0.12560 -0.00439 -0.00575 0.66516 0.68501 
 0.70407 0.33494 0.31478 -0.12310 -0.12559 -0.00439 -0.00574 0.66532 0.68522 
 0.70507 0.33478 0.31456 -0.12309 -0.12558 -0.00438 -0.00573 0.66549 0.68544 
 0.70607 0.33461 0.31435 -0.12309 -0.12557 -0.00438 -0.00571 0.66565 0.68565 
 0.70707 0.33444 0.31413 -0.12308 -0.12555 -0.00437 -0.00570 0.66582 0.68587 
 0.70807 0.33428 0.31392 -0.12307 -0.12554 -0.00436 -0.00569 0.66598 0.68608 
 0.70907 0.33411 0.31370 -0.12307 -0.12553 -0.00436 -0.00568 0.66615 0.68630 
 0.71007 0.33395 0.31349 -0.12306 -0.12552 -0.00435 -0.00567 0.66631 0.68651 
 0.71107 0.33378 0.31328 -0.12305 -0.12551 -0.00434 -0.00566 0.66648 0.68673 
 0.71207 0.33362 0.31306 -0.12305 -0.12549 -0.00434 -0.00565 0.66664 0.68694 
 0.71307 0.33345 0.31285 -0.12304 -0.12548 -0.00433 -0.00564 0.66681 0.68715 
 0.71407 0.33329 0.31264 -0.12303 -0.12547 -0.00433 -0.00563 0.66697 0.68736 
 0.71507 0.33312 0.31243 -0.12303 -0.12546 -0.00432 -0.00562 0.66714 0.68757 
 0.71607 0.33296 0.31221 -0.12302 -0.12545 -0.00432 -0.00560 0.66730 0.68779 
 0.71707 0.33280 0.31200 -0.12301 -0.12544 -0.00431 -0.00559 0.66746 0.68800 
 0.71807 0.33263 0.31179 -0.12300 -0.12542 -0.00431 -0.00558 0.66763 0.68821 
 0.71907 0.33247 0.31158 -0.12300 -0.12541 -0.00430 -0.00557 0.66779 0.68842 
 0.72007 0.33230 0.31137 -0.12299 -0.12540 -0.00430 -0.00556 0.66795 0.68863 
 0.72107 0.33214 0.31116 -0.12298 -0.12539 -0.00429 -0.00555 0.66812 0.68884 
 0.72207 0.33198 0.31095 -0.12298 -0.12538 -0.00429 -0.00554 0.66828 0.68905 
 0.72307 0.33182 0.31075 -0.12297 -0.12537 -0.00428 -0.00553 0.66844 0.68925 
 0.72407 0.33165 0.31054 -0.12296 -0.12535 -0.00427 -0.00552 0.66860 0.68946 
 0.72507 0.33149 0.31033 -0.12295 -0.12534 -0.00427 -0.00551 0.66877 0.68967 
 0.72607 0.33133 0.31012 -0.12294 -0.12533 -0.00426 -0.00550 0.66893 0.68988 
 0.72707 0.33117 0.30992 -0.12294 -0.12532 -0.00426 -0.00549 0.66909 0.69008 
 0.72807 0.33101 0.30971 -0.12293 -0.12531 -0.00425 -0.00548 0.66925 0.69029 
 0.72907 0.33085 0.30950 -0.12292 -0.12530 -0.00424 -0.00547 0.66941 0.69050 
 0.73007 0.33069 0.30930 -0.12291 -0.12528 -0.00424 -0.00545 0.66957 0.69070 
 0.73107 0.33053 0.30909 -0.12291 -0.12527 -0.00423 -0.00544 0.66973 0.69091 
 0.73207 0.33037 0.30889 -0.12290 -0.12526 -0.00423 -0.00543 0.66989 0.69111 
 0.73307 0.33021 0.30868 -0.12289 -0.12525 -0.00422 -0.00542 0.67006 0.69132 
 0.73407 0.33005 0.30848 -0.12288 -0.12524 -0.00421 -0.00541 0.67022 0.69152 
 0.73507 0.32989 0.30828 -0.12287 -0.12523 -0.00421 -0.00540 0.67038 0.69172 
 0.73607 0.32973 0.30807 -0.12286 -0.12522 -0.00420 -0.00539 0.67054 0.69193 
 0.73707 0.32957 0.30787 -0.12286 -0.12521 -0.00419 -0.00538 0.67070 0.69213 
 0.73807 0.32941 0.30767 -0.12285 -0.12519 -0.00418 -0.00537 0.67086 0.69233 
 0.73907 0.32925 0.30746 -0.12284 -0.12518 -0.00418 -0.00536 0.67101 0.69254 
 0.74007 0.32909 0.30726 -0.12284 -0.12517 -0.00417 -0.00535 0.67117 0.69274 
 0.74107 0.32894 0.30706 -0.12283 -0.12516 -0.00416 -0.00534 0.67133 0.69294 
 0.74207 0.32878 0.30686 -0.12282 -0.12515 -0.00415 -0.00533 0.67149 0.69314 
 0.74307 0.32862 0.30666 -0.12281 -0.12514 -0.00414 -0.00532 0.67165 0.69334 
 0.74407 0.32847 0.30646 -0.12281 -0.12513 -0.00414 -0.00531 0.67181 0.69354 
 0.74507 0.32831 0.30626 -0.12280 -0.12512 -0.00413 -0.00530 0.67196 0.69374 
 0.74607 0.32815 0.30606 -0.12279 -0.12510 -0.00412 -0.00529 0.67212 0.69394 
 0.74707 0.32800 0.30586 -0.12279 -0.12509 -0.00411 -0.00528 0.67228 0.69414 
 0.74807 0.32784 0.30566 -0.12278 -0.12508 -0.00410 -0.00527 0.67243 0.69434 
 0.74907 0.32769 0.30546 -0.12277 -0.12507 -0.00409 -0.00526 0.67259 0.69454 
 0.75008 0.32753 0.30527 -0.12277 -0.12506 -0.00408 -0.00525 0.67275 0.69473 
 0.75108 0.32738 0.30507 -0.12276 -0.12505 -0.00407 -0.00524 0.67290 0.69493 
 0.75208 0.32722 0.30487 -0.12276 -0.12504 -0.00406 -0.00523 0.67306 0.69513 
 0.75308 0.32707 0.30468 -0.12275 -0.12503 -0.00405 -0.00522 0.67321 0.69532 
 0.75408 0.32692 0.30448 -0.12275 -0.12502 -0.00404 -0.00521 0.67337 0.69552 
 0.75508 0.32677 0.30428 -0.12274 -0.12501 -0.00403 -0.00520 0.67352 0.69572 
 0.75608 0.32661 0.30409 -0.12274 -0.12499 -0.00402 -0.00519 0.67367 0.69591 
 0.75708 0.32646 0.30389 -0.12273 -0.12498 -0.00400 -0.00518 0.67383 0.69611 
 0.75808 0.32631 0.30370 -0.12273 -0.12497 -0.00399 -0.00517 0.67398 0.69630 
 0.75908 0.32616 0.30350 -0.12272 -0.12496 -0.00398 -0.00516 0.67413 0.69650 
 0.76008 0.32601 0.30331 -0.12272 -0.12495 -0.00397 -0.00515 0.67428 0.69669 
 0.76108 0.32586 0.30312 -0.12272 -0.12494 -0.00396 -0.00514 0.67443 0.69688 
 0.76208 0.32571 0.30292 -0.12271 -0.12493 -0.00394 -0.00513 0.67458 0.69708 
 0.76308 0.32556 0.30273 -0.12271 -0.12492 -0.00393 -0.00512 0.67473 0.69727 
 0.76408 0.32541 0.30254 -0.12271 -0.12491 -0.00392 -0.00511 0.67488 0.69746 
 0.76508 0.32527 0.30234 -0.12271 -0.12490 -0.00391 -0.00510 0.67503 0.69766 
 0.76608 0.32512 0.30215 -0.12271 -0.12489 -0.00389 -0.00509 0.67518 0.69785 
 0.76708 0.32497 0.30196 -0.12270 -0.12488 -0.00388 -0.00508 0.67533 0.69804 
 0.76808 0.32482 0.30177 -0.12270 -0.12487 -0.00387 -0.00507 0.67548 0.69823 
 0.76908 0.32468 0.30158 -0.12270 -0.12486 -0.00385 -0.00506 0.67562 0.69842 
 0.77008 0.32453 0.30139 -0.12270 -0.12485 -0.00384 -0.00505 0.67577 0.69861 
 0.77108 0.32439 0.30120 -0.12270 -0.12484 -0.00383 -0.00504 0.67592 0.69880 
 0.77208 0.32424 0.30101 -0.12270 -0.12483 -0.00381 -0.00503 0.67606 0.69899 
 0.77308 0.32410 0.30082 -0.12270 -0.12481 -0.00380 -0.00502 0.67621 0.69918 
 0.77408 0.32396 0.30063 -0.12270 -0.12480 -0.00379 -0.00501 0.67635 0.69937 
 0.77508 0.32381 0.30044 -0.12270 -0.12479 -0.00377 -0.00500 0.67650 0.69956 
 0.77608 0.32367 0.30025 -0.12270 -0.12478 -0.00376 -0.00499 0.67664 0.69974 
 0.77708 0.32353 0.30007 -0.12270 -0.12477 -0.00374 -0.00498 0.67678 0.69993 
 0.77808 0.32339 0.29988 -0.12271 -0.12476 -0.00373 -0.00497 0.67693 0.70012 
 0.77908 0.32325 0.29969 -0.12271 -0.12475 -0.00371 -0.00496 0.67707 0.70031 
 0.78008 0.32311 0.29951 -0.12271 -0.12474 -0.00370 -0.00495 0.67721 0.70049 
 0.78108 0.32297 0.29932 -0.12271 -0.12473 -0.00369 -0.00494 0.67735 0.70068 
 0.78208 0.32283 0.29913 -0.12272 -0.12472 -0.00367 -0.00493 0.67749 0.70087 
 0.78308 0.32269 0.29895 -0.12272 -0.12471 -0.00366 -0.00492 0.67763 0.70105 
 0.78408 0.32255 0.29876 -0.12272 -0.12470 -0.00364 -0.00491 0.67777 0.70124 
 0.78508 0.32242 0.29858 -0.12273 -0.12469 -0.00363 -0.00490 0.67791 0.70142 
 0.78608 0.32228 0.29839 -0.12273 -0.12468 -0.00361 -0.00489 0.67805 0.70161 
 0.78708 0.32214 0.29821 -0.12274 -0.12467 -0.00360 -0.00488 0.67818 0.70179 
 0.78808 0.32200 0.29803 -0.12274 -0.12466 -0.00359 -0.00487 0.67832 0.70197 
 0.78908 0.32187 0.29784 -0.12275 -0.12465 -0.00357 -0.00486 0.67846 0.70216 
 0.79008 0.32173 0.29766 -0.12275 -0.12464 -0.00356 -0.00486 0.67859 0.70234 
 0.79108 0.32160 0.29748 -0.12276 -0.12463 -0.00354 -0.00485 0.67873 0.70252 
 0.79208 0.32147 0.29729 -0.12276 -0.12462 -0.00353 -0.00484 0.67886 0.70271 
 0.79308 0.32133 0.29711 -0.12277 -0.12461 -0.00352 -0.00483 0.67900 0.70289 
 0.79408 0.32120 0.29693 -0.12278 -0.12460 -0.00350 -0.00482 0.67913 0.70307 
 0.79508 0.32107 0.29675 -0.12278 -0.12459 -0.00349 -0.00481 0.67926 0.70325 
 0.79608 0.32094 0.29657 -0.12279 -0.12458 -0.00348 -0.00480 0.67939 0.70343 
 0.79708 0.32081 0.29639 -0.12280 -0.12457 -0.00346 -0.00479 0.67953 0.70361 
 0.79808 0.32068 0.29621 -0.12281 -0.12456 -0.00345 -0.00478 0.67966 0.70379 
 0.79908 0.32055 0.29603 -0.12281 -0.12455 -0.00344 -0.00477 0.67979 0.70397 
 0.80008 0.32042 0.29585 -0.12282 -0.12454 -0.00342 -0.00476 0.67992 0.70415 
 0.80108 0.32029 0.29567 -0.12283 -0.12453 -0.00341 -0.00475 0.68005 0.70433 
 0.80208 0.32016 0.29549 -0.12284 -0.12452 -0.00340 -0.00474 0.68018 0.70451 
 0.80308 0.32003 0.29531 -0.12285 -0.12451 -0.00338 -0.00473 0.68031 0.70469 
 0.80408 0.31990 0.29513 -0.12286 -0.12450 -0.00337 -0.00473 0.68044 0.70487 
 0.80508 0.31978 0.29496 -0.12287 -0.12449 -0.00336 -0.00472 0.68057 0.70505 
 0.80608 0.31965 0.29478 -0.12287 -0.12448 -0.00335 -0.00471 0.68069 0.70522 
 0.80708 0.31952 0.29460 -0.12288 -0.12448 -0.00334 -0.00470 0.68082 0.70540 
 0.80808 0.31940 0.29442 -0.12289 -0.12447 -0.00333 -0.00469 0.68095 0.70558 
 0.80908 0.31927 0.29425 -0.12290 -0.12445 -0.00331 -0.00468 0.68107 0.70575 
 0.81008 0.31915 0.29407 -0.12291 -0.12445 -0.00330 -0.00467 0.68120 0.70593 
 0.81108 0.31902 0.29390 -0.12292 -0.12444 -0.00329 -0.00466 0.68132 0.70610 
 0.81208 0.31890 0.29372 -0.12293 -0.12443 -0.00328 -0.00465 0.68145 0.70628 
 0.81308 0.31878 0.29355 -0.12295 -0.12442 -0.00327 -0.00464 0.68157 0.70646 
 0.81408 0.31865 0.29337 -0.12296 -0.12441 -0.00326 -0.00463 0.68170 0.70663 
 0.81508 0.31853 0.29320 -0.12297 -0.12440 -0.00325 -0.00463 0.68182 0.70680 
 0.81608 0.31841 0.29302 -0.12298 -0.12439 -0.00324 -0.00462 0.68195 0.70698 
 0.81708 0.31829 0.29285 -0.12299 -0.12438 -0.00323 -0.00461 0.68207 0.70715 
 0.81808 0.31817 0.29268 -0.12300 -0.12437 -0.00322 -0.00460 0.68219 0.70732 
 0.81908 0.31805 0.29250 -0.12301 -0.12436 -0.00321 -0.00459 0.68231 0.70750 
 0.82008 0.31792 0.29233 -0.12302 -0.12435 -0.00320 -0.00458 0.68244 0.70767 
 0.82108 0.31780 0.29216 -0.12303 -0.12434 -0.00319 -0.00457 0.68256 0.70784 
 0.82208 0.31768 0.29198 -0.12304 -0.12433 -0.00318 -0.00456 0.68268 0.70802 
 0.82308 0.31757 0.29181 -0.12306 -0.12432 -0.00317 -0.00455 0.68280 0.70819 
 0.82408 0.31744 0.29164 -0.12307 -0.12431 -0.00317 -0.00455 0.68292 0.70836 
 0.82508 0.31733 0.29147 -0.12308 -0.12430 -0.00316 -0.00454 0.68304 0.70853 
 0.82608 0.31721 0.29130 -0.12309 -0.12430 -0.00315 -0.00453 0.68316 0.70870 
 0.82708 0.31709 0.29113 -0.12310 -0.12429 -0.00314 -0.00452 0.68328 0.70887 
 0.82808 0.31697 0.29096 -0.12311 -0.12428 -0.00313 -0.00451 0.68340 0.70904 
 0.82908 0.31686 0.29079 -0.12313 -0.12427 -0.00312 -0.00450 0.68352 0.70921 
 0.83008 0.31674 0.29062 -0.12314 -0.12426 -0.00312 -0.00449 0.68364 0.70938 
 0.83108 0.31662 0.29045 -0.12315 -0.12425 -0.00311 -0.00448 0.68376 0.70955 
 0.83208 0.31650 0.29028 -0.12316 -0.12424 -0.00310 -0.00448 0.68388 0.70972 
 0.83308 0.31639 0.29011 -0.12318 -0.12423 -0.00310 -0.00447 0.68399 0.70989 
 0.83408 0.31627 0.28995 -0.12319 -0.12422 -0.00309 -0.00446 0.68411 0.71005 
 0.83508 0.31616 0.28978 -0.12320 -0.12421 -0.00308 -0.00445 0.68423 0.71022 
 0.83608 0.31604 0.28961 -0.12321 -0.12420 -0.00308 -0.00444 0.68435 0.71039 
 0.83708 0.31593 0.28944 -0.12322 -0.12419 -0.00307 -0.00443 0.68447 0.71056 
 0.83808 0.31581 0.28928 -0.12323 -0.12419 -0.00306 -0.00442 0.68458 0.71072 
 0.83908 0.31570 0.28911 -0.12325 -0.12418 -0.00306 -0.00442 0.68470 0.71089 
 0.84008 0.31558 0.28894 -0.12326 -0.12417 -0.00305 -0.00441 0.68482 0.71106 
 0.84108 0.31547 0.28878 -0.12327 -0.12416 -0.00304 -0.00440 0.68493 0.71122 
 0.84208 0.31535 0.28861 -0.12328 -0.12415 -0.00304 -0.00439 0.68505 0.71139 
 0.84308 0.31524 0.28845 -0.12330 -0.12414 -0.00303 -0.00438 0.68516 0.71155 
 0.84408 0.31512 0.28828 -0.12331 -0.12413 -0.00303 -0.00437 0.68528 0.71172 
 0.84508 0.31501 0.28812 -0.12332 -0.12412 -0.00302 -0.00436 0.68540 0.71188 
 0.84608 0.31490 0.28795 -0.12333 -0.12411 -0.00302 -0.00436 0.68551 0.71205 
 0.84708 0.31479 0.28779 -0.12334 -0.12410 -0.00301 -0.00435 0.68563 0.71221 
 0.84808 0.31467 0.28763 -0.12335 -0.12410 -0.00300 -0.00434 0.68574 0.71237 
 0.84908 0.31456 0.28746 -0.12337 -0.12409 -0.00300 -0.00433 0.68586 0.71254 
 0.85009 0.31445 0.28730 -0.12338 -0.12408 -0.00299 -0.00432 0.68597 0.71270 
 0.85109 0.31434 0.28714 -0.12339 -0.12407 -0.00299 -0.00431 0.68609 0.71286 
 0.85209 0.31422 0.28697 -0.12340 -0.12406 -0.00298 -0.00431 0.68620 0.71303 
 0.85309 0.31411 0.28681 -0.12341 -0.12405 -0.00298 -0.00430 0.68631 0.71319 
 0.85409 0.31400 0.28665 -0.12343 -0.12404 -0.00297 -0.00429 0.68643 0.71335 
 0.85509 0.31389 0.28649 -0.12344 -0.12403 -0.00297 -0.00428 0.68654 0.71351 
 0.85609 0.31378 0.28633 -0.12345 -0.12403 -0.00296 -0.00427 0.68665 0.71367 
 0.85709 0.31367 0.28617 -0.12346 -0.12402 -0.00295 -0.00426 0.68677 0.71383 
 0.85809 0.31356 0.28601 -0.12347 -0.12401 -0.00295 -0.00426 0.68688 0.71399 
 0.85909 0.31345 0.28585 -0.12348 -0.12400 -0.00294 -0.00425 0.68699 0.71415 
 0.86009 0.31334 0.28569 -0.12350 -0.12399 -0.00294 -0.00424 0.68711 0.71431 
 0.86109 0.31323 0.28553 -0.12351 -0.12398 -0.00293 -0.00423 0.68722 0.71447 
 0.86209 0.31312 0.28537 -0.12352 -0.12397 -0.00293 -0.00422 0.68733 0.71463 
 0.86309 0.31301 0.28521 -0.12353 -0.12397 -0.00292 -0.00421 0.68744 0.71479 
 0.86409 0.31290 0.28505 -0.12354 -0.12396 -0.00291 -0.00421 0.68756 0.71495 
 0.86509 0.31279 0.28489 -0.12355 -0.12395 -0.00291 -0.00420 0.68767 0.71511 
 0.86609 0.31268 0.28473 -0.12356 -0.12394 -0.00290 -0.00419 0.68778 0.71527 
 0.86709 0.31257 0.28458 -0.12358 -0.12393 -0.00290 -0.00418 0.68789 0.71542 
 0.86809 0.31247 0.28442 -0.12359 -0.12392 -0.00289 -0.00417 0.68800 0.71558 
 0.86909 0.31236 0.28426 -0.12360 -0.12391 -0.00288 -0.00417 0.68811 0.71574 
 0.87009 0.31225 0.28410 -0.12361 -0.12391 -0.00288 -0.00416 0.68822 0.71589 
 0.87109 0.31214 0.28395 -0.12362 -0.12390 -0.00287 -0.00415 0.68833 0.71605 
 0.87209 0.31204 0.28379 -0.12363 -0.12389 -0.00286 -0.00414 0.68844 0.71621 
 0.87309 0.31193 0.28364 -0.12365 -0.12388 -0.00286 -0.00413 0.68855 0.71636 
 0.87409 0.31182 0.28348 -0.12366 -0.12387 -0.00285 -0.00413 0.68866 0.71652 
 0.87509 0.31172 0.28332 -0.12367 -0.12386 -0.00284 -0.00412 0.68877 0.71667 
 0.87609 0.31161 0.28317 -0.12368 -0.12386 -0.00284 -0.00411 0.68888 0.71683 
 0.87709 0.31150 0.28302 -0.12370 -0.12385 -0.00283 -0.00410 0.68899 0.71698 
 0.87809 0.31140 0.28286 -0.12371 -0.12384 -0.00282 -0.00409 0.68910 0.71714 
 0.87909 0.31129 0.28271 -0.12372 -0.12383 -0.00282 -0.00409 0.68921 0.71729 
 0.88009 0.31119 0.28255 -0.12373 -0.12382 -0.00281 -0.00408 0.68932 0.71745 
 0.88109 0.31108 0.28240 -0.12374 -0.12381 -0.00280 -0.00407 0.68943 0.71760 
 0.88209 0.31098 0.28225 -0.12376 -0.12380 -0.00279 -0.00406 0.68953 0.71775 
 0.88309 0.31087 0.28209 -0.12377 -0.12380 -0.00279 -0.00405 0.68964 0.71791 
 0.88409 0.31077 0.28194 -0.12378 -0.12379 -0.00278 -0.00405 0.68975 0.71806 
 0.88509 0.31067 0.28179 -0.12380 -0.12378 -0.00277 -0.00404 0.68985 0.71821 
 0.88609 0.31056 0.28164 -0.12381 -0.12377 -0.00276 -0.00403 0.68996 0.71836 
 0.88709 0.31046 0.28148 -0.12382 -0.12376 -0.00275 -0.00402 0.69007 0.71852 
 0.88809 0.31036 0.28133 -0.12383 -0.12376 -0.00275 -0.00402 0.69017 0.71867 
 0.88909 0.31026 0.28118 -0.12385 -0.12375 -0.00274 -0.00401 0.69028 0.71882 
 0.89009 0.31015 0.28103 -0.12386 -0.12374 -0.00273 -0.00400 0.69038 0.71897 
 0.89109 0.31005 0.28088 -0.12388 -0.12373 -0.00272 -0.00399 0.69049 0.71912 
 0.89209 0.30995 0.28073 -0.12389 -0.12372 -0.00271 -0.00398 0.69059 0.71927 
 0.89309 0.30985 0.28058 -0.12390 -0.12372 -0.00270 -0.00398 0.69070 0.71942 
 0.89409 0.30975 0.28043 -0.12392 -0.12371 -0.00270 -0.00397 0.69080 0.71957 
 0.89509 0.30965 0.28028 -0.12393 -0.12370 -0.00269 -0.00396 0.69090 0.71972 
 0.89609 0.30955 0.28013 -0.12395 -0.12369 -0.00268 -0.00395 0.69101 0.71987 
 0.89709 0.30945 0.27998 -0.12396 -0.12368 -0.00267 -0.00395 0.69111 0.72002 
 0.89809 0.30935 0.27984 -0.12398 -0.12368 -0.00266 -0.00394 0.69121 0.72017 
 0.89909 0.30925 0.27969 -0.12399 -0.12367 -0.00265 -0.00393 0.69131 0.72031 
 0.90009 0.30915 0.27954 -0.12401 -0.12366 -0.00264 -0.00392 0.69142 0.72046 
 0.90109 0.30905 0.27939 -0.12402 -0.12365 -0.00263 -0.00392 0.69152 0.72061 
 0.90209 0.30895 0.27924 -0.12404 -0.12364 -0.00263 -0.00391 0.69162 0.72076 
 0.90309 0.30886 0.27910 -0.12405 -0.12364 -0.00262 -0.00390 0.69172 0.72090 
 0.90409 0.30876 0.27895 -0.12407 -0.12363 -0.00261 -0.00389 0.69182 0.72105 
 0.90509 0.30866 0.27880 -0.12409 -0.12362 -0.00260 -0.00389 0.69192 0.72120 
 0.90609 0.30856 0.27866 -0.12410 -0.12361 -0.00259 -0.00388 0.69202 0.72134 
 0.90709 0.30847 0.27851 -0.12412 -0.12361 -0.00258 -0.00387 0.69212 0.72149 
 0.90809 0.30837 0.27837 -0.12414 -0.12360 -0.00257 -0.00386 0.69222 0.72163 
 0.90909 0.30828 0.27822 -0.12415 -0.12359 -0.00256 -0.00386 0.69232 0.72178 
 0.91009 0.30818 0.27808 -0.12417 -0.12358 -0.00255 -0.00385 0.69241 0.72192 
 0.91109 0.30809 0.27793 -0.12419 -0.12357 -0.00254 -0.00384 0.69251 0.72207 
 0.91209 0.30799 0.27779 -0.12420 -0.12357 -0.00254 -0.00383 0.69261 0.72221 
 0.91309 0.30790 0.27764 -0.12422 -0.12356 -0.00253 -0.00383 0.69271 0.72236 
 0.91409 0.30780 0.27750 -0.12424 -0.12355 -0.00252 -0.00382 0.69280 0.72250 
 0.91509 0.30771 0.27735 -0.12426 -0.12354 -0.00251 -0.00381 0.69290 0.72265 
 0.91609 0.30761 0.27721 -0.12428 -0.12354 -0.00250 -0.00380 0.69300 0.72279 
 0.91709 0.30752 0.27707 -0.12430 -0.12353 -0.00249 -0.00380 0.69309 0.72293 
 0.91809 0.30743 0.27692 -0.12431 -0.12352 -0.00248 -0.00379 0.69319 0.72308 
 0.91909 0.30734 0.27678 -0.12433 -0.12351 -0.00248 -0.00378 0.69328 0.72322 
 0.92009 0.30724 0.27664 -0.12435 -0.12350 -0.00247 -0.00377 0.69338 0.72336 
 0.92109 0.30715 0.27650 -0.12437 -0.12350 -0.00246 -0.00377 0.69347 0.72350 
 0.92209 0.30706 0.27636 -0.12439 -0.12349 -0.00245 -0.00376 0.69357 0.72364 
 0.92309 0.30697 0.27621 -0.12441 -0.12348 -0.00244 -0.00375 0.69366 0.72379 
 0.92409 0.30688 0.27607 -0.12443 -0.12347 -0.00244 -0.00375 0.69375 0.72393 
 0.92509 0.30679 0.27593 -0.12445 -0.12347 -0.00243 -0.00374 0.69385 0.72407 
 0.92609 0.30670 0.27579 -0.12447 -0.12346 -0.00242 -0.00373 0.69394 0.72421 
 0.92709 0.30661 0.27565 -0.12449 -0.12345 -0.00241 -0.00372 0.69403 0.72435 
 0.92809 0.30652 0.27551 -0.12451 -0.12344 -0.00241 -0.00372 0.69413 0.72449 
 0.92909 0.30643 0.27537 -0.12453 -0.12344 -0.00240 -0.00371 0.69422 0.72463 
 0.93009 0.30634 0.27523 -0.12455 -0.12343 -0.00239 -0.00370 0.69431 0.72477 
 0.93109 0.30625 0.27509 -0.12458 -0.12342 -0.00238 -0.00369 0.69440 0.72491 
 0.93209 0.30616 0.27495 -0.12460 -0.12341 -0.00238 -0.00369 0.69449 0.72505 
 0.93309 0.30607 0.27481 -0.12462 -0.12341 -0.00237 -0.00368 0.69458 0.72519 
 0.93409 0.30599 0.27468 -0.12464 -0.12340 -0.00236 -0.00367 0.69467 0.72532 
 0.93509 0.30590 0.27454 -0.12466 -0.12339 -0.00236 -0.00367 0.69476 0.72546 
 0.93609 0.30581 0.27440 -0.12468 -0.12338 -0.00235 -0.00366 0.69485 0.72560 
 0.93709 0.30572 0.27426 -0.12470 -0.12338 -0.00234 -0.00365 0.69494 0.72574 
 0.93809 0.30563 0.27413 -0.12473 -0.12337 -0.00234 -0.00364 0.69503 0.72588 
 0.93909 0.30555 0.27399 -0.12475 -0.12336 -0.00233 -0.00364 0.69512 0.72601 
 0.94009 0.30546 0.27385 -0.12477 -0.12336 -0.00233 -0.00363 0.69521 0.72615 
 0.94109 0.30537 0.27371 -0.12479 -0.12335 -0.00232 -0.00362 0.69530 0.72629 
 0.94209 0.30528 0.27358 -0.12481 -0.12334 -0.00231 -0.00362 0.69539 0.72642 
 0.94309 0.30520 0.27344 -0.12483 -0.12333 -0.00231 -0.00361 0.69548 0.72656 
 0.94409 0.30511 0.27331 -0.12485 -0.12333 -0.00230 -0.00360 0.69556 0.72669 
 0.94509 0.30502 0.27317 -0.12488 -0.12332 -0.00230 -0.00360 0.69565 0.72683 
 0.94609 0.30494 0.27303 -0.12490 -0.12331 -0.00229 -0.00359 0.69574 0.72697 
 0.94709 0.30485 0.27290 -0.12492 -0.12330 -0.00229 -0.00358 0.69583 0.72710 
 0.94809 0.30477 0.27276 -0.12494 -0.12330 -0.00228 -0.00358 0.69591 0.72723 
 0.94909 0.30468 0.27263 -0.12496 -0.12329 -0.00228 -0.00357 0.69600 0.72737 
 0.95010 0.30459 0.27250 -0.12499 -0.12328 -0.00227 -0.00356 0.69609 0.72750 
 0.95110 0.30451 0.27236 -0.12501 -0.12327 -0.00227 -0.00355 0.69617 0.72764 
 0.95210 0.30442 0.27223 -0.12503 -0.12327 -0.00226 -0.00355 0.69626 0.72777 
 0.95310 0.30434 0.27209 -0.12505 -0.12326 -0.00226 -0.00354 0.69635 0.72791 
 0.95410 0.30425 0.27196 -0.12507 -0.12325 -0.00226 -0.00353 0.69643 0.72804 
 0.95510 0.30417 0.27183 -0.12510 -0.12325 -0.00225 -0.00353 0.69652 0.72817 
 0.95610 0.30409 0.27170 -0.12512 -0.12324 -0.00225 -0.00352 0.69660 0.72830 
 0.95710 0.30400 0.27156 -0.12514 -0.12323 -0.00224 -0.00351 0.69669 0.72844 
 0.95810 0.30392 0.27143 -0.12516 -0.12323 -0.00224 -0.00351 0.69678 0.72857 
 0.95910 0.30383 0.27130 -0.12518 -0.12322 -0.00223 -0.00350 0.69686 0.72870 
 0.96010 0.30375 0.27117 -0.12521 -0.12321 -0.00223 -0.00349 0.69695 0.72883 
 0.96110 0.30367 0.27104 -0.12523 -0.12320 -0.00223 -0.00349 0.69703 0.72896 
 0.96210 0.30358 0.27090 -0.12525 -0.12320 -0.00222 -0.00348 0.69712 0.72910 
 0.96310 0.30350 0.27077 -0.12527 -0.12319 -0.00222 -0.00347 0.69720 0.72923 
 0.96410 0.30341 0.27064 -0.12529 -0.12318 -0.00222 -0.00347 0.69728 0.72936 
 0.96510 0.30333 0.27051 -0.12532 -0.12318 -0.00221 -0.00346 0.69737 0.72949 
 0.96610 0.30325 0.27038 -0.12534 -0.12317 -0.00221 -0.00345 0.69745 0.72962 
 0.96710 0.30317 0.27025 -0.12536 -0.12316 -0.00221 -0.00345 0.69754 0.72975 
 0.96810 0.30308 0.27012 -0.12538 -0.12316 -0.00220 -0.00344 0.69762 0.72988 
 0.96910 0.30300 0.26999 -0.12540 -0.12315 -0.00220 -0.00343 0.69770 0.73001 
 0.97010 0.30292 0.26986 -0.12542 -0.12314 -0.00220 -0.00343 0.69779 0.73014 
 0.97110 0.30283 0.26974 -0.12545 -0.12313 -0.00219 -0.00342 0.69787 0.73027 
 0.97210 0.30275 0.26961 -0.12547 -0.12313 -0.00219 -0.00341 0.69796 0.73039 
 0.97310 0.30267 0.26948 -0.12549 -0.12312 -0.00218 -0.00341 0.69804 0.73052 
 0.97410 0.30259 0.26935 -0.12551 -0.12311 -0.00218 -0.00340 0.69812 0.73065 
 0.97510 0.30251 0.26922 -0.12553 -0.12311 -0.00218 -0.00339 0.69820 0.73078 
 0.97610 0.30242 0.26909 -0.12555 -0.12310 -0.00217 -0.00339 0.69829 0.73091 
 0.97710 0.30234 0.26897 -0.12557 -0.12309 -0.00217 -0.00338 0.69837 0.73103 
 0.97810 0.30226 0.26884 -0.12559 -0.12309 -0.00217 -0.00337 0.69845 0.73116 
 0.97910 0.30218 0.26871 -0.12561 -0.12308 -0.00216 -0.00337 0.69853 0.73129 
 0.98010 0.30210 0.26859 -0.12564 -0.12307 -0.00216 -0.00336 0.69862 0.73141 
 0.98110 0.30202 0.26846 -0.12566 -0.12307 -0.00216 -0.00335 0.69870 0.73154 
 0.98210 0.30193 0.26833 -0.12568 -0.12306 -0.00215 -0.00335 0.69878 0.73167 
 0.98310 0.30185 0.26821 -0.12570 -0.12305 -0.00215 -0.00334 0.69886 0.73179 
 0.98410 0.30177 0.26808 -0.12572 -0.12305 -0.00215 -0.00333 0.69894 0.73192 
 0.98510 0.30169 0.26796 -0.12574 -0.12304 -0.00214 -0.00333 0.69902 0.73204 
 0.98610 0.30161 0.26783 -0.12576 -0.12303 -0.00214 -0.00332 0.69911 0.73217 
 0.98710 0.30153 0.26771 -0.12578 -0.12303 -0.00213 -0.00331 0.69919 0.73230 
 0.98810 0.30145 0.26758 -0.12580 -0.12302 -0.00213 -0.00331 0.69927 0.73242 
 0.98910 0.30137 0.26746 -0.12582 -0.12301 -0.00212 -0.00330 0.69935 0.73254 
 0.99010 0.30129 0.26733 -0.12584 -0.12301 -0.00212 -0.00330 0.69943 0.73267 
 0.99110 0.30121 0.26721 -0.12586 -0.12300 -0.00212 -0.00329 0.69951 0.73279 
 0.99210 0.30113 0.26708 -0.12588 -0.12299 -0.00211 -0.00328 0.69959 0.73292 
 0.99310 0.30105 0.26696 -0.12590 -0.12299 -0.00211 -0.00328 0.69967 0.73304 
 0.99410 0.30097 0.26684 -0.12592 -0.12298 -0.00210 -0.00327 0.69975 0.73316 
 0.99510 0.30089 0.26671 -0.12594 -0.12297 -0.00210 -0.00326 0.69983 0.73329 
 0.99610 0.30081 0.26659 -0.12596 -0.12297 -0.00209 -0.00326 0.69991 0.73341 
 0.99710 0.30074 0.26647 -0.12598 -0.12296 -0.00209 -0.00325 0.69999 0.73353 
 0.99810 0.30066 0.26635 -0.12600 -0.12295 -0.00208 -0.00325 0.70007 0.73365 
 0.99910 0.30058 0.26622 -0.12602 -0.12295 -0.00208 -0.00324 0.70014 0.73378 
