 0.00000 1.00000 1.00000 0.00000 0.00000 0.00000 0.00000 0.00000 0.00000 
 0.00100 0.99965 0.99965 -0.00000 -0.00000 -0.01882 -0.01882 0.00035 0.00035 
 0.00200 0.99858 0.99858 -0.00001 -0.00001 -0.03757 -0.03757 0.00142 0.00142 
 0.00300 0.99682 0.99682 -0.00003 -0.00003 -0.05617 -0.05617 0.00318 0.00318 
 0.00400 0.99435 0.99435 -0.00006 -0.00006 -0.07455 -0.07455 0.00565 0.00565 
 0.00500 0.99120 0.99120 -0.00011 -0.00011 -0.09265 -0.09265 0.00880 0.00880 
 0.00600 0.98738 0.98738 -0.00020 -0.00020 -0.11041 -0.11041 0.01262 0.01262 
 0.00700 0.98289 0.98289 -0.00031 -0.00031 -0.12777 -0.12777 0.01711 0.01711 
 0.00800 0.97776 0.97776 -0.00045 -0.00045 -0.14468 -0.14468 0.02224 0.02224 
 0.00900 0.97200 0.97200 -0.00064 -0.00064 -0.16107 -0.16107 0.02801 0.02801 
 0.01000 0.96563 0.96563 -0.00086 -0.00086 -0.17689 -0.17689 0.03437 0.03437 
 0.01100 0.95867 0.95867 -0.00113 -0.00113 -0.19211 -0.19211 0.04133 0.04133 
 0.01200 0.95116 0.95116 -0.00145 -0.00145 -0.20668 -0.20668 0.04884 0.04884 
 0.01300 0.94311 0.94311 -0.00182 -0.00182 -0.22056 -0.22056 0.05689 0.05689 
 0.01400 0.93455 0.93455 -0.00224 -0.00224 -0.23372 -0.23372 0.06545 0.06545 
 0.01500 0.92551 0.92551 -0.00271 -0.00271 -0.24612 -0.24612 0.07449 0.07449 
 0.01600 0.91602 0.91602 -0.00323 -0.00323 -0.25773 -0.25773 0.08398 0.08398 
 0.01700 0.90610 0.90610 -0.00381 -0.00381 -0.26854 -0.26854 0.09390 0.09390 
 0.01800 0.89579 0.89579 -0.00444 -0.00444 -0.27853 -0.27853 0.10421 0.10421 
 0.01900 0.88513 0.88513 -0.00512 -0.00512 -0.28767 -0.28767 0.11487 0.11487 
 0.02000 0.87413 0.87413 -0.00586 -0.00586 -0.29596 -0.29596 0.12587 0.12587 
 0.02100 0.86284 0.86284 -0.00665 -0.00665 -0.30340 -0.30340 0.13716 0.13716 
 0.02200 0.85128 0.85128 -0.00749 -0.00749 -0.30997 -0.30997 0.14872 0.14872 
 0.02300 0.83949 0.83949 -0.00839 -0.00839 -0.31568 -0.31568 0.16051 0.16051 
 0.02400 0.82751 0.82751 -0.00933 -0.00933 -0.32053 -0.32053 0.17249 0.17249 
 0.02500 0.81535 0.81535 -0.01031 -0.01031 -0.32452 -0.32452 0.18465 0.18465 
 0.02600 0.80307 0.80307 -0.01134 -0.01134 -0.32767 -0.32767 0.19693 0.19693 
 0.02700 0.79068 0.79068 -0.01242 -0.01242 -0.32998 -0.32998 0.20933 0.20933 
 0.02800 0.77821 0.77821 -0.01353 -0.01353 -0.33147 -0.33147 0.22179 0.22179 
 0.02900 0.76571 0.76571 -0.01468 -0.01468 -0.33217 -0.33217 0.23429 0.23429 
 0.03000 0.75319 0.75319 -0.01586 -0.01586 -0.33208 -0.33208 0.24680 0.24680 
 0.03100 0.74070 0.74070 -0.01707 -0.01707 -0.33122 -0.33122 0.25930 0.25930 
 0.03200 0.72825 0.72825 -0.01831 -0.01831 -0.32964 -0.32964 0.27175 0.27175 
 0.03300 0.71587 0.71587 -0.01958 -0.01958 -0.32733 -0.32733 0.28413 0.28413 
 0.03400 0.70359 0.70359 -0.02087 -0.02087 -0.32434 -0.32434 0.29641 0.29641 
 0.03500 0.69144 0.69144 -0.02218 -0.02218 -0.32069 -0.32069 0.30856 0.30856 
 0.03600 0.67944 0.67944 -0.02351 -0.02351 -0.31641 -0.31641 0.32056 0.32056 
 0.03700 0.66761 0.66761 -0.02485 -0.02485 -0.31153 -0.31153 0.33239 0.33239 
 0.03800 0.65597 0.65597 -0.02620 -0.02620 -0.30608 -0.30608 0.34403 0.34403 
 0.03900 0.64455 0.64455 -0.02756 -0.02756 -0.30009 -0.30009 0.35545 0.35545 
 0.04000 0.63337 0.63337 -0.02893 -0.02893 -0.29360 -0.29360 0.36663 0.36663 
 0.04100 0.62244 0.62244 -0.03030 -0.03030 -0.28662 -0.28662 0.37756 0.37756 
 0.04200 0.61178 0.61178 -0.03167 -0.03167 -0.27921 -0.27921 0.38822 0.38822 
 0.04300 0.60141 0.60141 -0.03304 -0.03304 -0.27138 -0.27138 0.39859 0.39859 
 0.04400 0.59134 0.59134 -0.03440 -0.03440 -0.26317 -0.26317 0.40867 0.40867 
 0.04500 0.58158 0.58158 -0.03576 -0.03576 -0.25462 -0.25462 0.41842 0.41842 
 0.04600 0.57215 0.57215 -0.03712 -0.03712 -0.24575 -0.24575 0.42784 0.42784 
 0.04700 0.56307 0.56307 -0.03846 -0.03846 -0.23660 -0.23660 0.43693 0.43693 
 0.04800 0.55433 0.55433 -0.03980 -0.03980 -0.22720 -0.22720 0.44567 0.44567 
 0.04900 0.54595 0.54595 -0.04112 -0.04112 -0.21757 -0.21757 0.45405 0.45405 
 0.05001 0.53794 0.53794 -0.04243 -0.04243 -0.20775 -0.20775 0.46206 0.46206 
 0.05101 0.53030 0.53030 -0.04373 -0.04373 -0.19777 -0.19777 0.46970 0.46970 
 0.05201 0.52304 0.52304 -0.04501 -0.04501 -0.18765 -0.18765 0.47696 0.47696 
 0.05301 0.51616 0.51616 -0.04627 -0.04627 -0.17743 -0.17743 0.48384 0.48384 
 0.05401 0.50967 0.50967 -0.04752 -0.04752 -0.16713 -0.16713 0.49033 0.49033 
 0.05501 0.50357 0.50357 -0.04875 -0.04875 -0.15678 -0.15678 0.49643 0.49643 
 0.05601 0.49786 0.49786 -0.04996 -0.04996 -0.14640 -0.14640 0.50214 0.50214 
 0.05701 0.49254 0.49254 -0.05115 -0.05115 -0.13602 -0.13602 0.50746 0.50746 
 0.05801 0.48761 0.48761 -0.05233 -0.05233 -0.12566 -0.12566 0.51239 0.51239 
 0.05901 0.48307 0.48307 -0.05348 -0.05348 -0.11535 -0.11535 0.51693 0.51693 
 0.06001 0.47892 0.47892 -0.05462 -0.05462 -0.10510 -0.10510 0.52108 0.52108 
 0.06101 0.47515 0.47515 -0.05573 -0.05573 -0.09495 -0.09495 0.52485 0.52485 
 0.06201 0.47177 0.47177 -0.05683 -0.05683 -0.08490 -0.08490 0.52823 0.52823 
 0.06301 0.46875 0.46875 -0.05791 -0.05791 -0.07498 -0.07498 0.53124 0.53124 
 0.06401 0.46611 0.46611 -0.05897 -0.05897 -0.06522 -0.06522 0.53389 0.53389 
 0.06501 0.46384 0.46384 -0.06001 -0.06001 -0.05561 -0.05561 0.53616 0.53616 
 0.06601 0.46192 0.46192 -0.06104 -0.06104 -0.04619 -0.04619 0.53808 0.53808 
 0.06701 0.46036 0.46036 -0.06205 -0.06205 -0.03697 -0.03697 0.53964 0.53964 
 0.06801 0.45913 0.45913 -0.06304 -0.06304 -0.02796 -0.02796 0.54087 0.54087 
 0.06901 0.45825 0.45825 -0.06401 -0.06401 -0.01918 -0.01918 0.54175 0.54175 
 0.07001 0.45769 0.45769 -0.06497 -0.06497 -0.01064 -0.01064 0.54231 0.54231 
 0.07101 0.45744 0.45744 -0.06591 -0.06591 -0.00235 -0.00235 0.54256 0.54256 
 0.07201 0.45750 0.45750 -0.06683 -0.06683 0.00567 0.00567 0.54249 0.54249 
 0.07301 0.45787 0.45787 -0.06775 -0.06775 0.01342 0.01342 0.54214 0.54214 
 0.07401 0.45851 0.45851 -0.06865 -0.06865 0.02088 0.02088 0.54149 0.54149 
 0.07501 0.45943 0.45943 -0.06953 -0.06953 0.02805 0.02805 0.54056 0.54056 
 0.07601 0.46062 0.46062 -0.07040 -0.07040 0.03492 0.03492 0.53938 0.53938 
 0.07701 0.46206 0.46206 -0.07127 -0.07127 0.04149 0.04149 0.53794 0.53794 
 0.07801 0.46374 0.46374 -0.07212 -0.07212 0.04774 0.04774 0.53626 0.53626 
 0.07901 0.46565 0.46565 -0.07296 -0.07296 0.05366 0.05366 0.53434 0.53434 
 0.08001 0.46778 0.46778 -0.07379 -0.07379 0.05927 0.05927 0.53222 0.53222 
 0.08101 0.47012 0.47012 -0.07461 -0.07461 0.06455 0.06455 0.52988 0.52988 
 0.08201 0.47264 0.47264 -0.07542 -0.07542 0.06949 0.06949 0.52736 0.52736 
 0.08301 0.47535 0.47535 -0.07622 -0.07622 0.07410 0.07410 0.52465 0.52465 
 0.08401 0.47822 0.47822 -0.07702 -0.07702 0.07838 0.07838 0.52178 0.52178 
 0.08501 0.48125 0.48125 -0.07781 -0.07781 0.08233 0.08233 0.51875 0.51875 
 0.08601 0.48442 0.48442 -0.07859 -0.07859 0.08594 0.08594 0.51558 0.51558 
 0.08701 0.48772 0.48772 -0.07937 -0.07937 0.08921 0.08921 0.51228 0.51228 
 0.08801 0.49114 0.49114 -0.08014 -0.08014 0.09215 0.09215 0.50886 0.50886 
 0.08901 0.49466 0.49466 -0.08091 -0.08091 0.09476 0.09476 0.50534 0.50534 
 0.09001 0.49827 0.49827 -0.08167 -0.08167 0.09705 0.09705 0.50173 0.50173 
 0.09101 0.50197 0.50197 -0.08243 -0.08243 0.09901 0.09901 0.49803 0.49803 
 0.09201 0.50573 0.50573 -0.08318 -0.08318 0.10064 0.10064 0.49427 0.49427 
 0.09301 0.50955 0.50955 -0.08393 -0.08393 0.10197 0.10197 0.49045 0.49045 
 0.09401 0.51341 0.51341 -0.08468 -0.08468 0.10298 0.10298 0.48659 0.48659 
 0.09501 0.51730 0.51730 -0.08542 -0.08542 0.10369 0.10369 0.48270 0.48270 
 0.09601 0.52122 0.52122 -0.08616 -0.08616 0.10410 0.10410 0.47878 0.47878 
 0.09701 0.52514 0.52514 -0.08690 -0.08690 0.10422 0.10422 0.47486 0.47486 
 0.09801 0.52907 0.52907 -0.08764 -0.08764 0.10405 0.10405 0.47093 0.47093 
 0.09901 0.53298 0.53298 -0.08838 -0.08838 0.10361 0.10361 0.46702 0.46702 
 0.10001 0.53687 0.53687 -0.08911 -0.08911 0.10289 0.10289 0.46313 0.46313 
 0.10101 0.54073 0.54073 -0.08984 -0.08984 0.10192 0.10192 0.45927 0.45927 
 0.10201 0.54454 0.54454 -0.09057 -0.09057 0.10070 0.10070 0.45545 0.45545 
 0.10301 0.54831 0.54831 -0.09130 -0.09130 0.09923 0.09923 0.45169 0.45169 
 0.10401 0.55202 0.55202 -0.09203 -0.09203 0.09753 0.09753 0.44798 0.44798 
 0.10501 0.55566 0.55566 -0.09276 -0.09276 0.09561 0.09561 0.44434 0.44434 
 0.10601 0.55922 0.55922 -0.09348 -0.09348 0.09348 0.09348 0.44078 0.44078 
 0.10701 0.56270 0.56270 -0.09421 -0.09421 0.09115 0.09115 0.43730 0.43730 
 0.10801 0.56609 0.56609 -0.09493 -0.09493 0.08862 0.08862 0.43391 0.43391 
 0.10901 0.56937 0.56937 -0.09565 -0.09565 0.08592 0.08592 0.43063 0.43063 
 0.11001 0.57256 0.57256 -0.09637 -0.09637 0.08304 0.08304 0.42744 0.42744 
 0.11101 0.57563 0.57563 -0.09709 -0.09709 0.08000 0.08000 0.42437 0.42437 
 0.11201 0.57858 0.57858 -0.09781 -0.09781 0.07682 0.07682 0.42142 0.42142 
 0.11301 0.58142 0.58142 -0.09853 -0.09853 0.07350 0.07350 0.41858 0.41858 
 0.11401 0.58412 0.58412 -0.09924 -0.09924 0.07006 0.07006 0.41588 0.41588 
 0.11501 0.58669 0.58669 -0.09996 -0.09996 0.06650 0.06650 0.41331 0.41331 
 0.11601 0.58913 0.58913 -0.10067 -0.10067 0.06284 0.06284 0.41087 0.41087 
 0.11701 0.59143 0.59143 -0.10138 -0.10138 0.05909 0.05909 0.40857 0.40857 
 0.11801 0.59358 0.59358 -0.10209 -0.10209 0.05526 0.05526 0.40642 0.40642 
 0.11901 0.59559 0.59559 -0.10279 -0.10279 0.05136 0.05136 0.40441 0.40441 
 0.12001 0.59745 0.59745 -0.10350 -0.10350 0.04740 0.04740 0.40255 0.40255 
 0.12101 0.59916 0.59916 -0.10420 -0.10420 0.04340 0.04340 0.40084 0.40084 
 0.12201 0.60072 0.60072 -0.10490 -0.10490 0.03936 0.03936 0.39928 0.39928 
 0.12301 0.60213 0.60213 -0.10560 -0.10560 0.03529 0.03529 0.39787 0.39787 
 0.12401 0.60338 0.60338 -0.10629 -0.10629 0.03121 0.03121 0.39662 0.39662 
 0.12501 0.60448 0.60448 -0.10698 -0.10698 0.02713 0.02713 0.39552 0.39552 
 0.12601 0.60542 0.60542 -0.10767 -0.10767 0.02304 0.02304 0.39458 0.39458 
 0.12701 0.60621 0.60621 -0.10836 -0.10836 0.01898 0.01898 0.39379 0.39379 
 0.12801 0.60685 0.60685 -0.10904 -0.10904 0.01493 0.01493 0.39315 0.39315 
 0.12901 0.60734 0.60734 -0.10972 -0.10972 0.01093 0.01093 0.39266 0.39266 
 0.13001 0.60768 0.60768 -0.11040 -0.11040 0.00696 0.00696 0.39232 0.39232 
 0.13101 0.60786 0.60786 -0.11107 -0.11107 0.00304 0.00304 0.39214 0.39214 
 0.13201 0.60791 0.60791 -0.11174 -0.11174 -0.00082 -0.00082 0.39209 0.39209 
 0.13301 0.60780 0.60780 -0.11241 -0.11241 -0.00461 -0.00461 0.39220 0.39220 
 0.13401 0.60756 0.60756 -0.11307 -0.11307 -0.00832 -0.00832 0.39244 0.39244 
 0.13501 0.60718 0.60718 -0.11373 -0.11373 -0.01196 -0.01196 0.39282 0.39282 
 0.13601 0.60666 0.60666 -0.11439 -0.11439 -0.01550 -0.01550 0.39334 0.39334 
 0.13701 0.60601 0.60601 -0.11504 -0.11504 -0.01896 -0.01896 0.39399 0.39399 
 0.13801 0.60523 0.60523 -0.11569 -0.11569 -0.02231 -0.02231 0.39477 0.39477 
 0.13901 0.60433 0.60433 -0.11633 -0.11633 -0.02555 -0.02555 0.39567 0.39567 
 0.14001 0.60331 0.60331 -0.11697 -0.11697 -0.02868 -0.02868 0.39669 0.39669 
 0.14101 0.60217 0.60217 -0.11760 -0.11760 -0.03169 -0.03169 0.39783 0.39783 
 0.14201 0.60092 0.60092 -0.11823 -0.11823 -0.03459 -0.03459 0.39908 0.39908 
 0.14301 0.59957 0.59957 -0.11886 -0.11886 -0.03735 -0.03735 0.40043 0.40043 
 0.14401 0.59811 0.59811 -0.11948 -0.11948 -0.03999 -0.03999 0.40189 0.40189 
 0.14501 0.59656 0.59656 -0.12010 -0.12010 -0.04250 -0.04250 0.40344 0.40344 
 0.14601 0.59491 0.59491 -0.12071 -0.12071 -0.04486 -0.04486 0.40509 0.40509 
 0.14701 0.59318 0.59318 -0.12132 -0.12132 -0.04709 -0.04709 0.40682 0.40682 
 0.14801 0.59136 0.59136 -0.12193 -0.12193 -0.04918 -0.04918 0.40864 0.40864 
 0.14901 0.58947 0.58947 -0.12253 -0.12253 -0.05113 -0.05113 0.41053 0.41053 
 0.15002 0.58751 0.58751 -0.12312 -0.12312 -0.05294 -0.05294 0.41249 0.41249 
 0.15102 0.58549 0.58549 -0.12371 -0.12371 -0.05459 -0.05459 0.41451 0.41451 
 0.15202 0.58340 0.58340 -0.12430 -0.12430 -0.05611 -0.05611 0.41660 0.41660 
 0.15302 0.58126 0.58126 -0.12488 -0.12488 -0.05748 -0.05748 0.41874 0.41874 
 0.15402 0.57907 0.57907 -0.12546 -0.12546 -0.05870 -0.05870 0.42093 0.42093 
 0.15502 0.57684 0.57684 -0.12603 -0.12603 -0.05977 -0.05977 0.42316 0.42316 
 0.15602 0.57457 0.57457 -0.12660 -0.12660 -0.06070 -0.06070 0.42543 0.42543 
 0.15702 0.57227 0.57227 -0.12717 -0.12717 -0.06149 -0.06149 0.42773 0.42773 
 0.15802 0.56994 0.56994 -0.12773 -0.12773 -0.06214 -0.06214 0.43006 0.43006 
 0.15902 0.56759 0.56759 -0.12828 -0.12828 -0.06264 -0.06264 0.43241 0.43241 
 0.16002 0.56522 0.56522 -0.12884 -0.12884 -0.06301 -0.06301 0.43478 0.43478 
 0.16102 0.56284 0.56284 -0.12938 -0.12938 -0.06324 -0.06324 0.43716 0.43716 
 0.16202 0.56046 0.56046 -0.12993 -0.12993 -0.06334 -0.06334 0.43954 0.43954 
 0.16302 0.55807 0.55807 -0.13047 -0.13047 -0.06330 -0.06330 0.44193 0.44193 
 0.16402 0.55569 0.55569 -0.13100 -0.13100 -0.06314 -0.06314 0.44431 0.44431 
 0.16502 0.55332 0.55332 -0.13153 -0.13153 -0.06285 -0.06285 0.44668 0.44668 
 0.16602 0.55095 0.55095 -0.13206 -0.13206 -0.06244 -0.06244 0.44905 0.44905 
 0.16702 0.54861 0.54861 -0.13259 -0.13259 -0.06191 -0.06191 0.45139 0.45139 
 0.16802 0.54629 0.54629 -0.13311 -0.13311 -0.06127 -0.06127 0.45371 0.45371 
 0.16902 0.54400 0.54400 -0.13362 -0.13362 -0.06052 -0.06052 0.45600 0.45600 
 0.17002 0.54173 0.54173 -0.13413 -0.13413 -0.05967 -0.05967 0.45827 0.45827 
 0.17102 0.53950 0.53950 -0.13464 -0.13464 -0.05871 -0.05871 0.46050 0.46050 
 0.17202 0.53731 0.53731 -0.13515 -0.13515 -0.05766 -0.05766 0.46269 0.46269 
 0.17302 0.53516 0.53516 -0.13565 -0.13565 -0.05651 -0.05651 0.46484 0.46484 
 0.17402 0.53305 0.53305 -0.13615 -0.13615 -0.05528 -0.05528 0.46695 0.46695 
 0.17502 0.53100 0.53100 -0.13664 -0.13664 -0.05396 -0.05396 0.46900 0.46900 
 0.17602 0.52899 0.52899 -0.13713 -0.13713 -0.05256 -0.05256 0.47101 0.47101 
 0.17702 0.52704 0.52704 -0.13762 -0.13762 -0.05110 -0.05110 0.47296 0.47296 
 0.17802 0.52514 0.52514 -0.13811 -0.13811 -0.04956 -0.04956 0.47486 0.47486 
 0.17902 0.52330 0.52330 -0.13859 -0.13859 -0.04797 -0.04797 0.47670 0.47670 
 0.18002 0.52153 0.52153 -0.13906 -0.13906 -0.04631 -0.04631 0.47847 0.47847 
 0.18102 0.51981 0.51981 -0.13954 -0.13954 -0.04460 -0.04460 0.48019 0.48019 
 0.18202 0.51817 0.51817 -0.14001 -0.14001 -0.04285 -0.04285 0.48183 0.48183 
 0.18302 0.51659 0.51659 -0.14048 -0.14048 -0.04105 -0.04105 0.48341 0.48341 
 0.18402 0.51507 0.51507 -0.14094 -0.14094 -0.03922 -0.03922 0.48493 0.48493 
 0.18502 0.51363 0.51363 -0.14141 -0.14141 -0.03735 -0.03735 0.48637 0.48637 
 0.18602 0.51226 0.51226 -0.14187 -0.14187 -0.03545 -0.03545 0.48774 0.48774 
 0.18702 0.51096 0.51096 -0.14232 -0.14232 -0.03354 -0.03354 0.48904 0.48904 
 0.18802 0.50973 0.50973 -0.14278 -0.14278 -0.03160 -0.03160 0.49027 0.49027 
 0.18902 0.50858 0.50858 -0.14323 -0.14323 -0.02966 -0.02966 0.49142 0.49142 
 0.19002 0.50750 0.50750 -0.14368 -0.14368 -0.02770 -0.02770 0.49250 0.49250 
 0.19102 0.50649 0.50649 -0.14412 -0.14412 -0.02574 -0.02574 0.49351 0.49351 
 0.19202 0.50556 0.50556 -0.14456 -0.14456 -0.02379 -0.02379 0.49444 0.49444 
 0.19302 0.50470 0.50470 -0.14500 -0.14500 -0.02184 -0.02184 0.49530 0.49530 
 0.19402 0.50391 0.50391 -0.14544 -0.14544 -0.01990 -0.01990 0.49609 0.49609 
 0.19502 0.50320 0.50320 -0.14588 -0.14588 -0.01797 -0.01797 0.49680 0.49680 
 0.19602 0.50256 0.50256 -0.14631 -0.14631 -0.01606 -0.01606 0.49744 0.49744 
 0.19702 0.50199 0.50199 -0.14674 -0.14674 -0.01417 -0.01417 0.49801 0.49801 
 0.19802 0.50149 0.50149 -0.14716 -0.14716 -0.01231 -0.01231 0.49851 0.49851 
 0.19902 0.50106 0.50106 -0.14759 -0.14759 -0.01048 -0.01048 0.49894 0.49894 
 0.20002 0.50103 0.50070 -0.15008 -0.14801 -0.00694 -0.00868 0.49980 0.49930 
 0.20102 0.50087 0.50041 -0.15012 -0.14843 -0.00505 -0.00692 0.49996 0.49959 
 0.20202 0.50060 0.50018 -0.15031 -0.14885 -0.00336 -0.00520 0.50000 0.49982 
 0.20302 0.50042 0.50002 -0.15039 -0.14926 -0.00177 -0.00351 0.49989 0.49998 
 0.20402 0.50026 0.49991 -0.15077 -0.14967 -0.00033 -0.00188 0.49964 0.50009 
 0.20502 0.50009 0.49987 -0.15117 -0.15008 0.00117 -0.00029 0.49964 0.50013 
 0.20602 0.50015 0.49989 -0.15146 -0.15049 0.00242 0.00125 0.49958 0.50011 
 0.20702 0.50048 0.49997 -0.15172 -0.15089 0.00373 0.00274 0.49939 0.50003 
 0.20802 0.50099 0.50010 -0.15200 -0.15129 0.00508 0.00417 0.49913 0.49990 
 0.20902 0.50130 0.50028 -0.15215 -0.15169 0.00635 0.00554 0.49871 0.49972 
 0.21002 0.50171 0.50052 -0.15230 -0.15209 0.00769 0.00686 0.49859 0.49949 
 0.21102 0.50213 0.50080 -0.15245 -0.15248 0.00903 0.00812 0.49811 0.49920 
 0.21202 0.50251 0.50113 -0.15285 -0.15288 0.01037 0.00932 0.49755 0.49887 
 0.21302 0.50294 0.50150 -0.15306 -0.15326 0.01144 0.01045 0.49717 0.49850 
 0.21402 0.50345 0.50191 -0.15315 -0.15365 0.01245 0.01152 0.49684 0.49809 
 0.21502 0.50417 0.50236 -0.15321 -0.15404 0.01353 0.01253 0.49629 0.49763 
 0.21602 0.50486 0.50286 -0.15347 -0.15442 0.01478 0.01347 0.49562 0.49715 
 0.21702 0.50500 0.50338 -0.15363 -0.15480 0.01588 0.01435 0.49503 0.49662 
 0.21802 0.50532 0.50394 -0.15400 -0.15518 0.01677 0.01516 0.49449 0.49606 
 0.21902 0.50592 0.50452 -0.15424 -0.15555 0.01758 0.01590 0.49375 0.49548 
 0.22002 0.50664 0.50513 -0.15454 -0.15593 0.01838 0.01658 0.49295 0.49487 
 0.22102 0.50726 0.50577 -0.15486 -0.15629 0.01908 0.01719 0.49233 0.49423 
 0.22202 0.50810 0.50643 -0.15523 -0.15666 0.01961 0.01774 0.49197 0.49357 
 0.22302 0.50925 0.50711 -0.15564 -0.15703 0.02022 0.01822 0.49153 0.49290 
 0.22402 0.51036 0.50780 -0.15580 -0.15739 0.02094 0.01864 0.49088 0.49220 
 0.22502 0.51121 0.50851 -0.15603 -0.15776 0.02140 0.01899 0.49010 0.49149 
 0.22602 0.51181 0.50923 -0.15631 -0.15811 0.02148 0.01928 0.48925 0.49077 
 0.22702 0.51260 0.50996 -0.15649 -0.15847 0.02173 0.01951 0.48825 0.49004 
 0.22802 0.51338 0.51070 -0.15665 -0.15882 0.02170 0.01968 0.48726 0.48930 
 0.22902 0.51400 0.51144 -0.15680 -0.15918 0.02153 0.01978 0.48614 0.48856 
 0.23002 0.51466 0.51219 -0.15715 -0.15953 0.02144 0.01983 0.48516 0.48781 
 0.23102 0.51540 0.51294 -0.15757 -0.15987 0.02141 0.01982 0.48443 0.48706 
 0.23202 0.51624 0.51368 -0.15790 -0.16022 0.02153 0.01975 0.48361 0.48632 
 0.23302 0.51731 0.51442 -0.15807 -0.16056 0.02163 0.01963 0.48269 0.48558 
 0.23402 0.51843 0.51516 -0.15841 -0.16090 0.02135 0.01946 0.48178 0.48484 
 0.23502 0.51958 0.51589 -0.15879 -0.16124 0.02104 0.01924 0.48098 0.48411 
 0.23602 0.52043 0.51661 -0.15904 -0.16158 0.02067 0.01896 0.48040 0.48339 
 0.23702 0.52101 0.51732 -0.15944 -0.16192 0.02008 0.01865 0.47970 0.48268 
 0.23802 0.52164 0.51801 -0.15974 -0.16225 0.01960 0.01828 0.47903 0.48199 
 0.23902 0.52223 0.51869 -0.16010 -0.16258 0.01904 0.01787 0.47843 0.48131 
 0.24002 0.52250 0.51936 -0.16013 -0.16290 0.01852 0.01742 0.47770 0.48064 
 0.24102 0.52284 0.52001 -0.16006 -0.16323 0.01801 0.01694 0.47681 0.47999 
 0.24202 0.52329 0.52063 -0.16012 -0.16355 0.01754 0.01641 0.47605 0.47936 
 0.24302 0.52392 0.52124 -0.16011 -0.16388 0.01701 0.01585 0.47508 0.47876 
 0.24402 0.52466 0.52183 -0.16023 -0.16420 0.01629 0.01526 0.47427 0.47817 
 0.24502 0.52532 0.52239 -0.16028 -0.16451 0.01528 0.01464 0.47342 0.47761 
 0.24602 0.52597 0.52293 -0.16014 -0.16483 0.01437 0.01399 0.47278 0.47707 
 0.24702 0.52686 0.52345 -0.16011 -0.16514 0.01340 0.01331 0.47232 0.47655 
 0.24802 0.52755 0.52393 -0.16027 -0.16545 0.01261 0.01261 0.47188 0.47607 
 0.24902 0.52806 0.52440 -0.16049 -0.16576 0.01184 0.01189 0.47148 0.47560 
 0.25003 0.52835 0.52483 -0.16080 -0.16607 0.01116 0.01116 0.47084 0.47517 
 0.25103 0.52867 0.52524 -0.16115 -0.16637 0.01027 0.01040 0.47045 0.47476 
 0.25203 0.52882 0.52561 -0.16147 -0.16667 0.00938 0.00963 0.47031 0.47439 
 0.25303 0.52894 0.52596 -0.16174 -0.16698 0.00843 0.00885 0.47008 0.47404 
 0.25403 0.52897 0.52628 -0.16196 -0.16727 0.00769 0.00806 0.46973 0.47372 
 0.25503 0.52886 0.52657 -0.16214 -0.16757 0.00671 0.00726 0.46949 0.47343 
 0.25603 0.52881 0.52683 -0.16224 -0.16787 0.00578 0.00646 0.46932 0.47317 
 0.25703 0.52871 0.52706 -0.16217 -0.16816 0.00487 0.00565 0.46919 0.47295 
 0.25803 0.52865 0.52725 -0.16228 -0.16845 0.00378 0.00484 0.46916 0.47275 
 0.25903 0.52864 0.52742 -0.16239 -0.16874 0.00260 0.00403 0.46924 0.47258 
 0.26003 0.52879 0.52756 -0.16255 -0.16903 0.00166 0.00322 0.46917 0.47244 
 0.26103 0.52866 0.52766 -0.16274 -0.16931 0.00058 0.00242 0.46916 0.47234 
 0.26203 0.52857 0.52774 -0.16298 -0.16959 -0.00038 0.00162 0.46916 0.47226 
 0.26303 0.52850 0.52778 -0.16320 -0.16988 -0.00143 0.00084 0.46923 0.47221 
 0.26403 0.52859 0.52780 -0.16331 -0.17016 -0.00226 0.00006 0.46938 0.47220 
 0.26503 0.52856 0.52779 -0.16332 -0.17043 -0.00306 -0.00071 0.46958 0.47221 
 0.26603 0.52861 0.52775 -0.16337 -0.17071 -0.00374 -0.00146 0.46979 0.47225 
 0.26703 0.52868 0.52768 -0.16367 -0.17098 -0.00446 -0.00220 0.47008 0.47232 
 0.26803 0.52880 0.52758 -0.16399 -0.17126 -0.00520 -0.00293 0.47046 0.47242 
 0.26903 0.52882 0.52746 -0.16432 -0.17153 -0.00609 -0.00363 0.47086 0.47254 
 0.27003 0.52865 0.52731 -0.16457 -0.17180 -0.00686 -0.00432 0.47125 0.47269 
 0.27103 0.52838 0.52713 -0.16482 -0.17206 -0.00765 -0.00499 0.47161 0.47287 
 0.27203 0.52821 0.52693 -0.16521 -0.17233 -0.00844 -0.00564 0.47188 0.47307 
 0.27303 0.52787 0.52671 -0.16558 -0.17259 -0.00914 -0.00626 0.47220 0.47329 
 0.27403 0.52744 0.52646 -0.16582 -0.17285 -0.00972 -0.00686 0.47260 0.47354 
 0.27503 0.52698 0.52619 -0.16601 -0.17311 -0.01021 -0.00744 0.47306 0.47381 
 0.27603 0.52655 0.52590 -0.16628 -0.17337 -0.01075 -0.00800 0.47345 0.47410 
 0.27703 0.52607 0.52559 -0.16646 -0.17363 -0.01114 -0.00852 0.47383 0.47441 
 0.27803 0.52553 0.52526 -0.16672 -0.17389 -0.01164 -0.00903 0.47425 0.47474 
 0.27903 0.52499 0.52491 -0.16685 -0.17414 -0.01194 -0.00950 0.47459 0.47509 
 0.28003 0.52449 0.52454 -0.16710 -0.17439 -0.01232 -0.00995 0.47480 0.47546 
 0.28103 0.52400 0.52416 -0.16728 -0.17464 -0.01262 -0.01037 0.47523 0.47584 
 0.28203 0.52344 0.52376 -0.16749 -0.17489 -0.01305 -0.01076 0.47580 0.47624 
 0.28303 0.52295 0.52335 -0.16773 -0.17514 -0.01334 -0.01113 0.47628 0.47665 
 0.28403 0.52254 0.52292 -0.16809 -0.17538 -0.01357 -0.01146 0.47685 0.47708 
 0.28503 0.52213 0.52249 -0.16843 -0.17563 -0.01367 -0.01177 0.47739 0.47751 
 0.28603 0.52171 0.52204 -0.16883 -0.17587 -0.01379 -0.01205 0.47786 0.47796 
 0.28703 0.52129 0.52158 -0.16913 -0.17611 -0.01389 -0.01229 0.47835 0.47842 
 0.28803 0.52080 0.52111 -0.16940 -0.17635 -0.01412 -0.01251 0.47878 0.47889 
 0.28903 0.52032 0.52064 -0.16963 -0.17658 -0.01418 -0.01271 0.47920 0.47936 
 0.29003 0.51977 0.52016 -0.16984 -0.17682 -0.01440 -0.01287 0.47979 0.47984 
 0.29103 0.51913 0.51967 -0.17010 -0.17705 -0.01447 -0.01300 0.48045 0.48033 
 0.29203 0.51859 0.51918 -0.17041 -0.17729 -0.01457 -0.01311 0.48105 0.48082 
 0.29303 0.51810 0.51868 -0.17075 -0.17752 -0.01463 -0.01319 0.48159 0.48132 
 0.29403 0.51757 0.51818 -0.17107 -0.17775 -0.01470 -0.01324 0.48218 0.48182 
 0.29503 0.51700 0.51768 -0.17138 -0.17798 -0.01479 -0.01327 0.48273 0.48232 
 0.29603 0.51643 0.51718 -0.17176 -0.17821 -0.01481 -0.01327 0.48336 0.48282 
 0.29703 0.51587 0.51668 -0.17216 -0.17843 -0.01472 -0.01324 0.48398 0.48331 
 0.29803 0.51525 0.51619 -0.17251 -0.17866 -0.01460 -0.01319 0.48453 0.48381 
 0.29903 0.51464 0.51569 -0.17281 -0.17888 -0.01445 -0.01311 0.48510 0.48431 
 0.30003 0.51412 0.51520 -0.17307 -0.17910 -0.01426 -0.01302 0.48565 0.48480 
 0.30103 0.51359 0.51471 -0.17338 -0.17932 -0.01397 -0.01289 0.48609 0.48529 
 0.30203 0.51313 0.51423 -0.17375 -0.17954 -0.01376 -0.01275 0.48648 0.48577 
 0.30303 0.51255 0.51375 -0.17411 -0.17975 -0.01355 -0.01259 0.48688 0.48625 
 0.30403 0.51205 0.51328 -0.17439 -0.17997 -0.01331 -0.01240 0.48725 0.48672 
 0.30503 0.51171 0.51282 -0.17468 -0.18019 -0.01314 -0.01220 0.48764 0.48718 
 0.30603 0.51140 0.51236 -0.17508 -0.18040 -0.01294 -0.01198 0.48799 0.48764 
 0.30703 0.51109 0.51191 -0.17544 -0.18061 -0.01256 -0.01174 0.48838 0.48809 
 0.30803 0.51067 0.51148 -0.17586 -0.18082 -0.01213 -0.01148 0.48879 0.48852 
 0.30903 0.51019 0.51105 -0.17617 -0.18103 -0.01167 -0.01121 0.48924 0.48895 
 0.31003 0.50960 0.51063 -0.17649 -0.18124 -0.01114 -0.01092 0.48973 0.48937 
 0.31103 0.50911 0.51023 -0.17673 -0.18144 -0.01062 -0.01062 0.49041 0.48977 
 0.31203 0.50864 0.50983 -0.17697 -0.18165 -0.01021 -0.01031 0.49106 0.49017 
 0.31303 0.50810 0.50945 -0.17731 -0.18185 -0.00985 -0.00998 0.49152 0.49055 
 0.31403 0.50755 0.50908 -0.17766 -0.18205 -0.00954 -0.00965 0.49180 0.49092 
 0.31503 0.50690 0.50872 -0.17796 -0.18225 -0.00919 -0.00930 0.49196 0.49128 
 0.31603 0.50626 0.50838 -0.17826 -0.18245 -0.00884 -0.00895 0.49215 0.49162 
 0.31703 0.50573 0.50805 -0.17853 -0.18265 -0.00840 -0.00858 0.49243 0.49195 
 0.31803 0.50539 0.50773 -0.17883 -0.18285 -0.00796 -0.00822 0.49269 0.49227 
 0.31903 0.50514 0.50743 -0.17914 -0.18304 -0.00741 -0.00784 0.49306 0.49257 
 0.32003 0.50495 0.50714 -0.17947 -0.18324 -0.00684 -0.00746 0.49331 0.49286 
 0.32103 0.50478 0.50687 -0.17977 -0.18343 -0.00627 -0.00708 0.49352 0.49313 
 0.32203 0.50457 0.50661 -0.18012 -0.18362 -0.00574 -0.00669 0.49373 0.49339 
 0.32303 0.50427 0.50636 -0.18038 -0.18381 -0.00525 -0.00631 0.49396 0.49364 
 0.32403 0.50403 0.50613 -0.18061 -0.18400 -0.00473 -0.00592 0.49407 0.49387 
 0.32503 0.50392 0.50592 -0.18080 -0.18419 -0.00421 -0.00553 0.49413 0.49408 
 0.32603 0.50382 0.50572 -0.18100 -0.18438 -0.00368 -0.00514 0.49431 0.49428 
 0.32703 0.50378 0.50553 -0.18116 -0.18457 -0.00325 -0.00476 0.49447 0.49447 
 0.32803 0.50377 0.50536 -0.18127 -0.18475 -0.00280 -0.00437 0.49467 0.49464 
 0.32903 0.50373 0.50520 -0.18138 -0.18493 -0.00237 -0.00399 0.49476 0.49480 
 0.33003 0.50368 0.50506 -0.18153 -0.18512 -0.00197 -0.00362 0.49487 0.49494 
 0.33103 0.50361 0.50493 -0.18168 -0.18530 -0.00153 -0.00324 0.49499 0.49507 
 0.33203 0.50359 0.50481 -0.18186 -0.18548 -0.00106 -0.00288 0.49506 0.49519 
 0.33303 0.50355 0.50471 -0.18204 -0.18565 -0.00066 -0.00252 0.49511 0.49529 
 0.33403 0.50358 0.50462 -0.18231 -0.18583 -0.00023 -0.00217 0.49515 0.49538 
 0.33503 0.50362 0.50455 -0.18247 -0.18601 0.00023 -0.00182 0.49517 0.49545 
 0.33603 0.50368 0.50449 -0.18266 -0.18618 0.00065 -0.00148 0.49517 0.49551 
 0.33703 0.50374 0.50444 -0.18282 -0.18636 0.00103 -0.00116 0.49514 0.49556 
 0.33803 0.50383 0.50440 -0.18297 -0.18653 0.00142 -0.00084 0.49506 0.49560 
 0.33903 0.50389 0.50437 -0.18315 -0.18670 0.00170 -0.00053 0.49500 0.49563 
 0.34003 0.50392 0.50436 -0.18341 -0.18687 0.00202 -0.00023 0.49491 0.49564 
 0.34103 0.50399 0.50436 -0.18368 -0.18704 0.00233 0.00006 0.49487 0.49564 
 0.34203 0.50412 0.50436 -0.18388 -0.18721 0.00259 0.00034 0.49483 0.49564 
 0.34303 0.50430 0.50438 -0.18408 -0.18738 0.00289 0.00061 0.49477 0.49562 
 0.34403 0.50451 0.50441 -0.18430 -0.18754 0.00324 0.00086 0.49472 0.49559 
 0.34503 0.50469 0.50445 -0.18451 -0.18771 0.00355 0.00110 0.49458 0.49555 
 0.34603 0.50486 0.50449 -0.18469 -0.18787 0.00381 0.00133 0.49451 0.49551 
 0.34703 0.50509 0.50455 -0.18487 -0.18804 0.00406 0.00155 0.49446 0.49545 
 0.34803 0.50531 0.50461 -0.18505 -0.18820 0.00430 0.00176 0.49438 0.49539 
 0.34903 0.50555 0.50468 -0.18524 -0.18836 0.00452 0.00195 0.49424 0.49532 
 0.35004 0.50574 0.50476 -0.18533 -0.18852 0.00474 0.00213 0.49417 0.49524 
 0.35104 0.50593 0.50484 -0.18541 -0.18868 0.00491 0.00230 0.49406 0.49516 
 0.35204 0.50614 0.50493 -0.18550 -0.18884 0.00506 0.00245 0.49392 0.49507 
 0.35304 0.50637 0.50502 -0.18560 -0.18899 0.00521 0.00259 0.49376 0.49498 
 0.35404 0.50659 0.50512 -0.18570 -0.18915 0.00532 0.00272 0.49362 0.49488 
 0.35504 0.50674 0.50523 -0.18582 -0.18931 0.00541 0.00284 0.49346 0.49477 
 0.35604 0.50694 0.50534 -0.18588 -0.18946 0.00552 0.00294 0.49331 0.49466 
 0.35704 0.50718 0.50545 -0.18603 -0.18961 0.00559 0.00303 0.49305 0.49455 
 0.35804 0.50742 0.50557 -0.18611 -0.18976 0.00566 0.00311 0.49285 0.49443 
 0.35904 0.50768 0.50569 -0.18619 -0.18991 0.00569 0.00317 0.49262 0.49432 
 0.36004 0.50788 0.50580 -0.18620 -0.19006 0.00577 0.00322 0.49245 0.49419 
 0.36104 0.50806 0.50593 -0.18623 -0.19021 0.00588 0.00326 0.49218 0.49407 
 0.36204 0.50830 0.50605 -0.18629 -0.19036 0.00594 0.00329 0.49190 0.49395 
 0.36304 0.50844 0.50618 -0.18636 -0.19051 0.00586 0.00331 0.49159 0.49383 
 0.36404 0.50856 0.50630 -0.18647 -0.19065 0.00578 0.00331 0.49135 0.49370 
 0.36504 0.50861 0.50643 -0.18661 -0.19080 0.00565 0.00331 0.49110 0.49357 
 0.36604 0.50874 0.50655 -0.18666 -0.19094 0.00554 0.00329 0.49086 0.49345 
 0.36704 0.50893 0.50667 -0.18666 -0.19109 0.00542 0.00326 0.49057 0.49333 
 0.36804 0.50920 0.50679 -0.18668 -0.19123 0.00532 0.00322 0.49033 0.49321 
 0.36904 0.50945 0.50692 -0.18683 -0.19137 0.00513 0.00318 0.49007 0.49308 
 0.37004 0.50963 0.50703 -0.18693 -0.19151 0.00500 0.00312 0.48982 0.49297 
 0.37104 0.50981 0.50715 -0.18703 -0.19165 0.00487 0.00305 0.48959 0.49285 
 0.37204 0.50991 0.50726 -0.18708 -0.19179 0.00473 0.00298 0.48939 0.49274 
 0.37304 0.51001 0.50737 -0.18719 -0.19193 0.00458 0.00290 0.48918 0.49263 
 0.37404 0.51013 0.50748 -0.18728 -0.19206 0.00442 0.00281 0.48898 0.49252 
 0.37504 0.51028 0.50759 -0.18743 -0.19220 0.00418 0.00271 0.48879 0.49241 
 0.37604 0.51047 0.50769 -0.18753 -0.19233 0.00399 0.00260 0.48861 0.49231 
 0.37704 0.51069 0.50778 -0.18765 -0.19247 0.00370 0.00249 0.48850 0.49222 
 0.37804 0.51093 0.50787 -0.18776 -0.19260 0.00345 0.00237 0.48838 0.49213 
 0.37904 0.51113 0.50796 -0.18786 -0.19273 0.00314 0.00225 0.48831 0.49204 
 0.38004 0.51131 0.50804 -0.18798 -0.19287 0.00290 0.00212 0.48822 0.49196 
 0.38104 0.51152 0.50812 -0.18808 -0.19300 0.00268 0.00199 0.48820 0.49188 
 0.38204 0.51166 0.50819 -0.18815 -0.19313 0.00245 0.00185 0.48815 0.49181 
 0.38304 0.51174 0.50826 -0.18831 -0.19326 0.00218 0.00171 0.48805 0.49174 
 0.38404 0.51185 0.50832 -0.18841 -0.19338 0.00189 0.00156 0.48803 0.49168 
 0.38504 0.51196 0.50838 -0.18841 -0.19351 0.00166 0.00142 0.48808 0.49162 
 0.38604 0.51209 0.50843 -0.18846 -0.19364 0.00140 0.00126 0.48819 0.49157 
 0.38704 0.51212 0.50847 -0.18854 -0.19376 0.00115 0.00111 0.48817 0.49153 
 0.38804 0.51213 0.50851 -0.18862 -0.19389 0.00090 0.00096 0.48812 0.49149 
 0.38904 0.51206 0.50854 -0.18869 -0.19401 0.00063 0.00080 0.48807 0.49146 
 0.39004 0.51201 0.50857 -0.18873 -0.19414 0.00040 0.00065 0.48802 0.49143 
 0.39104 0.51192 0.50859 -0.18874 -0.19426 0.00012 0.00049 0.48800 0.49141 
 0.39204 0.51192 0.50861 -0.18878 -0.19438 -0.00019 0.00033 0.48796 0.49139 
 0.39304 0.51191 0.50862 -0.18889 -0.19450 -0.00049 0.00018 0.48799 0.49138 
 0.39404 0.51196 0.50862 -0.18894 -0.19462 -0.00076 0.00002 0.48800 0.49138 
 0.39504 0.51189 0.50862 -0.18903 -0.19474 -0.00102 -0.00013 0.48802 0.49138 
 0.39604 0.51187 0.50861 -0.18919 -0.19486 -0.00128 -0.00029 0.48802 0.49139 
 0.39704 0.51185 0.50860 -0.18934 -0.19498 -0.00153 -0.00044 0.48806 0.49140 
 0.39804 0.51181 0.50858 -0.18946 -0.19509 -0.00177 -0.00059 0.48817 0.49142 
 0.39904 0.51174 0.50855 -0.18957 -0.19521 -0.00204 -0.00074 0.48832 0.49145 
 0.40004 0.51171 0.50852 -0.18967 -0.19533 -0.00231 -0.00088 0.48844 0.49148 
 0.40104 0.51163 0.50849 -0.18976 -0.19544 -0.00259 -0.00102 0.48858 0.49151 
 0.40204 0.51154 0.50845 -0.18984 -0.19556 -0.00284 -0.00116 0.48868 0.49155 
 0.40304 0.51144 0.50840 -0.18996 -0.19567 -0.00308 -0.00129 0.48878 0.49160 
 0.40404 0.51133 0.50835 -0.19011 -0.19578 -0.00330 -0.00142 0.48889 0.49165 
 0.40504 0.51116 0.50829 -0.19027 -0.19589 -0.00352 -0.00155 0.48900 0.49171 
 0.40604 0.51097 0.50823 -0.19043 -0.19600 -0.00374 -0.00167 0.48915 0.49177 
 0.40704 0.51080 0.50817 -0.19059 -0.19611 -0.00394 -0.00179 0.48928 0.49183 
 0.40804 0.51068 0.50810 -0.19073 -0.19622 -0.00410 -0.00190 0.48942 0.49190 
 0.40904 0.51052 0.50802 -0.19090 -0.19633 -0.00428 -0.00201 0.48958 0.49198 
 0.41004 0.51034 0.50795 -0.19102 -0.19644 -0.00445 -0.00211 0.48977 0.49205 
 0.41104 0.51015 0.50787 -0.19113 -0.19655 -0.00460 -0.00221 0.48998 0.49213 
 0.41204 0.50995 0.50778 -0.19125 -0.19666 -0.00476 -0.00231 0.49017 0.49222 
 0.41304 0.50971 0.50769 -0.19134 -0.19676 -0.00493 -0.00239 0.49036 0.49231 
 0.41404 0.50949 0.50760 -0.19144 -0.19687 -0.00507 -0.00247 0.49053 0.49240 
 0.41504 0.50929 0.50750 -0.19155 -0.19697 -0.00516 -0.00255 0.49070 0.49250 
 0.41604 0.50909 0.50741 -0.19164 -0.19708 -0.00527 -0.00262 0.49089 0.49259 
 0.41704 0.50888 0.50731 -0.19173 -0.19718 -0.00536 -0.00269 0.49105 0.49269 
 0.41804 0.50867 0.50721 -0.19186 -0.19728 -0.00543 -0.00275 0.49122 0.49279 
 0.41904 0.50844 0.50710 -0.19202 -0.19739 -0.00548 -0.00280 0.49138 0.49290 
 0.42004 0.50820 0.50699 -0.19217 -0.19749 -0.00550 -0.00285 0.49156 0.49301 
 0.42104 0.50796 0.50689 -0.19234 -0.19759 -0.00555 -0.00289 0.49173 0.49311 
 0.42204 0.50775 0.50678 -0.19249 -0.19769 -0.00560 -0.00293 0.49191 0.49322 
 0.42304 0.50754 0.50667 -0.19264 -0.19779 -0.00563 -0.00296 0.49211 0.49334 
 0.42404 0.50734 0.50655 -0.19280 -0.19789 -0.00565 -0.00299 0.49230 0.49345 
 0.42504 0.50714 0.50644 -0.19295 -0.19798 -0.00564 -0.00301 0.49249 0.49356 
 0.42604 0.50694 0.50633 -0.19308 -0.19808 -0.00561 -0.00302 0.49265 0.49367 
 0.42704 0.50673 0.50621 -0.19321 -0.19818 -0.00557 -0.00303 0.49279 0.49379 
 0.42804 0.50653 0.50610 -0.19334 -0.19828 -0.00553 -0.00304 0.49297 0.49390 
 0.42904 0.50634 0.50598 -0.19345 -0.19837 -0.00548 -0.00304 0.49313 0.49402 
 0.43004 0.50618 0.50587 -0.19358 -0.19847 -0.00541 -0.00303 0.49328 0.49413 
 0.43104 0.50601 0.50575 -0.19374 -0.19856 -0.00533 -0.00302 0.49345 0.49424 
 0.43204 0.50584 0.50564 -0.19388 -0.19865 -0.00526 -0.00301 0.49364 0.49436 
 0.43304 0.50566 0.50553 -0.19401 -0.19875 -0.00515 -0.00299 0.49385 0.49447 
 0.43404 0.50550 0.50542 -0.19411 -0.19884 -0.00505 -0.00296 0.49405 0.49458 
 0.43504 0.50530 0.50531 -0.19424 -0.19893 -0.00495 -0.00293 0.49423 0.49469 
 0.43604 0.50516 0.50520 -0.19440 -0.19902 -0.00486 -0.00290 0.49440 0.49480 
 0.43704 0.50497 0.50509 -0.19456 -0.19911 -0.00477 -0.00286 0.49458 0.49491 
 0.43804 0.50479 0.50498 -0.19471 -0.19921 -0.00468 -0.00282 0.49476 0.49502 
 0.43904 0.50461 0.50487 -0.19483 -0.19929 -0.00456 -0.00277 0.49497 0.49512 
 0.44004 0.50444 0.50477 -0.19495 -0.19938 -0.00443 -0.00273 0.49517 0.49523 
 0.44104 0.50424 0.50467 -0.19511 -0.19947 -0.00431 -0.00267 0.49536 0.49533 
 0.44204 0.50404 0.50457 -0.19527 -0.19956 -0.00419 -0.00262 0.49553 0.49543 
 0.44304 0.50385 0.50447 -0.19541 -0.19965 -0.00403 -0.00256 0.49575 0.49553 
 0.44404 0.50368 0.50438 -0.19554 -0.19973 -0.00387 -0.00250 0.49596 0.49562 
 0.44504 0.50354 0.50428 -0.19570 -0.19982 -0.00371 -0.00244 0.49615 0.49572 
 0.44604 0.50338 0.50419 -0.19587 -0.19991 -0.00356 -0.00237 0.49632 0.49581 
 0.44704 0.50324 0.50411 -0.19605 -0.19999 -0.00341 -0.00230 0.49646 0.49589 
 0.44804 0.50309 0.50402 -0.19625 -0.20008 -0.00324 -0.00223 0.49657 0.49598 
 0.44904 0.50295 0.50394 -0.19645 -0.20016 -0.00307 -0.00216 0.49664 0.49606 
 0.45005 0.50284 0.50386 -0.19661 -0.20025 -0.00288 -0.00209 0.49669 0.49614 
 0.45105 0.50272 0.50378 -0.19679 -0.20033 -0.00270 -0.00202 0.49674 0.49622 
 0.45205 0.50266 0.50370 -0.19696 -0.20041 -0.00249 -0.00194 0.49680 0.49630 
 0.45305 0.50260 0.50363 -0.19713 -0.20049 -0.00229 -0.00186 0.49688 0.49637 
 0.45405 0.50254 0.50356 -0.19728 -0.20057 -0.00211 -0.00179 0.49694 0.49644 
 0.45505 0.50245 0.50350 -0.19746 -0.20065 -0.00194 -0.00171 0.49700 0.49650 
 0.45605 0.50236 0.50343 -0.19762 -0.20073 -0.00178 -0.00163 0.49706 0.49656 
 0.45705 0.50229 0.50338 -0.19780 -0.20081 -0.00161 -0.00155 0.49709 0.49662 
 0.45805 0.50225 0.50332 -0.19799 -0.20089 -0.00142 -0.00147 0.49711 0.49668 
 0.45905 0.50220 0.50326 -0.19818 -0.20097 -0.00124 -0.00139 0.49711 0.49674 
 0.46005 0.50215 0.50321 -0.19835 -0.20105 -0.00106 -0.00132 0.49713 0.49679 
 0.46105 0.50210 0.50316 -0.19851 -0.20113 -0.00089 -0.00124 0.49717 0.49684 
 0.46205 0.50207 0.50312 -0.19867 -0.20121 -0.00073 -0.00116 0.49722 0.49688 
 0.46305 0.50206 0.50308 -0.19884 -0.20128 -0.00060 -0.00108 0.49725 0.49692 
 0.46405 0.50206 0.50304 -0.19901 -0.20136 -0.00046 -0.00101 0.49725 0.49696 
 0.46505 0.50206 0.50300 -0.19919 -0.20144 -0.00032 -0.00093 0.49724 0.49700 
 0.46605 0.50206 0.50297 -0.19937 -0.20151 -0.00017 -0.00086 0.49723 0.49703 
 0.46705 0.50206 0.50294 -0.19954 -0.20158 -0.00001 -0.00079 0.49721 0.49706 
 0.46805 0.50206 0.50291 -0.19970 -0.20166 0.00016 -0.00072 0.49718 0.49709 
 0.46905 0.50204 0.50288 -0.19985 -0.20173 0.00033 -0.00065 0.49713 0.49712 
 0.47005 0.50205 0.50286 -0.19999 -0.20181 0.00048 -0.00058 0.49707 0.49714 
 0.47105 0.50205 0.50284 -0.20015 -0.20188 0.00064 -0.00052 0.49700 0.49716 
 0.47205 0.50208 0.50282 -0.20030 -0.20195 0.00078 -0.00045 0.49693 0.49718 
 0.47305 0.50213 0.50280 -0.20044 -0.20202 0.00094 -0.00039 0.49688 0.49719 
 0.47405 0.50219 0.50279 -0.20061 -0.20210 0.00107 -0.00033 0.49684 0.49721 
 0.47505 0.50225 0.50278 -0.20079 -0.20217 0.00118 -0.00027 0.49679 0.49722 
 0.47605 0.50229 0.50277 -0.20096 -0.20224 0.00128 -0.00022 0.49672 0.49723 
 0.47705 0.50232 0.50276 -0.20111 -0.20231 0.00139 -0.00017 0.49662 0.49724 
 0.47805 0.50236 0.50276 -0.20126 -0.20238 0.00148 -0.00011 0.49653 0.49724 
 0.47905 0.50241 0.50275 -0.20139 -0.20245 0.00155 -0.00007 0.49643 0.49724 
 0.48005 0.50244 0.50275 -0.20153 -0.20252 0.00160 -0.00002 0.49633 0.49725 
 0.48105 0.50249 0.50275 -0.20166 -0.20258 0.00165 0.00002 0.49624 0.49725 
 0.48205 0.50255 0.50275 -0.20180 -0.20265 0.00171 0.00006 0.49615 0.49724 
 0.48305 0.50259 0.50276 -0.20194 -0.20272 0.00176 0.00010 0.49608 0.49724 
 0.48405 0.50263 0.50276 -0.20208 -0.20279 0.00182 0.00014 0.49598 0.49724 
 0.48505 0.50267 0.50277 -0.20222 -0.20285 0.00188 0.00017 0.49587 0.49723 
 0.48605 0.50272 0.50277 -0.20234 -0.20292 0.00195 0.00020 0.49574 0.49722 
 0.48705 0.50278 0.50278 -0.20246 -0.20298 0.00201 0.00023 0.49565 0.49722 
 0.48805 0.50287 0.50279 -0.20257 -0.20305 0.00208 0.00025 0.49556 0.49721 
 0.48905 0.50297 0.50280 -0.20268 -0.20311 0.00214 0.00028 0.49548 0.49720 
 0.49005 0.50305 0.50281 -0.20280 -0.20318 0.00217 0.00030 0.49541 0.49719 
 0.49105 0.50313 0.50282 -0.20293 -0.20324 0.00220 0.00032 0.49535 0.49717 
 0.49205 0.50321 0.50284 -0.20305 -0.20331 0.00222 0.00033 0.49526 0.49716 
 0.49305 0.50330 0.50285 -0.20317 -0.20337 0.00223 0.00034 0.49517 0.49715 
 0.49405 0.50338 0.50286 -0.20329 -0.20343 0.00224 0.00035 0.49507 0.49714 
 0.49505 0.50347 0.50288 -0.20339 -0.20350 0.00225 0.00036 0.49498 0.49712 
 0.49605 0.50356 0.50289 -0.20348 -0.20356 0.00225 0.00037 0.49490 0.49711 
 0.49705 0.50364 0.50290 -0.20358 -0.20362 0.00224 0.00037 0.49481 0.49710 
 0.49805 0.50373 0.50292 -0.20367 -0.20368 0.00222 0.00037 0.49473 0.49708 
 0.49905 0.50382 0.50293 -0.20376 -0.20374 0.00218 0.00037 0.49466 0.49707 
 0.50005 0.50390 0.50295 -0.20385 -0.20380 0.00214 0.00037 0.49459 0.49705 
 0.50105 0.50398 0.50296 -0.20393 -0.20386 0.00208 0.00036 0.49451 0.49704 
 0.50205 0.50404 0.50297 -0.20401 -0.20392 0.00200 0.00036 0.49445 0.49703 
 0.50305 0.50412 0.50299 -0.20409 -0.20398 0.00193 0.00035 0.49437 0.49701 
 0.50405 0.50420 0.50300 -0.20415 -0.20404 0.00185 0.00034 0.49429 0.49700 
 0.50505 0.50428 0.50301 -0.20421 -0.20410 0.00178 0.00032 0.49423 0.49699 
 0.50605 0.50435 0.50302 -0.20428 -0.20416 0.00171 0.00031 0.49418 0.49698 
 0.50705 0.50442 0.50304 -0.20436 -0.20421 0.00163 0.00029 0.49414 0.49696 
 0.50805 0.50448 0.50305 -0.20441 -0.20427 0.00155 0.00028 0.49408 0.49695 
 0.50905 0.50453 0.50306 -0.20448 -0.20433 0.00145 0.00026 0.49402 0.49694 
 0.51005 0.50460 0.50307 -0.20454 -0.20438 0.00136 0.00024 0.49397 0.49693 
 0.51105 0.50468 0.50307 -0.20461 -0.20444 0.00126 0.00022 0.49394 0.49693 
 0.51205 0.50476 0.50308 -0.20467 -0.20450 0.00118 0.00020 0.49391 0.49692 
 0.51305 0.50483 0.50309 -0.20473 -0.20455 0.00109 0.00017 0.49388 0.49691 
 0.51405 0.50490 0.50309 -0.20479 -0.20461 0.00101 0.00015 0.49384 0.49690 
 0.51505 0.50493 0.50310 -0.20487 -0.20466 0.00092 0.00012 0.49383 0.49690 
 0.51605 0.50495 0.50310 -0.20495 -0.20472 0.00081 0.00010 0.49380 0.49690 
 0.51705 0.50496 0.50311 -0.20503 -0.20477 0.00070 0.00007 0.49379 0.49689 
 0.51805 0.50498 0.50311 -0.20511 -0.20482 0.00059 0.00004 0.49377 0.49689 
 0.51905 0.50498 0.50311 -0.20518 -0.20488 0.00047 0.00001 0.49376 0.49689 
 0.52005 0.50498 0.50311 -0.20527 -0.20493 0.00035 -0.00001 0.49374 0.49689 
 0.52105 0.50496 0.50311 -0.20535 -0.20498 0.00020 -0.00004 0.49372 0.49689 
 0.52205 0.50495 0.50311 -0.20542 -0.20503 0.00007 -0.00007 0.49371 0.49689 
 0.52305 0.50493 0.50310 -0.20550 -0.20509 -0.00006 -0.00010 0.49370 0.49690 
 0.52405 0.50492 0.50310 -0.20558 -0.20514 -0.00019 -0.00013 0.49370 0.49690 
 0.52505 0.50489 0.50309 -0.20565 -0.20519 -0.00034 -0.00016 0.49370 0.49691 
 0.52605 0.50487 0.50309 -0.20571 -0.20524 -0.00046 -0.00019 0.49369 0.49691 
 0.52705 0.50485 0.50308 -0.20578 -0.20529 -0.00059 -0.00022 0.49370 0.49692 
 0.52805 0.50483 0.50307 -0.20584 -0.20534 -0.00070 -0.00025 0.49372 0.49693 
 0.52905 0.50478 0.50306 -0.20590 -0.20539 -0.00082 -0.00028 0.49375 0.49694 
 0.53005 0.50474 0.50305 -0.20596 -0.20544 -0.00093 -0.00031 0.49378 0.49695 
 0.53105 0.50470 0.50304 -0.20604 -0.20549 -0.00104 -0.00033 0.49382 0.49696 
 0.53205 0.50465 0.50303 -0.20613 -0.20554 -0.00116 -0.00036 0.49385 0.49698 
 0.53305 0.50459 0.50301 -0.20620 -0.20559 -0.00126 -0.00039 0.49389 0.49699 
 0.53405 0.50452 0.50300 -0.20626 -0.20564 -0.00136 -0.00042 0.49394 0.49700 
 0.53505 0.50447 0.50298 -0.20631 -0.20569 -0.00145 -0.00044 0.49399 0.49702 
 0.53605 0.50442 0.50296 -0.20635 -0.20573 -0.00152 -0.00047 0.49405 0.49704 
 0.53705 0.50437 0.50294 -0.20640 -0.20578 -0.00161 -0.00049 0.49412 0.49706 
 0.53805 0.50432 0.50292 -0.20645 -0.20583 -0.00169 -0.00052 0.49418 0.49707 
 0.53905 0.50426 0.50291 -0.20650 -0.20588 -0.00177 -0.00054 0.49425 0.49709 
 0.54005 0.50420 0.50289 -0.20656 -0.20592 -0.00184 -0.00056 0.49431 0.49711 
 0.54105 0.50413 0.50286 -0.20661 -0.20597 -0.00192 -0.00058 0.49437 0.49714 
 0.54205 0.50407 0.50284 -0.20666 -0.20601 -0.00198 -0.00060 0.49444 0.49716 
 0.54305 0.50399 0.50282 -0.20671 -0.20606 -0.00205 -0.00062 0.49450 0.49718 
 0.54405 0.50391 0.50279 -0.20675 -0.20611 -0.00211 -0.00064 0.49458 0.49721 
 0.54505 0.50382 0.50277 -0.20680 -0.20615 -0.00217 -0.00066 0.49466 0.49723 
 0.54605 0.50374 0.50274 -0.20684 -0.20619 -0.00222 -0.00067 0.49475 0.49726 
 0.54705 0.50365 0.50272 -0.20689 -0.20624 -0.00228 -0.00069 0.49483 0.49728 
 0.54805 0.50356 0.50269 -0.20694 -0.20628 -0.00234 -0.00070 0.49491 0.49731 
 0.54905 0.50347 0.50267 -0.20699 -0.20633 -0.00240 -0.00072 0.49500 0.49733 
 0.55006 0.50338 0.50264 -0.20705 -0.20637 -0.00245 -0.00073 0.49511 0.49736 
 0.55106 0.50328 0.50261 -0.20709 -0.20641 -0.00248 -0.00074 0.49521 0.49739 
 0.55206 0.50318 0.50258 -0.20714 -0.20646 -0.00251 -0.00075 0.49529 0.49742 
 0.55306 0.50308 0.50255 -0.20720 -0.20650 -0.00254 -0.00076 0.49538 0.49745 
 0.55406 0.50299 0.50253 -0.20726 -0.20654 -0.00257 -0.00077 0.49548 0.49747 
 0.55506 0.50291 0.50250 -0.20732 -0.20658 -0.00260 -0.00077 0.49560 0.49750 
 0.55606 0.50283 0.50247 -0.20738 -0.20663 -0.00262 -0.00078 0.49572 0.49753 
 0.55706 0.50273 0.50244 -0.20744 -0.20667 -0.00264 -0.00078 0.49585 0.49756 
 0.55806 0.50263 0.50241 -0.20751 -0.20671 -0.00265 -0.00078 0.49596 0.49759 
 0.55906 0.50253 0.50238 -0.20757 -0.20675 -0.00265 -0.00079 0.49607 0.49762 
 0.56006 0.50243 0.50235 -0.20763 -0.20679 -0.00264 -0.00079 0.49617 0.49765 
 0.56106 0.50234 0.50232 -0.20768 -0.20683 -0.00262 -0.00079 0.49629 0.49768 
 0.56206 0.50226 0.50229 -0.20775 -0.20687 -0.00261 -0.00079 0.49641 0.49771 
 0.56306 0.50217 0.50226 -0.20782 -0.20691 -0.00260 -0.00078 0.49653 0.49774 
 0.56406 0.50208 0.50223 -0.20789 -0.20695 -0.00259 -0.00078 0.49664 0.49777 
 0.56506 0.50198 0.50220 -0.20796 -0.20699 -0.00258 -0.00078 0.49676 0.49780 
 0.56606 0.50188 0.50217 -0.20802 -0.20703 -0.00255 -0.00077 0.49687 0.49783 
 0.56706 0.50178 0.50214 -0.20809 -0.20707 -0.00251 -0.00077 0.49698 0.49786 
 0.56806 0.50167 0.50211 -0.20816 -0.20711 -0.00248 -0.00076 0.49709 0.49789 
 0.56906 0.50157 0.50209 -0.20823 -0.20715 -0.00244 -0.00075 0.49720 0.49791 
 0.57006 0.50149 0.50206 -0.20831 -0.20719 -0.00239 -0.00075 0.49731 0.49794 
 0.57106 0.50140 0.50203 -0.20839 -0.20723 -0.00234 -0.00074 0.49742 0.49797 
 0.57206 0.50132 0.50200 -0.20848 -0.20726 -0.00229 -0.00073 0.49752 0.49800 
 0.57306 0.50123 0.50197 -0.20856 -0.20730 -0.00222 -0.00072 0.49762 0.49802 
 0.57406 0.50115 0.50195 -0.20864 -0.20734 -0.00216 -0.00071 0.49770 0.49805 
 0.57506 0.50106 0.50192 -0.20872 -0.20738 -0.00209 -0.00069 0.49779 0.49808 
 0.57606 0.50099 0.50190 -0.20880 -0.20741 -0.00201 -0.00068 0.49787 0.49810 
 0.57706 0.50091 0.50187 -0.20888 -0.20745 -0.00194 -0.00067 0.49796 0.49813 
 0.57806 0.50085 0.50185 -0.20897 -0.20749 -0.00186 -0.00065 0.49805 0.49815 
 0.57906 0.50080 0.50182 -0.20905 -0.20752 -0.00177 -0.00064 0.49813 0.49818 
 0.58006 0.50074 0.50180 -0.20914 -0.20756 -0.00169 -0.00063 0.49821 0.49820 
 0.58106 0.50067 0.50177 -0.20923 -0.20759 -0.00161 -0.00061 0.49827 0.49823 
 0.58206 0.50062 0.50175 -0.20933 -0.20763 -0.00153 -0.00060 0.49832 0.49825 
 0.58306 0.50056 0.50173 -0.20943 -0.20766 -0.00144 -0.00058 0.49837 0.49827 
 0.58406 0.50051 0.50171 -0.20954 -0.20770 -0.00135 -0.00057 0.49842 0.49829 
 0.58506 0.50046 0.50169 -0.20964 -0.20773 -0.00125 -0.00055 0.49846 0.49831 
 0.58606 0.50042 0.50167 -0.20974 -0.20777 -0.00115 -0.00053 0.49850 0.49833 
 0.58706 0.50039 0.50165 -0.20984 -0.20780 -0.00106 -0.00052 0.49854 0.49835 
 0.58806 0.50036 0.50163 -0.20995 -0.20784 -0.00096 -0.00050 0.49857 0.49837 
 0.58906 0.50032 0.50161 -0.21005 -0.20787 -0.00086 -0.00049 0.49860 0.49839 
 0.59006 0.50028 0.50159 -0.21016 -0.20791 -0.00077 -0.00047 0.49861 0.49841 
 0.59106 0.50025 0.50157 -0.21027 -0.20794 -0.00067 -0.00045 0.49863 0.49843 
 0.59206 0.50022 0.50156 -0.21037 -0.20797 -0.00056 -0.00044 0.49863 0.49844 
 0.59306 0.50019 0.50154 -0.21048 -0.20800 -0.00046 -0.00042 0.49865 0.49846 
 0.59406 0.50018 0.50152 -0.21059 -0.20804 -0.00035 -0.00040 0.49866 0.49848 
 0.59506 0.50016 0.50151 -0.21070 -0.20807 -0.00025 -0.00039 0.49866 0.49849 
 0.59606 0.50015 0.50150 -0.21080 -0.20810 -0.00014 -0.00037 0.49867 0.49850 
 0.59706 0.50014 0.50148 -0.21091 -0.20813 -0.00004 -0.00035 0.49866 0.49852 
 0.59806 0.50014 0.50147 -0.21101 -0.20817 0.00005 -0.00034 0.49865 0.49853 
 0.59906 0.50014 0.50146 -0.21112 -0.20820 0.00015 -0.00032 0.49864 0.49854 
 0.60006 0.50014 0.50145 -0.21123 -0.20823 0.00025 -0.00031 0.49863 0.49856 
 0.60106 0.50015 0.50143 -0.21134 -0.20826 0.00034 -0.00029 0.49861 0.49857 
 0.60206 0.50016 0.50142 -0.21146 -0.20829 0.00043 -0.00028 0.49858 0.49858 
 0.60306 0.50017 0.50141 -0.21157 -0.20832 0.00052 -0.00026 0.49855 0.49859 
 0.60406 0.50020 0.50140 -0.21168 -0.20835 0.00061 -0.00025 0.49851 0.49860 
 0.60506 0.50021 0.50139 -0.21178 -0.20838 0.00070 -0.00024 0.49847 0.49861 
 0.60606 0.50024 0.50138 -0.21188 -0.20841 0.00078 -0.00022 0.49843 0.49861 
 0.60706 0.50027 0.50138 -0.21199 -0.20844 0.00085 -0.00021 0.49839 0.49862 
 0.60806 0.50031 0.50137 -0.21210 -0.20847 0.00093 -0.00020 0.49835 0.49863 
 0.60906 0.50035 0.50136 -0.21222 -0.20850 0.00100 -0.00019 0.49831 0.49864 
 0.61006 0.50040 0.50135 -0.21234 -0.20853 0.00107 -0.00017 0.49827 0.49865 
 0.61106 0.50044 0.50135 -0.21245 -0.20856 0.00113 -0.00016 0.49822 0.49865 
 0.61206 0.50049 0.50134 -0.21257 -0.20859 0.00119 -0.00015 0.49816 0.49866 
 0.61306 0.50054 0.50134 -0.21268 -0.20862 0.00124 -0.00014 0.49811 0.49866 
 0.61406 0.50059 0.50133 -0.21279 -0.20865 0.00129 -0.00013 0.49805 0.49867 
 0.61506 0.50064 0.50133 -0.21289 -0.20868 0.00133 -0.00012 0.49800 0.49867 
 0.61606 0.50070 0.50132 -0.21300 -0.20871 0.00137 -0.00012 0.49794 0.49868 
 0.61706 0.50075 0.50132 -0.21312 -0.20874 0.00141 -0.00011 0.49789 0.49868 
 0.61806 0.50081 0.50131 -0.21324 -0.20877 0.00144 -0.00010 0.49784 0.49869 
 0.61906 0.50087 0.50131 -0.21335 -0.20879 0.00147 -0.00009 0.49778 0.49869 
 0.62006 0.50093 0.50131 -0.21346 -0.20882 0.00150 -0.00009 0.49772 0.49869 
 0.62106 0.50099 0.50130 -0.21357 -0.20885 0.00153 -0.00008 0.49766 0.49870 
 0.62206 0.50105 0.50130 -0.21368 -0.20888 0.00155 -0.00008 0.49759 0.49870 
 0.62306 0.50111 0.50130 -0.21378 -0.20890 0.00156 -0.00007 0.49753 0.49870 
 0.62406 0.50117 0.50130 -0.21388 -0.20893 0.00158 -0.00007 0.49747 0.49870 
 0.62506 0.50123 0.50129 -0.21398 -0.20896 0.00159 -0.00006 0.49741 0.49871 
 0.62606 0.50129 0.50129 -0.21408 -0.20898 0.00160 -0.00006 0.49734 0.49871 
 0.62706 0.50135 0.50129 -0.21418 -0.20901 0.00159 -0.00006 0.49727 0.49871 
 0.62806 0.50141 0.50129 -0.21429 -0.20904 0.00159 -0.00005 0.49719 0.49871 
 0.62906 0.50146 0.50128 -0.21439 -0.20906 0.00158 -0.00005 0.49711 0.49872 
 0.63006 0.50152 0.50128 -0.21448 -0.20909 0.00158 -0.00005 0.49703 0.49872 
 0.63106 0.50158 0.50128 -0.21458 -0.20911 0.00157 -0.00005 0.49696 0.49872 
 0.63206 0.50165 0.50128 -0.21467 -0.20914 0.00156 -0.00005 0.49689 0.49872 
 0.63306 0.50170 0.50128 -0.21477 -0.20916 0.00154 -0.00005 0.49682 0.49872 
 0.63406 0.50176 0.50128 -0.21487 -0.20919 0.00152 -0.00005 0.49674 0.49872 
 0.63506 0.50182 0.50127 -0.21496 -0.20922 0.00150 -0.00005 0.49667 0.49873 
 0.63606 0.50187 0.50127 -0.21505 -0.20924 0.00148 -0.00005 0.49660 0.49873 
 0.63706 0.50193 0.50127 -0.21513 -0.20927 0.00145 -0.00005 0.49654 0.49873 
 0.63806 0.50199 0.50127 -0.21522 -0.20929 0.00142 -0.00005 0.49649 0.49873 
 0.63906 0.50205 0.50127 -0.21531 -0.20932 0.00139 -0.00005 0.49643 0.49873 
 0.64006 0.50210 0.50126 -0.21540 -0.20934 0.00135 -0.00006 0.49636 0.49873 
 0.64106 0.50215 0.50126 -0.21548 -0.20936 0.00131 -0.00006 0.49631 0.49874 
 0.64206 0.50219 0.50126 -0.21556 -0.20939 0.00127 -0.00006 0.49625 0.49874 
 0.64306 0.50224 0.50126 -0.21565 -0.20941 0.00123 -0.00006 0.49619 0.49874 
 0.64406 0.50228 0.50126 -0.21573 -0.20944 0.00118 -0.00007 0.49613 0.49874 
 0.64506 0.50233 0.50125 -0.21580 -0.20946 0.00113 -0.00007 0.49607 0.49875 
 0.64606 0.50237 0.50125 -0.21588 -0.20948 0.00108 -0.00007 0.49602 0.49875 
 0.64706 0.50241 0.50125 -0.21595 -0.20950 0.00103 -0.00008 0.49597 0.49875 
 0.64806 0.50245 0.50124 -0.21603 -0.20953 0.00097 -0.00008 0.49592 0.49876 
 0.64906 0.50249 0.50124 -0.21610 -0.20955 0.00091 -0.00009 0.49588 0.49876 
 0.65007 0.50252 0.50124 -0.21616 -0.20957 0.00085 -0.00009 0.49584 0.49876 
 0.65107 0.50254 0.50123 -0.21623 -0.20960 0.00079 -0.00010 0.49581 0.49877 
 0.65207 0.50256 0.50123 -0.21630 -0.20962 0.00072 -0.00010 0.49578 0.49877 
 0.65307 0.50257 0.50123 -0.21637 -0.20964 0.00064 -0.00011 0.49575 0.49877 
 0.65407 0.50258 0.50122 -0.21642 -0.20966 0.00057 -0.00011 0.49572 0.49878 
 0.65507 0.50259 0.50122 -0.21649 -0.20969 0.00050 -0.00012 0.49570 0.49878 
 0.65607 0.50260 0.50121 -0.21654 -0.20971 0.00042 -0.00012 0.49568 0.49879 
 0.65707 0.50260 0.50121 -0.21660 -0.20973 0.00035 -0.00013 0.49567 0.49879 
 0.65807 0.50261 0.50120 -0.21665 -0.20975 0.00027 -0.00013 0.49566 0.49880 
 0.65907 0.50261 0.50120 -0.21671 -0.20977 0.00019 -0.00014 0.49565 0.49880 
 0.66007 0.50260 0.50119 -0.21677 -0.20979 0.00011 -0.00014 0.49565 0.49881 
 0.66107 0.50259 0.50119 -0.21682 -0.20982 0.00003 -0.00015 0.49564 0.49881 
 0.66207 0.50258 0.50118 -0.21687 -0.20984 -0.00005 -0.00015 0.49564 0.49882 
 0.66307 0.50256 0.50118 -0.21692 -0.20986 -0.00014 -0.00016 0.49565 0.49882 
 0.66407 0.50255 0.50117 -0.21696 -0.20988 -0.00022 -0.00016 0.49566 0.49883 
 0.66507 0.50253 0.50116 -0.21701 -0.20990 -0.00029 -0.00017 0.49567 0.49883 
 0.66607 0.50251 0.50116 -0.21705 -0.20992 -0.00037 -0.00017 0.49569 0.49884 
 0.66707 0.50249 0.50115 -0.21710 -0.20994 -0.00045 -0.00018 0.49571 0.49885 
 0.66807 0.50247 0.50114 -0.21714 -0.20996 -0.00053 -0.00018 0.49573 0.49885 
 0.66907 0.50244 0.50114 -0.21718 -0.20998 -0.00061 -0.00019 0.49575 0.49886 
 0.67007 0.50240 0.50113 -0.21722 -0.21000 -0.00069 -0.00019 0.49578 0.49887 
 0.67107 0.50237 0.50112 -0.21725 -0.21002 -0.00076 -0.00019 0.49580 0.49888 
 0.67207 0.50233 0.50112 -0.21728 -0.21004 -0.00084 -0.00020 0.49583 0.49888 
 0.67307 0.50229 0.50111 -0.21732 -0.21006 -0.00091 -0.00020 0.49586 0.49889 
 0.67407 0.50225 0.50110 -0.21735 -0.21008 -0.00097 -0.00021 0.49590 0.49890 
 0.67507 0.50220 0.50109 -0.21738 -0.21010 -0.00104 -0.00021 0.49594 0.49891 
 0.67607 0.50216 0.50109 -0.21741 -0.21012 -0.00111 -0.00021 0.49598 0.49891 
 0.67707 0.50211 0.50108 -0.21744 -0.21014 -0.00117 -0.00022 0.49603 0.49892 
 0.67807 0.50206 0.50107 -0.21747 -0.21016 -0.00123 -0.00022 0.49608 0.49893 
 0.67907 0.50201 0.50106 -0.21750 -0.21018 -0.00129 -0.00022 0.49614 0.49894 
 0.68007 0.50196 0.50105 -0.21752 -0.21019 -0.00135 -0.00022 0.49619 0.49895 
 0.68107 0.50190 0.50104 -0.21754 -0.21021 -0.00140 -0.00023 0.49626 0.49896 
 0.68207 0.50185 0.50104 -0.21756 -0.21023 -0.00145 -0.00023 0.49632 0.49896 
 0.68307 0.50179 0.50103 -0.21759 -0.21025 -0.00150 -0.00023 0.49639 0.49897 
 0.68407 0.50173 0.50102 -0.21761 -0.21027 -0.00154 -0.00023 0.49645 0.49898 
 0.68507 0.50167 0.50101 -0.21764 -0.21029 -0.00159 -0.00023 0.49651 0.49899 
 0.68607 0.50161 0.50100 -0.21767 -0.21030 -0.00163 -0.00023 0.49658 0.49900 
 0.68707 0.50155 0.50099 -0.21769 -0.21032 -0.00166 -0.00024 0.49665 0.49901 
 0.68807 0.50149 0.50098 -0.21772 -0.21034 -0.00169 -0.00024 0.49672 0.49902 
 0.68907 0.50142 0.50097 -0.21775 -0.21036 -0.00172 -0.00024 0.49679 0.49903 
 0.69007 0.50136 0.50096 -0.21777 -0.21038 -0.00175 -0.00024 0.49686 0.49904 
 0.69107 0.50129 0.50096 -0.21780 -0.21039 -0.00177 -0.00024 0.49693 0.49904 
 0.69207 0.50122 0.50095 -0.21783 -0.21041 -0.00179 -0.00024 0.49701 0.49905 
 0.69307 0.50116 0.50094 -0.21786 -0.21043 -0.00181 -0.00024 0.49708 0.49906 
 0.69407 0.50109 0.50093 -0.21788 -0.21044 -0.00182 -0.00024 0.49715 0.49907 
 0.69507 0.50102 0.50092 -0.21792 -0.21046 -0.00183 -0.00024 0.49723 0.49908 
 0.69607 0.50095 0.50091 -0.21795 -0.21048 -0.00184 -0.00023 0.49730 0.49909 
 0.69707 0.50088 0.50090 -0.21798 -0.21050 -0.00184 -0.00023 0.49738 0.49910 
 0.69807 0.50080 0.50089 -0.21801 -0.21051 -0.00184 -0.00023 0.49745 0.49911 
 0.69907 0.50073 0.50089 -0.21804 -0.21053 -0.00184 -0.00023 0.49752 0.49911 
 0.70007 0.50066 0.50088 -0.21807 -0.21055 -0.00184 -0.00023 0.49760 0.49912 
 0.70107 0.50059 0.50087 -0.21810 -0.21056 -0.00184 -0.00023 0.49767 0.49913 
 0.70207 0.50053 0.50086 -0.21814 -0.21058 -0.00182 -0.00023 0.49774 0.49914 
 0.70307 0.50046 0.50085 -0.21817 -0.21060 -0.00181 -0.00022 0.49782 0.49915 
 0.70407 0.50039 0.50084 -0.21820 -0.21061 -0.00179 -0.00022 0.49789 0.49916 
 0.70507 0.50033 0.50084 -0.21823 -0.21063 -0.00176 -0.00022 0.49796 0.49917 
 0.70607 0.50027 0.50083 -0.21826 -0.21064 -0.00174 -0.00022 0.49803 0.49917 
 0.70707 0.50020 0.50082 -0.21829 -0.21066 -0.00171 -0.00021 0.49810 0.49918 
 0.70807 0.50014 0.50081 -0.21833 -0.21067 -0.00167 -0.00021 0.49816 0.49919 
 0.70907 0.50008 0.50080 -0.21837 -0.21069 -0.00164 -0.00021 0.49823 0.49920 
 0.71007 0.50003 0.50079 -0.21840 -0.21071 -0.00159 -0.00021 0.49829 0.49921 
 0.71107 0.49998 0.50079 -0.21844 -0.21072 -0.00155 -0.00020 0.49835 0.49921 
 0.71207 0.49992 0.50078 -0.21848 -0.21074 -0.00150 -0.00020 0.49841 0.49922 
 0.71307 0.49988 0.50077 -0.21852 -0.21075 -0.00145 -0.00020 0.49847 0.49923 
 0.71407 0.49983 0.50077 -0.21857 -0.21077 -0.00140 -0.00019 0.49853 0.49923 
 0.71507 0.49978 0.50076 -0.21861 -0.21078 -0.00135 -0.00019 0.49858 0.49924 
 0.71607 0.49974 0.50075 -0.21865 -0.21080 -0.00129 -0.00019 0.49864 0.49925 
 0.71707 0.49970 0.50074 -0.21870 -0.21081 -0.00123 -0.00018 0.49869 0.49926 
 0.71807 0.49966 0.50074 -0.21875 -0.21083 -0.00117 -0.00018 0.49874 0.49926 
 0.71907 0.49962 0.50073 -0.21879 -0.21084 -0.00111 -0.00018 0.49878 0.49927 
 0.72007 0.49959 0.50072 -0.21884 -0.21085 -0.00104 -0.00017 0.49883 0.49928 
 0.72107 0.49955 0.50072 -0.21889 -0.21087 -0.00097 -0.00017 0.49886 0.49928 
 0.72207 0.49952 0.50071 -0.21894 -0.21088 -0.00090 -0.00016 0.49890 0.49929 
 0.72307 0.49949 0.50070 -0.21900 -0.21090 -0.00083 -0.00016 0.49892 0.49929 
 0.72407 0.49947 0.50070 -0.21905 -0.21091 -0.00075 -0.00016 0.49895 0.49930 
 0.72507 0.49944 0.50069 -0.21911 -0.21093 -0.00068 -0.00015 0.49898 0.49931 
 0.72607 0.49942 0.50069 -0.21916 -0.21094 -0.00060 -0.00015 0.49900 0.49931 
 0.72707 0.49940 0.50068 -0.21922 -0.21095 -0.00053 -0.00015 0.49902 0.49932 
 0.72807 0.49939 0.50068 -0.21929 -0.21097 -0.00045 -0.00014 0.49903 0.49932 
 0.72907 0.49937 0.50067 -0.21935 -0.21098 -0.00038 -0.00014 0.49904 0.49933 
 0.73007 0.49936 0.50067 -0.21941 -0.21099 -0.00030 -0.00014 0.49905 0.49933 
 0.73107 0.49936 0.50066 -0.21947 -0.21101 -0.00022 -0.00013 0.49906 0.49934 
 0.73207 0.49936 0.50066 -0.21954 -0.21102 -0.00015 -0.00013 0.49906 0.49934 
 0.73307 0.49936 0.50065 -0.21961 -0.21104 -0.00007 -0.00012 0.49906 0.49935 
 0.73407 0.49936 0.50065 -0.21968 -0.21105 0.00000 -0.00012 0.49906 0.49935 
 0.73507 0.49937 0.50064 -0.21975 -0.21106 0.00008 -0.00012 0.49906 0.49936 
 0.73607 0.49937 0.50064 -0.21982 -0.21107 0.00015 -0.00011 0.49905 0.49936 
 0.73707 0.49938 0.50063 -0.21990 -0.21109 0.00022 -0.00011 0.49903 0.49937 
 0.73807 0.49939 0.50063 -0.21997 -0.21110 0.00030 -0.00011 0.49901 0.49937 
 0.73907 0.49941 0.50062 -0.22005 -0.21111 0.00037 -0.00011 0.49899 0.49938 
 0.74007 0.49943 0.50062 -0.22012 -0.21113 0.00044 -0.00010 0.49897 0.49938 
 0.74107 0.49945 0.50062 -0.22020 -0.21114 0.00050 -0.00010 0.49895 0.49938 
 0.74207 0.49948 0.50061 -0.22028 -0.21115 0.00057 -0.00010 0.49893 0.49939 
 0.74307 0.49950 0.50061 -0.22036 -0.21116 0.00063 -0.00009 0.49891 0.49939 
 0.74407 0.49953 0.50061 -0.22044 -0.21118 0.00069 -0.00009 0.49888 0.49939 
 0.74507 0.49956 0.50060 -0.22052 -0.21119 0.00075 -0.00009 0.49884 0.49940 
 0.74607 0.49959 0.50060 -0.22061 -0.21120 0.00081 -0.00009 0.49881 0.49940 
 0.74707 0.49962 0.50060 -0.22069 -0.21121 0.00086 -0.00008 0.49877 0.49940 
 0.74807 0.49966 0.50059 -0.22077 -0.21122 0.00092 -0.00008 0.49874 0.49941 
 0.74907 0.49970 0.50059 -0.22085 -0.21124 0.00097 -0.00008 0.49870 0.49941 
 0.75008 0.49974 0.50059 -0.22094 -0.21125 0.00101 -0.00008 0.49866 0.49941 
 0.75108 0.49978 0.50058 -0.22102 -0.21126 0.00105 -0.00008 0.49862 0.49942 
 0.75208 0.49983 0.50058 -0.22111 -0.21127 0.00109 -0.00007 0.49857 0.49942 
 0.75308 0.49987 0.50058 -0.22119 -0.21128 0.00113 -0.00007 0.49853 0.49942 
 0.75408 0.49991 0.50058 -0.22127 -0.21130 0.00116 -0.00007 0.49848 0.49942 
 0.75508 0.49996 0.50057 -0.22136 -0.21131 0.00119 -0.00007 0.49844 0.49943 
 0.75608 0.50000 0.50057 -0.22144 -0.21132 0.00122 -0.00007 0.49839 0.49943 
 0.75708 0.50005 0.50057 -0.22152 -0.21133 0.00124 -0.00007 0.49834 0.49943 
 0.75808 0.50010 0.50057 -0.22161 -0.21134 0.00127 -0.00007 0.49829 0.49943 
 0.75908 0.50015 0.50056 -0.22169 -0.21135 0.00129 -0.00006 0.49824 0.49944 
 0.76008 0.50020 0.50056 -0.22178 -0.21136 0.00131 -0.00006 0.49819 0.49944 
 0.76108 0.50026 0.50056 -0.22186 -0.21138 0.00132 -0.00006 0.49813 0.49944 
 0.76208 0.50031 0.50056 -0.22194 -0.21139 0.00134 -0.00006 0.49808 0.49944 
 0.76308 0.50036 0.50055 -0.22203 -0.21140 0.00135 -0.00006 0.49802 0.49945 
 0.76408 0.50042 0.50055 -0.22211 -0.21141 0.00136 -0.00006 0.49796 0.49945 
 0.76508 0.50047 0.50055 -0.22219 -0.21142 0.00137 -0.00006 0.49790 0.49945 
 0.76608 0.50053 0.50055 -0.22228 -0.21143 0.00138 -0.00006 0.49784 0.49945 
 0.76708 0.50058 0.50055 -0.22236 -0.21144 0.00138 -0.00006 0.49778 0.49945 
 0.76808 0.50062 0.50054 -0.22244 -0.21145 0.00138 -0.00006 0.49772 0.49946 
 0.76908 0.50067 0.50054 -0.22252 -0.21146 0.00139 -0.00006 0.49765 0.49946 
 0.77008 0.50072 0.50054 -0.22260 -0.21147 0.00138 -0.00006 0.49759 0.49946 
 0.77108 0.50077 0.50054 -0.22268 -0.21148 0.00138 -0.00006 0.49753 0.49946 
 0.77208 0.50083 0.50053 -0.22276 -0.21149 0.00137 -0.00006 0.49747 0.49947 
 0.77308 0.50088 0.50053 -0.22283 -0.21150 0.00136 -0.00006 0.49742 0.49947 
 0.77408 0.50092 0.50053 -0.22291 -0.21151 0.00135 -0.00006 0.49736 0.49947 
 0.77508 0.50097 0.50053 -0.22299 -0.21152 0.00133 -0.00006 0.49730 0.49947 
 0.77608 0.50102 0.50052 -0.22306 -0.21153 0.00132 -0.00006 0.49724 0.49948 
 0.77708 0.50107 0.50052 -0.22314 -0.21154 0.00130 -0.00006 0.49719 0.49948 
 0.77808 0.50112 0.50052 -0.22321 -0.21155 0.00128 -0.00006 0.49713 0.49948 
 0.77908 0.50116 0.50052 -0.22328 -0.21156 0.00125 -0.00006 0.49708 0.49948 
 0.78008 0.50121 0.50052 -0.22335 -0.21157 0.00123 -0.00006 0.49703 0.49949 
 0.78108 0.50125 0.50051 -0.22341 -0.21158 0.00120 -0.00006 0.49698 0.49949 
 0.78208 0.50130 0.50051 -0.22348 -0.21159 0.00117 -0.00006 0.49693 0.49949 
 0.78308 0.50134 0.50051 -0.22355 -0.21160 0.00113 -0.00006 0.49688 0.49949 
 0.78408 0.50137 0.50051 -0.22361 -0.21161 0.00110 -0.00006 0.49684 0.49949 
 0.78508 0.50140 0.50050 -0.22367 -0.21162 0.00106 -0.00006 0.49679 0.49950 
 0.78608 0.50143 0.50050 -0.22374 -0.21163 0.00102 -0.00007 0.49675 0.49950 
 0.78708 0.50146 0.50050 -0.22380 -0.21164 0.00098 -0.00007 0.49671 0.49950 
 0.78808 0.50149 0.50050 -0.22386 -0.21165 0.00093 -0.00007 0.49667 0.49950 
 0.78908 0.50152 0.50049 -0.22391 -0.21166 0.00089 -0.00007 0.49664 0.49951 
 0.79008 0.50154 0.50049 -0.22397 -0.21167 0.00084 -0.00007 0.49661 0.49951 
 0.79108 0.50157 0.50049 -0.22403 -0.21168 0.00078 -0.00007 0.49657 0.49951 
 0.79208 0.50159 0.50049 -0.22408 -0.21169 0.00073 -0.00007 0.49654 0.49951 
 0.79308 0.50161 0.50048 -0.22414 -0.21169 0.00067 -0.00007 0.49652 0.49952 
 0.79408 0.50162 0.50048 -0.22419 -0.21170 0.00061 -0.00007 0.49649 0.49952 
 0.79508 0.50163 0.50048 -0.22424 -0.21171 0.00055 -0.00007 0.49647 0.49952 
 0.79608 0.50164 0.50048 -0.22429 -0.21172 0.00049 -0.00007 0.49645 0.49952 
 0.79708 0.50165 0.50047 -0.22434 -0.21173 0.00042 -0.00007 0.49643 0.49953 
 0.79808 0.50165 0.50047 -0.22439 -0.21174 0.00036 -0.00007 0.49642 0.49953 
 0.79908 0.50166 0.50047 -0.22444 -0.21175 0.00029 -0.00007 0.49641 0.49953 
 0.80008 0.50166 0.50046 -0.22449 -0.21176 0.00023 -0.00008 0.49640 0.49954 
 0.80108 0.50165 0.50046 -0.22453 -0.21177 0.00016 -0.00008 0.49639 0.49954 
 0.80208 0.50165 0.50046 -0.22457 -0.21177 0.00010 -0.00008 0.49639 0.49954 
 0.80308 0.50165 0.50045 -0.22461 -0.21178 0.00003 -0.00008 0.49639 0.49955 
 0.80408 0.50164 0.50045 -0.22465 -0.21179 -0.00004 -0.00008 0.49639 0.49955 
 0.80508 0.50163 0.50045 -0.22469 -0.21180 -0.00010 -0.00008 0.49639 0.49955 
 0.80608 0.50163 0.50045 -0.22473 -0.21181 -0.00016 -0.00008 0.49640 0.49955 
 0.80708 0.50162 0.50044 -0.22476 -0.21182 -0.00023 -0.00008 0.49640 0.49956 
 0.80808 0.50160 0.50044 -0.22480 -0.21182 -0.00029 -0.00008 0.49641 0.49956 
 0.80908 0.50158 0.50044 -0.22483 -0.21183 -0.00035 -0.00008 0.49642 0.49956 
 0.81008 0.50156 0.50043 -0.22486 -0.21184 -0.00042 -0.00008 0.49644 0.49956 
 0.81108 0.50154 0.50043 -0.22489 -0.21185 -0.00048 -0.00008 0.49645 0.49957 
 0.81208 0.50151 0.50043 -0.22492 -0.21186 -0.00053 -0.00008 0.49647 0.49957 
 0.81308 0.50149 0.50043 -0.22495 -0.21186 -0.00059 -0.00008 0.49650 0.49957 
 0.81408 0.50146 0.50042 -0.22498 -0.21187 -0.00065 -0.00008 0.49653 0.49958 
 0.81508 0.50143 0.50042 -0.22500 -0.21188 -0.00070 -0.00008 0.49656 0.49958 
 0.81608 0.50140 0.50042 -0.22502 -0.21189 -0.00076 -0.00008 0.49659 0.49958 
 0.81708 0.50136 0.50041 -0.22504 -0.21190 -0.00081 -0.00008 0.49662 0.49959 
 0.81808 0.50132 0.50041 -0.22506 -0.21190 -0.00086 -0.00008 0.49666 0.49959 
 0.81908 0.50129 0.50041 -0.22508 -0.21191 -0.00091 -0.00008 0.49669 0.49959 
 0.82008 0.50125 0.50040 -0.22510 -0.21192 -0.00095 -0.00008 0.49673 0.49960 
 0.82108 0.50121 0.50040 -0.22512 -0.21193 -0.00100 -0.00008 0.49677 0.49960 
 0.82208 0.50117 0.50040 -0.22514 -0.21193 -0.00104 -0.00008 0.49682 0.49960 
 0.82308 0.50113 0.50040 -0.22516 -0.21194 -0.00108 -0.00008 0.49686 0.49961 
 0.82408 0.50108 0.50039 -0.22518 -0.21195 -0.00112 -0.00008 0.49691 0.49961 
 0.82508 0.50104 0.50039 -0.22519 -0.21196 -0.00116 -0.00008 0.49695 0.49961 
 0.82608 0.50099 0.50038 -0.22520 -0.21196 -0.00119 -0.00008 0.49700 0.49961 
 0.82708 0.50095 0.50038 -0.22522 -0.21197 -0.00122 -0.00008 0.49705 0.49962 
 0.82808 0.50090 0.50038 -0.22523 -0.21198 -0.00125 -0.00008 0.49711 0.49962 
 0.82908 0.50085 0.50038 -0.22525 -0.21198 -0.00127 -0.00008 0.49716 0.49962 
 0.83008 0.50080 0.50037 -0.22526 -0.21199 -0.00130 -0.00008 0.49721 0.49963 
 0.83108 0.50075 0.50037 -0.22527 -0.21200 -0.00132 -0.00008 0.49727 0.49963 
 0.83208 0.50070 0.50037 -0.22529 -0.21201 -0.00134 -0.00008 0.49732 0.49963 
 0.83308 0.50065 0.50036 -0.22530 -0.21201 -0.00135 -0.00008 0.49738 0.49964 
 0.83408 0.50060 0.50036 -0.22531 -0.21202 -0.00137 -0.00008 0.49743 0.49964 
 0.83508 0.50054 0.50036 -0.22533 -0.21203 -0.00138 -0.00008 0.49749 0.49964 
 0.83608 0.50049 0.50036 -0.22534 -0.21203 -0.00139 -0.00008 0.49755 0.49964 
 0.83708 0.50044 0.50035 -0.22536 -0.21204 -0.00140 -0.00008 0.49760 0.49965 
 0.83808 0.50039 0.50035 -0.22537 -0.21205 -0.00140 -0.00008 0.49766 0.49965 
 0.83908 0.50034 0.50035 -0.22539 -0.21205 -0.00140 -0.00007 0.49772 0.49965 
 0.84008 0.50029 0.50034 -0.22540 -0.21206 -0.00140 -0.00007 0.49777 0.49966 
 0.84108 0.50024 0.50034 -0.22542 -0.21207 -0.00139 -0.00007 0.49783 0.49966 
 0.84208 0.50019 0.50034 -0.22544 -0.21207 -0.00138 -0.00007 0.49789 0.49966 
 0.84308 0.50013 0.50034 -0.22545 -0.21208 -0.00137 -0.00007 0.49794 0.49966 
 0.84408 0.50008 0.50033 -0.22547 -0.21209 -0.00136 -0.00007 0.49800 0.49967 
 0.84508 0.50004 0.50033 -0.22549 -0.21209 -0.00134 -0.00007 0.49805 0.49967 
 0.84608 0.49999 0.50033 -0.22551 -0.21210 -0.00132 -0.00007 0.49811 0.49967 
 0.84708 0.49994 0.50033 -0.22552 -0.21210 -0.00130 -0.00007 0.49816 0.49967 
 0.84808 0.49989 0.50032 -0.22554 -0.21211 -0.00128 -0.00007 0.49822 0.49968 
 0.84908 0.49985 0.50032 -0.22556 -0.21212 -0.00125 -0.00007 0.49827 0.49968 
 0.85009 0.49981 0.50032 -0.22558 -0.21212 -0.00122 -0.00007 0.49832 0.49968 
 0.85109 0.49976 0.50031 -0.22560 -0.21213 -0.00119 -0.00006 0.49837 0.49968 
 0.85209 0.49972 0.50031 -0.22562 -0.21214 -0.00115 -0.00006 0.49842 0.49969 
 0.85309 0.49969 0.50031 -0.22564 -0.21214 -0.00112 -0.00006 0.49846 0.49969 
 0.85409 0.49965 0.50031 -0.22567 -0.21215 -0.00108 -0.00006 0.49851 0.49969 
 0.85509 0.49961 0.50031 -0.22569 -0.21216 -0.00104 -0.00006 0.49855 0.49969 
 0.85609 0.49958 0.50030 -0.22572 -0.21216 -0.00100 -0.00006 0.49859 0.49970 
 0.85709 0.49955 0.50030 -0.22574 -0.21217 -0.00096 -0.00006 0.49863 0.49970 
 0.85809 0.49952 0.50030 -0.22577 -0.21217 -0.00091 -0.00006 0.49867 0.49970 
 0.85909 0.49949 0.50030 -0.22580 -0.21218 -0.00087 -0.00006 0.49871 0.49970 
 0.86009 0.49946 0.50030 -0.22583 -0.21219 -0.00082 -0.00006 0.49874 0.49971 
 0.86109 0.49944 0.50029 -0.22586 -0.21219 -0.00077 -0.00006 0.49877 0.49971 
 0.86209 0.49941 0.50029 -0.22590 -0.21220 -0.00072 -0.00005 0.49880 0.49971 
 0.86309 0.49939 0.50029 -0.22593 -0.21220 -0.00067 -0.00005 0.49883 0.49971 
 0.86409 0.49937 0.50029 -0.22597 -0.21221 -0.00061 -0.00005 0.49885 0.49971 
 0.86509 0.49936 0.50028 -0.22600 -0.21221 -0.00056 -0.00005 0.49887 0.49972 
 0.86609 0.49934 0.50028 -0.22604 -0.21222 -0.00050 -0.00005 0.49889 0.49972 
 0.86709 0.49933 0.50028 -0.22608 -0.21222 -0.00044 -0.00005 0.49891 0.49972 
 0.86809 0.49932 0.50028 -0.22612 -0.21223 -0.00038 -0.00005 0.49892 0.49972 
 0.86909 0.49931 0.50028 -0.22617 -0.21224 -0.00033 -0.00005 0.49893 0.49972 
 0.87009 0.49930 0.50028 -0.22621 -0.21224 -0.00027 -0.00005 0.49894 0.49972 
 0.87109 0.49929 0.50027 -0.22626 -0.21225 -0.00021 -0.00005 0.49894 0.49973 
 0.87209 0.49929 0.50027 -0.22630 -0.21225 -0.00015 -0.00005 0.49895 0.49973 
 0.87309 0.49929 0.50027 -0.22635 -0.21226 -0.00009 -0.00005 0.49895 0.49973 
 0.87409 0.49930 0.50027 -0.22640 -0.21226 -0.00003 -0.00005 0.49895 0.49973 
 0.87509 0.49930 0.50027 -0.22645 -0.21227 0.00003 -0.00004 0.49895 0.49973 
 0.87609 0.49931 0.50026 -0.22650 -0.21227 0.00009 -0.00004 0.49894 0.49973 
 0.87709 0.49932 0.50026 -0.22655 -0.21228 0.00014 -0.00004 0.49894 0.49974 
 0.87809 0.49933 0.50026 -0.22660 -0.21228 0.00020 -0.00004 0.49893 0.49974 
 0.87909 0.49934 0.50026 -0.22666 -0.21229 0.00026 -0.00004 0.49891 0.49974 
 0.88009 0.49935 0.50026 -0.22671 -0.21229 0.00031 -0.00004 0.49890 0.49974 
 0.88109 0.49937 0.50026 -0.22677 -0.21230 0.00036 -0.00004 0.49888 0.49974 
 0.88209 0.49939 0.50026 -0.22682 -0.21230 0.00042 -0.00004 0.49887 0.49974 
 0.88309 0.49941 0.50025 -0.22688 -0.21231 0.00047 -0.00004 0.49885 0.49975 
 0.88409 0.49943 0.50025 -0.22694 -0.21231 0.00052 -0.00004 0.49882 0.49975 
 0.88509 0.49946 0.50025 -0.22699 -0.21232 0.00057 -0.00004 0.49880 0.49975 
 0.88609 0.49948 0.50025 -0.22705 -0.21232 0.00061 -0.00004 0.49878 0.49975 
 0.88709 0.49951 0.50025 -0.22711 -0.21233 0.00066 -0.00004 0.49875 0.49975 
 0.88809 0.49954 0.50025 -0.22718 -0.21233 0.00070 -0.00004 0.49872 0.49975 
 0.88909 0.49957 0.50025 -0.22724 -0.21234 0.00074 -0.00004 0.49869 0.49976 
 0.89009 0.49960 0.50024 -0.22730 -0.21234 0.00078 -0.00004 0.49867 0.49976 
 0.89109 0.49963 0.50024 -0.22736 -0.21235 0.00082 -0.00004 0.49863 0.49976 
 0.89209 0.49967 0.50024 -0.22742 -0.21235 0.00086 -0.00004 0.49860 0.49976 
 0.89309 0.49970 0.50024 -0.22749 -0.21236 0.00089 -0.00003 0.49856 0.49976 
 0.89409 0.49974 0.50024 -0.22755 -0.21236 0.00092 -0.00003 0.49853 0.49976 
 0.89509 0.49977 0.50024 -0.22761 -0.21237 0.00095 -0.00003 0.49849 0.49976 
 0.89609 0.49981 0.50024 -0.22768 -0.21237 0.00098 -0.00003 0.49845 0.49976 
 0.89709 0.49985 0.50023 -0.22774 -0.21238 0.00100 -0.00003 0.49841 0.49977 
 0.89809 0.49989 0.50023 -0.22781 -0.21238 0.00102 -0.00003 0.49837 0.49977 
 0.89909 0.49993 0.50023 -0.22787 -0.21239 0.00104 -0.00003 0.49832 0.49977 
 0.90009 0.49997 0.50023 -0.22794 -0.21239 0.00106 -0.00003 0.49828 0.49977 
 0.90109 0.50001 0.50023 -0.22801 -0.21240 0.00108 -0.00003 0.49823 0.49977 
 0.90209 0.50005 0.50023 -0.22807 -0.21240 0.00109 -0.00003 0.49819 0.49977 
 0.90309 0.50009 0.50023 -0.22814 -0.21240 0.00110 -0.00003 0.49814 0.49977 
 0.90409 0.50013 0.50023 -0.22820 -0.21241 0.00111 -0.00003 0.49810 0.49977 
 0.90509 0.50018 0.50023 -0.22827 -0.21241 0.00112 -0.00003 0.49805 0.49978 
 0.90609 0.50022 0.50022 -0.22833 -0.21242 0.00113 -0.00003 0.49800 0.49978 
 0.90709 0.50026 0.50022 -0.22840 -0.21242 0.00113 -0.00003 0.49795 0.49978 
 0.90809 0.50030 0.50022 -0.22847 -0.21243 0.00113 -0.00003 0.49790 0.49978 
 0.90909 0.50034 0.50022 -0.22853 -0.21243 0.00114 -0.00003 0.49786 0.49978 
 0.91009 0.50038 0.50022 -0.22859 -0.21243 0.00114 -0.00003 0.49781 0.49978 
 0.91109 0.50042 0.50022 -0.22866 -0.21244 0.00113 -0.00003 0.49776 0.49978 
 0.91209 0.50046 0.50022 -0.22872 -0.21244 0.00113 -0.00003 0.49771 0.49978 
 0.91309 0.50050 0.50021 -0.22878 -0.21245 0.00112 -0.00003 0.49767 0.49978 
 0.91409 0.50054 0.50021 -0.22885 -0.21245 0.00112 -0.00003 0.49762 0.49979 
 0.91509 0.50058 0.50021 -0.22891 -0.21245 0.00111 -0.00003 0.49757 0.49979 
 0.91609 0.50062 0.50021 -0.22897 -0.21246 0.00109 -0.00003 0.49753 0.49979 
 0.91709 0.50066 0.50021 -0.22903 -0.21246 0.00108 -0.00003 0.49748 0.49979 
 0.91809 0.50070 0.50021 -0.22909 -0.21247 0.00107 -0.00003 0.49744 0.49979 
 0.91909 0.50074 0.50021 -0.22915 -0.21247 0.00105 -0.00003 0.49740 0.49979 
 0.92009 0.50077 0.50021 -0.22920 -0.21247 0.00103 -0.00003 0.49735 0.49979 
 0.92109 0.50080 0.50021 -0.22926 -0.21248 0.00100 -0.00003 0.49731 0.49979 
 0.92209 0.50084 0.50020 -0.22932 -0.21248 0.00098 -0.00003 0.49727 0.49980 
 0.92309 0.50087 0.50020 -0.22937 -0.21249 0.00095 -0.00003 0.49723 0.49980 
 0.92409 0.50090 0.50020 -0.22943 -0.21249 0.00092 -0.00003 0.49720 0.49980 
 0.92509 0.50093 0.50020 -0.22948 -0.21249 0.00089 -0.00003 0.49716 0.49980 
 0.92609 0.50095 0.50020 -0.22953 -0.21250 0.00086 -0.00003 0.49713 0.49980 
 0.92709 0.50098 0.50020 -0.22959 -0.21250 0.00083 -0.00003 0.49710 0.49980 
 0.92809 0.50100 0.50020 -0.22964 -0.21250 0.00079 -0.00003 0.49706 0.49980 
 0.92909 0.50102 0.50020 -0.22969 -0.21251 0.00075 -0.00003 0.49704 0.49980 
 0.93009 0.50104 0.50019 -0.22974 -0.21251 0.00071 -0.00003 0.49701 0.49980 
 0.93109 0.50106 0.50019 -0.22978 -0.21252 0.00067 -0.00003 0.49698 0.49981 
 0.93209 0.50108 0.50019 -0.22983 -0.21252 0.00062 -0.00003 0.49696 0.49981 
 0.93309 0.50109 0.50019 -0.22988 -0.21252 0.00058 -0.00003 0.49694 0.49981 
 0.93409 0.50111 0.50019 -0.22992 -0.21253 0.00053 -0.00003 0.49691 0.49981 
 0.93509 0.50112 0.50019 -0.22997 -0.21253 0.00048 -0.00003 0.49690 0.49981 
 0.93609 0.50113 0.50019 -0.23001 -0.21254 0.00044 -0.00003 0.49688 0.49981 
 0.93709 0.50113 0.50019 -0.23005 -0.21254 0.00039 -0.00003 0.49686 0.49981 
 0.93809 0.50114 0.50018 -0.23009 -0.21254 0.00034 -0.00003 0.49685 0.49982 
 0.93909 0.50114 0.50018 -0.23013 -0.21255 0.00029 -0.00003 0.49684 0.49982 
 0.94009 0.50114 0.50018 -0.23017 -0.21255 0.00024 -0.00003 0.49683 0.49982 
 0.94109 0.50114 0.50018 -0.23021 -0.21255 0.00019 -0.00003 0.49683 0.49982 
 0.94209 0.50114 0.50018 -0.23024 -0.21256 0.00014 -0.00003 0.49682 0.49982 
 0.94309 0.50114 0.50018 -0.23027 -0.21256 0.00009 -0.00003 0.49682 0.49982 
 0.94409 0.50113 0.50018 -0.23031 -0.21256 0.00004 -0.00003 0.49681 0.49982 
 0.94509 0.50113 0.50018 -0.23034 -0.21257 -0.00001 -0.00003 0.49681 0.49982 
 0.94609 0.50112 0.50018 -0.23037 -0.21257 -0.00006 -0.00003 0.49681 0.49982 
 0.94709 0.50111 0.50017 -0.23040 -0.21257 -0.00011 -0.00003 0.49681 0.49983 
 0.94809 0.50110 0.50017 -0.23043 -0.21258 -0.00016 -0.00003 0.49682 0.49983 
 0.94909 0.50108 0.50017 -0.23046 -0.21258 -0.00021 -0.00003 0.49683 0.49983 
 0.95010 0.50107 0.50017 -0.23048 -0.21258 -0.00026 -0.00003 0.49684 0.49983 
 0.95110 0.50105 0.50017 -0.23051 -0.21258 -0.00031 -0.00003 0.49685 0.49983 
 0.95210 0.50104 0.50017 -0.23053 -0.21259 -0.00035 -0.00003 0.49686 0.49983 
 0.95310 0.50102 0.50017 -0.23055 -0.21259 -0.00040 -0.00003 0.49687 0.49983 
 0.95410 0.50100 0.50017 -0.23057 -0.21260 -0.00044 -0.00003 0.49689 0.49983 
 0.95510 0.50098 0.50016 -0.23059 -0.21260 -0.00048 -0.00003 0.49691 0.49983 
 0.95610 0.50095 0.50016 -0.23061 -0.21260 -0.00053 -0.00003 0.49693 0.49984 
 0.95710 0.50093 0.50016 -0.23063 -0.21260 -0.00057 -0.00003 0.49696 0.49984 
 0.95810 0.50090 0.50016 -0.23064 -0.21261 -0.00061 -0.00003 0.49698 0.49984 
 0.95910 0.50088 0.50016 -0.23066 -0.21261 -0.00065 -0.00003 0.49701 0.49984 
 0.96010 0.50085 0.50016 -0.23067 -0.21261 -0.00068 -0.00003 0.49704 0.49984 
 0.96110 0.50082 0.50016 -0.23069 -0.21262 -0.00072 -0.00003 0.49707 0.49984 
 0.96210 0.50079 0.50016 -0.23070 -0.21262 -0.00076 -0.00003 0.49710 0.49984 
 0.96310 0.50076 0.50016 -0.23071 -0.21262 -0.00079 -0.00003 0.49713 0.49984 
 0.96410 0.50073 0.50016 -0.23073 -0.21263 -0.00082 -0.00003 0.49716 0.49984 
 0.96510 0.50069 0.50015 -0.23074 -0.21263 -0.00085 -0.00003 0.49720 0.49985 
 0.96610 0.50066 0.50015 -0.23075 -0.21263 -0.00088 -0.00003 0.49724 0.49985 
 0.96710 0.50062 0.50015 -0.23076 -0.21263 -0.00090 -0.00003 0.49727 0.49985 
 0.96810 0.50059 0.50015 -0.23077 -0.21264 -0.00092 -0.00003 0.49731 0.49985 
 0.96910 0.50055 0.50015 -0.23078 -0.21264 -0.00095 -0.00003 0.49735 0.49985 
 0.97010 0.50051 0.50015 -0.23079 -0.21264 -0.00097 -0.00003 0.49740 0.49985 
 0.97110 0.50047 0.50015 -0.23080 -0.21265 -0.00098 -0.00003 0.49744 0.49985 
 0.97210 0.50044 0.50015 -0.23081 -0.21265 -0.00100 -0.00003 0.49748 0.49985 
 0.97310 0.50040 0.50014 -0.23082 -0.21265 -0.00101 -0.00003 0.49752 0.49985 
 0.97410 0.50036 0.50014 -0.23083 -0.21266 -0.00103 -0.00003 0.49757 0.49986 
 0.97510 0.50032 0.50014 -0.23084 -0.21266 -0.00104 -0.00003 0.49761 0.49986 
 0.97610 0.50028 0.50014 -0.23085 -0.21266 -0.00105 -0.00003 0.49765 0.49986 
 0.97710 0.50024 0.50014 -0.23086 -0.21266 -0.00105 -0.00003 0.49770 0.49986 
 0.97810 0.50020 0.50014 -0.23087 -0.21267 -0.00106 -0.00003 0.49774 0.49986 
 0.97910 0.50016 0.50014 -0.23088 -0.21267 -0.00106 -0.00003 0.49778 0.49986 
 0.98010 0.50012 0.50014 -0.23089 -0.21267 -0.00106 -0.00003 0.49783 0.49986 
 0.98110 0.50008 0.50014 -0.23090 -0.21267 -0.00106 -0.00003 0.49787 0.49986 
 0.98210 0.50005 0.50014 -0.23091 -0.21268 -0.00105 -0.00003 0.49791 0.49986 
 0.98310 0.50001 0.50013 -0.23092 -0.21268 -0.00105 -0.00003 0.49796 0.49987 
 0.98410 0.49997 0.50013 -0.23093 -0.21268 -0.00104 -0.00003 0.49800 0.49987 
 0.98510 0.49994 0.50013 -0.23095 -0.21268 -0.00103 -0.00002 0.49804 0.49987 
 0.98610 0.49990 0.50013 -0.23096 -0.21269 -0.00101 -0.00002 0.49809 0.49987 
 0.98710 0.49986 0.50013 -0.23097 -0.21269 -0.00100 -0.00002 0.49813 0.49987 
 0.98810 0.49983 0.50013 -0.23098 -0.21269 -0.00098 -0.00002 0.49817 0.49987 
 0.98910 0.49979 0.50013 -0.23099 -0.21269 -0.00096 -0.00002 0.49821 0.49987 
 0.99010 0.49976 0.50013 -0.23101 -0.21270 -0.00094 -0.00002 0.49825 0.49987 
 0.99110 0.49973 0.50013 -0.23102 -0.21270 -0.00092 -0.00002 0.49828 0.49987 
 0.99210 0.49969 0.50013 -0.23104 -0.21270 -0.00090 -0.00002 0.49832 0.49987 
 0.99310 0.49966 0.50013 -0.23105 -0.21270 -0.00087 -0.00002 0.49836 0.49987 
 0.99410 0.49964 0.50013 -0.23107 -0.21271 -0.00084 -0.00002 0.49840 0.49988 
 0.99510 0.49961 0.50012 -0.23108 -0.21271 -0.00081 -0.00002 0.49843 0.49988 
 0.99610 0.49958 0.50012 -0.23110 -0.21271 -0.00078 -0.00002 0.49846 0.49988 
 0.99710 0.49956 0.50012 -0.23112 -0.21271 -0.00075 -0.00002 0.49850 0.49988 
 0.99810 0.49953 0.50012 -0.23114 -0.21272 -0.00072 -0.00002 0.49853 0.49988 
 0.99910 0.49951 0.50012 -0.23116 -0.21272 -0.00068 -0.00002 0.49856 0.49988 
