 0.00000 1.00000 1.00000 0.00000 0.00000 0.00000 0.00000 0.00000 0.00000 
 0.00100 0.99965 0.99965 -0.00000 -0.00000 -0.01883 -0.01883 0.00035 0.00035 
 0.00200 0.99858 0.99858 -0.00000 -0.00000 -0.03764 -0.03764 0.00142 0.00142 
 0.00300 0.99681 0.99681 -0.00000 -0.00000 -0.05639 -0.05639 0.00319 0.00319 
 0.00400 0.99433 0.99433 -0.00000 -0.00000 -0.07505 -0.07505 0.00567 0.00567 
 0.00500 0.99116 0.99116 -0.00000 -0.00000 -0.09361 -0.09361 0.00884 0.00884 
 0.00600 0.98728 0.98728 -0.00000 -0.00000 -0.11203 -0.11203 0.01272 0.01272 
 0.00700 0.98272 0.98272 -0.00001 -0.00001 -0.13029 -0.13029 0.01728 0.01728 
 0.00800 0.97747 0.97747 -0.00001 -0.00001 -0.14837 -0.14837 0.02253 0.02253 
 0.00900 0.97154 0.97154 -0.00002 -0.00002 -0.16622 -0.16622 0.02846 0.02846 
 0.01000 0.96495 0.96495 -0.00002 -0.00002 -0.18384 -0.18384 0.03505 0.03505 
 0.01100 0.95769 0.95769 -0.00003 -0.00003 -0.20119 -0.20119 0.04231 0.04231 
 0.01200 0.94979 0.94979 -0.00004 -0.00004 -0.21825 -0.21825 0.05021 0.05021 
 0.01300 0.94125 0.94125 -0.00005 -0.00005 -0.23499 -0.23499 0.05875 0.05875 
 0.01400 0.93209 0.93209 -0.00006 -0.00006 -0.25139 -0.25139 0.06791 0.06791 
 0.01500 0.92232 0.92232 -0.00007 -0.00007 -0.26743 -0.26743 0.07768 0.07768 
 0.01600 0.91195 0.91195 -0.00009 -0.00009 -0.28308 -0.28308 0.08805 0.08805 
 0.01700 0.90099 0.90099 -0.00010 -0.00010 -0.29833 -0.29833 0.09901 0.09901 
 0.01800 0.88947 0.88947 -0.00012 -0.00012 -0.31314 -0.31314 0.11053 0.11053 
 0.01900 0.87740 0.87740 -0.00014 -0.00014 -0.32750 -0.32750 0.12260 0.12260 
 0.02000 0.86480 0.86480 -0.00017 -0.00017 -0.34139 -0.34139 0.13520 0.13520 
 0.02100 0.85169 0.85169 -0.00019 -0.00019 -0.35478 -0.35478 0.14831 0.14831 
 0.02200 0.83808 0.83808 -0.00022 -0.00022 -0.36767 -0.36767 0.16192 0.16192 
 0.02300 0.82399 0.82399 -0.00025 -0.00025 -0.38002 -0.38002 0.17601 0.17601 
 0.02400 0.80945 0.80945 -0.00028 -0.00028 -0.39182 -0.39182 0.19055 0.19055 
 0.02500 0.79448 0.79448 -0.00031 -0.00031 -0.40306 -0.40306 0.20552 0.20552 
 0.02600 0.77909 0.77909 -0.00035 -0.00035 -0.41372 -0.41372 0.22091 0.22091 
 0.02700 0.76331 0.76331 -0.00039 -0.00039 -0.42378 -0.42378 0.23669 0.23669 
 0.02800 0.74717 0.74717 -0.00043 -0.00043 -0.43323 -0.43323 0.25283 0.25283 
 0.02900 0.73068 0.73068 -0.00047 -0.00047 -0.44205 -0.44205 0.26932 0.26932 
 0.03000 0.71387 0.71387 -0.00052 -0.00052 -0.45024 -0.45024 0.28613 0.28613 
 0.03100 0.69676 0.69676 -0.00056 -0.00056 -0.45778 -0.45778 0.30324 0.30324 
 0.03200 0.67939 0.67939 -0.00062 -0.00062 -0.46466 -0.46466 0.32061 0.32061 
 0.03300 0.66176 0.66176 -0.00067 -0.00067 -0.47087 -0.47087 0.33824 0.33824 
 0.03400 0.64392 0.64392 -0.00072 -0.00072 -0.47640 -0.47640 0.35608 0.35608 
 0.03500 0.62587 0.62587 -0.00078 -0.00078 -0.48125 -0.48125 0.37412 0.37412 
 0.03600 0.60767 0.60767 -0.00084 -0.00084 -0.48540 -0.48540 0.39233 0.39233 
 0.03700 0.58931 0.58931 -0.00091 -0.00091 -0.48885 -0.48885 0.41069 0.41069 
 0.03800 0.57084 0.57084 -0.00097 -0.00097 -0.49160 -0.49160 0.42916 0.42916 
 0.03900 0.55228 0.55228 -0.00104 -0.00104 -0.49365 -0.49365 0.44772 0.44772 
 0.04000 0.53365 0.53365 -0.00111 -0.00111 -0.49498 -0.49498 0.46635 0.46635 
 0.04100 0.51499 0.51499 -0.00119 -0.00119 -0.49560 -0.49560 0.48501 0.48501 
 0.04200 0.49632 0.49632 -0.00126 -0.00126 -0.49551 -0.49551 0.50368 0.50368 
 0.04300 0.47767 0.47767 -0.00134 -0.00134 -0.49471 -0.49471 0.52233 0.52233 
 0.04400 0.45906 0.45906 -0.00142 -0.00142 -0.49319 -0.49319 0.54094 0.54094 
 0.04500 0.44052 0.44052 -0.00150 -0.00150 -0.49097 -0.49097 0.55948 0.55948 
 0.04600 0.42207 0.42207 -0.00159 -0.00159 -0.48804 -0.48804 0.57793 0.57793 
 0.04700 0.40375 0.40375 -0.00167 -0.00167 -0.48441 -0.48441 0.59625 0.59625 
 0.04800 0.38558 0.38558 -0.00176 -0.00176 -0.48008 -0.48008 0.61442 0.61442 
 0.04900 0.36759 0.36759 -0.00186 -0.00186 -0.47507 -0.47507 0.63241 0.63241 
 0.05001 0.34980 0.34980 -0.00195 -0.00195 -0.46937 -0.46937 0.65020 0.65020 
 0.05101 0.33223 0.33223 -0.00205 -0.00205 -0.46300 -0.46300 0.66777 0.66777 
 0.05201 0.31492 0.31492 -0.00214 -0.00214 -0.45597 -0.45597 0.68508 0.68508 
 0.05301 0.29789 0.29789 -0.00224 -0.00224 -0.44828 -0.44828 0.70212 0.70212 
 0.05401 0.28115 0.28115 -0.00235 -0.00235 -0.43995 -0.43995 0.71885 0.71885 
 0.05501 0.26475 0.26475 -0.00245 -0.00245 -0.43099 -0.43099 0.73525 0.73525 
 0.05601 0.24869 0.24869 -0.00256 -0.00256 -0.42141 -0.42141 0.75131 0.75131 
 0.05701 0.23300 0.23300 -0.00266 -0.00266 -0.41122 -0.41122 0.76700 0.76700 
 0.05801 0.21771 0.21771 -0.00277 -0.00277 -0.40045 -0.40045 0.78229 0.78229 
 0.05901 0.20284 0.20284 -0.00288 -0.00288 -0.38911 -0.38911 0.79716 0.79716 
 0.06001 0.18840 0.18840 -0.00299 -0.00299 -0.37721 -0.37721 0.81160 0.81160 
 0.06101 0.17442 0.17442 -0.00311 -0.00311 -0.36477 -0.36477 0.82558 0.82558 
 0.06201 0.16092 0.16092 -0.00322 -0.00322 -0.35180 -0.35180 0.83908 0.83908 
 0.06301 0.14792 0.14792 -0.00334 -0.00334 -0.33834 -0.33834 0.85208 0.85208 
 0.06401 0.13544 0.13544 -0.00346 -0.00346 -0.32439 -0.32439 0.86456 0.86456 
 0.06501 0.12348 0.12348 -0.00358 -0.00358 -0.30998 -0.30998 0.87652 0.87652 
 0.06601 0.11209 0.11209 -0.00370 -0.00370 -0.29513 -0.29513 0.88791 0.88791 
 0.06701 0.10125 0.10125 -0.00382 -0.00382 -0.27986 -0.27986 0.89875 0.89875 
 0.06801 0.09100 0.09100 -0.00394 -0.00394 -0.26418 -0.26418 0.90899 0.90899 
 0.06901 0.08135 0.08135 -0.00406 -0.00406 -0.24814 -0.24814 0.91865 0.91865 
 0.07001 0.07231 0.07231 -0.00419 -0.00419 -0.23174 -0.23174 0.92769 0.92769 
 0.07101 0.06390 0.06390 -0.00431 -0.00431 -0.21501 -0.21501 0.93610 0.93610 
 0.07201 0.05612 0.05612 -0.00444 -0.00444 -0.19798 -0.19798 0.94388 0.94388 
 0.07301 0.04898 0.04898 -0.00456 -0.00456 -0.18067 -0.18067 0.95102 0.95102 
 0.07401 0.04251 0.04251 -0.00469 -0.00469 -0.16310 -0.16310 0.95749 0.95749 
 0.07501 0.03670 0.03670 -0.00481 -0.00481 -0.14530 -0.14530 0.96330 0.96330 
 0.07601 0.03156 0.03156 -0.00494 -0.00494 -0.12730 -0.12730 0.96844 0.96844 
 0.07701 0.02711 0.02711 -0.00507 -0.00507 -0.10912 -0.10912 0.97289 0.97289 
 0.07801 0.02334 0.02334 -0.00520 -0.00520 -0.09079 -0.09079 0.97666 0.97666 
 0.07901 0.02027 0.02027 -0.00533 -0.00533 -0.07234 -0.07234 0.97973 0.97973 
 0.08001 0.01789 0.01789 -0.00545 -0.00545 -0.05378 -0.05378 0.98211 0.98211 
 0.08101 0.01622 0.01622 -0.00558 -0.00558 -0.03516 -0.03516 0.98378 0.98378 
 0.08201 0.01524 0.01524 -0.00571 -0.00571 -0.01649 -0.01649 0.98476 0.98476 
 0.08301 0.01498 0.01498 -0.00584 -0.00584 0.00220 0.00220 0.98503 0.98503 
 0.08401 0.01541 0.01541 -0.00597 -0.00597 0.02088 0.02088 0.98459 0.98459 
 0.08501 0.01655 0.01655 -0.00610 -0.00610 0.03952 0.03952 0.98345 0.98345 
 0.08601 0.01839 0.01839 -0.00622 -0.00622 0.05810 0.05810 0.98161 0.98161 
 0.08701 0.02092 0.02092 -0.00635 -0.00635 0.07659 0.07659 0.97908 0.97908 
 0.08801 0.02416 0.02416 -0.00648 -0.00648 0.09497 0.09497 0.97584 0.97584 
 0.08901 0.02808 0.02808 -0.00660 -0.00660 0.11320 0.11320 0.97192 0.97192 
 0.09001 0.03268 0.03268 -0.00673 -0.00673 0.13126 0.13126 0.96732 0.96732 
 0.09101 0.03797 0.03797 -0.00686 -0.00686 0.14913 0.14913 0.96203 0.96203 
 0.09201 0.04392 0.04392 -0.00698 -0.00698 0.16678 0.16678 0.95608 0.95608 
 0.09301 0.05053 0.05053 -0.00711 -0.00711 0.18418 0.18418 0.94947 0.94947 
 0.09401 0.05779 0.05779 -0.00723 -0.00723 0.20132 0.20132 0.94221 0.94221 
 0.09501 0.06569 0.06569 -0.00736 -0.00736 0.21815 0.21815 0.93431 0.93431 
 0.09601 0.07422 0.07422 -0.00748 -0.00748 0.23467 0.23467 0.92578 0.92578 
 0.09701 0.08337 0.08337 -0.00760 -0.00760 0.25084 0.25084 0.91663 0.91663 
 0.09801 0.09312 0.09312 -0.00772 -0.00772 0.26665 0.26665 0.90688 0.90688 
 0.09901 0.10346 0.10346 -0.00784 -0.00784 0.28206 0.28206 0.89654 0.89654 
 0.10001 0.11437 0.11437 -0.00796 -0.00796 0.29707 0.29707 0.88563 0.88563 
 0.10101 0.12584 0.12584 -0.00808 -0.00808 0.31164 0.31164 0.87416 0.87416 
 0.10201 0.13784 0.13784 -0.00820 -0.00820 0.32576 0.32576 0.86216 0.86216 
 0.10301 0.15037 0.15037 -0.00831 -0.00831 0.33941 0.33941 0.84963 0.84963 
 0.10401 0.16341 0.16341 -0.00843 -0.00843 0.35256 0.35256 0.83659 0.83659 
 0.10501 0.17693 0.17693 -0.00855 -0.00855 0.36519 0.36519 0.82307 0.82307 
 0.10601 0.19092 0.19092 -0.00866 -0.00866 0.37730 0.37730 0.80908 0.80908 
 0.10701 0.20535 0.20535 -0.00877 -0.00877 0.38886 0.38886 0.79465 0.79465 
 0.10801 0.22021 0.22021 -0.00888 -0.00888 0.39986 0.39986 0.77979 0.77979 
 0.10901 0.23547 0.23547 -0.00899 -0.00899 0.41027 0.41027 0.76453 0.76453 
 0.11001 0.25112 0.25112 -0.00910 -0.00910 0.42009 0.42009 0.74888 0.74888 
 0.11101 0.26712 0.26712 -0.00921 -0.00921 0.42930 0.42930 0.73288 0.73288 
 0.11201 0.28345 0.28345 -0.00932 -0.00932 0.43789 0.43789 0.71655 0.71655 
 0.11301 0.30010 0.30010 -0.00943 -0.00943 0.44585 0.44585 0.69990 0.69990 
 0.11401 0.31704 0.31704 -0.00953 -0.00953 0.45316 0.45316 0.68296 0.68296 
 0.11501 0.33424 0.33424 -0.00963 -0.00963 0.45981 0.45981 0.66576 0.66576 
 0.11601 0.35168 0.35168 -0.00974 -0.00974 0.46580 0.46580 0.64833 0.64833 
 0.11701 0.36933 0.36933 -0.00984 -0.00984 0.47111 0.47111 0.63067 0.63067 
 0.11801 0.38716 0.38716 -0.00994 -0.00994 0.47574 0.47574 0.61284 0.61284 
 0.11901 0.40516 0.40516 -0.01004 -0.01004 0.47969 0.47969 0.59484 0.59484 
 0.12001 0.42330 0.42330 -0.01014 -0.01014 0.48294 0.48294 0.57670 0.57670 
 0.12101 0.44154 0.44154 -0.01023 -0.01023 0.48549 0.48549 0.55846 0.55846 
 0.12201 0.45987 0.45987 -0.01033 -0.01033 0.48734 0.48734 0.54013 0.54013 
 0.12301 0.47825 0.47825 -0.01043 -0.01043 0.48849 0.48849 0.52175 0.52175 
 0.12401 0.49667 0.49667 -0.01052 -0.01052 0.48893 0.48893 0.50333 0.50333 
 0.12501 0.51508 0.51508 -0.01061 -0.01061 0.48867 0.48867 0.48492 0.48492 
 0.12601 0.53348 0.53348 -0.01071 -0.01071 0.48770 0.48770 0.46652 0.46652 
 0.12701 0.55182 0.55182 -0.01080 -0.01080 0.48603 0.48603 0.44818 0.44818 
 0.12801 0.57009 0.57009 -0.01089 -0.01089 0.48366 0.48366 0.42991 0.42991 
 0.12901 0.58825 0.58825 -0.01097 -0.01097 0.48058 0.48058 0.41175 0.41175 
 0.13001 0.60629 0.60629 -0.01106 -0.01106 0.47682 0.47682 0.39371 0.39371 
 0.13101 0.62417 0.62417 -0.01115 -0.01115 0.47237 0.47237 0.37583 0.37583 
 0.13201 0.64187 0.64187 -0.01124 -0.01124 0.46724 0.46724 0.35813 0.35813 
 0.13301 0.65937 0.65937 -0.01132 -0.01132 0.46143 0.46143 0.34063 0.34063 
 0.13401 0.67663 0.67663 -0.01140 -0.01140 0.45496 0.45496 0.32337 0.32337 
 0.13501 0.69364 0.69364 -0.01149 -0.01149 0.44784 0.44784 0.30636 0.30636 
 0.13601 0.71037 0.71037 -0.01157 -0.01157 0.44007 0.44007 0.28963 0.28963 
 0.13701 0.72679 0.72679 -0.01165 -0.01165 0.43167 0.43167 0.27321 0.27321 
 0.13801 0.74288 0.74288 -0.01173 -0.01173 0.42264 0.42264 0.25712 0.25712 
 0.13901 0.75862 0.75862 -0.01181 -0.01181 0.41301 0.41301 0.24138 0.24138 
 0.14001 0.77399 0.77399 -0.01189 -0.01189 0.40279 0.40279 0.22601 0.22601 
 0.14101 0.78897 0.78897 -0.01197 -0.01197 0.39198 0.39198 0.21103 0.21103 
 0.14201 0.80352 0.80352 -0.01205 -0.01205 0.38061 0.38061 0.19648 0.19648 
 0.14301 0.81764 0.81764 -0.01213 -0.01213 0.36870 0.36870 0.18236 0.18236 
 0.14401 0.83129 0.83129 -0.01220 -0.01220 0.35625 0.35625 0.16871 0.16871 
 0.14501 0.84447 0.84447 -0.01228 -0.01228 0.34330 0.34330 0.15553 0.15553 
 0.14601 0.85715 0.85715 -0.01235 -0.01235 0.32985 0.32985 0.14285 0.14285 
 0.14701 0.86932 0.86932 -0.01243 -0.01243 0.31593 0.31593 0.13068 0.13068 
 0.14801 0.88095 0.88095 -0.01250 -0.01250 0.30156 0.30156 0.11905 0.11905 
 0.14901 0.89204 0.89204 -0.01258 -0.01258 0.28675 0.28675 0.10797 0.10797 
 0.15002 0.90255 0.90255 -0.01265 -0.01265 0.27154 0.27154 0.09745 0.09745 
 0.15102 0.91249 0.91249 -0.01272 -0.01272 0.25594 0.25594 0.08751 0.08751 
 0.15202 0.92183 0.92183 -0.01280 -0.01280 0.23997 0.23997 0.07817 0.07817 
 0.15302 0.93057 0.93057 -0.01287 -0.01287 0.22365 0.22365 0.06943 0.06943 
 0.15402 0.93868 0.93868 -0.01294 -0.01294 0.20702 0.20702 0.06132 0.06132 
 0.15502 0.94616 0.94616 -0.01301 -0.01301 0.19010 0.19010 0.05384 0.05384 
 0.15602 0.95300 0.95300 -0.01308 -0.01308 0.17290 0.17290 0.04700 0.04700 
 0.15702 0.95918 0.95918 -0.01315 -0.01315 0.15546 0.15546 0.04082 0.04082 
 0.15802 0.96471 0.96471 -0.01323 -0.01323 0.13779 0.13779 0.03529 0.03529 
 0.15902 0.96957 0.96957 -0.01330 -0.01330 0.11993 0.11993 0.03044 0.03044 
 0.16002 0.97374 0.97374 -0.01337 -0.01337 0.10191 0.10191 0.02626 0.02626 
 0.16102 0.97724 0.97724 -0.01344 -0.01344 0.08374 0.08374 0.02276 0.02276 
 0.16202 0.98005 0.98005 -0.01351 -0.01351 0.06545 0.06545 0.01995 0.01995 
 0.16302 0.98217 0.98217 -0.01358 -0.01358 0.04707 0.04707 0.01783 0.01783 
 0.16402 0.98360 0.98360 -0.01365 -0.01365 0.02863 0.02863 0.01640 0.01640 
 0.16502 0.98433 0.98433 -0.01372 -0.01372 0.01015 0.01015 0.01567 0.01567 
 0.16602 0.98436 0.98436 -0.01379 -0.01379 -0.00834 -0.00834 0.01564 0.01564 
 0.16702 0.98370 0.98370 -0.01386 -0.01386 -0.02681 -0.02681 0.01630 0.01630 
 0.16802 0.98234 0.98234 -0.01393 -0.01393 -0.04524 -0.04524 0.01766 0.01766 
 0.16902 0.98029 0.98029 -0.01400 -0.01400 -0.06360 -0.06360 0.01971 0.01971 
 0.17002 0.97755 0.97755 -0.01407 -0.01407 -0.08187 -0.08187 0.02245 0.02245 
 0.17102 0.97413 0.97413 -0.01415 -0.01415 -0.10001 -0.10001 0.02587 0.02587 
 0.17202 0.97002 0.97002 -0.01422 -0.01422 -0.11801 -0.11801 0.02998 0.02998 
 0.17302 0.96524 0.96524 -0.01429 -0.01429 -0.13583 -0.13583 0.03476 0.03476 
 0.17402 0.95979 0.95979 -0.01436 -0.01436 -0.15345 -0.15345 0.04021 0.04021 
 0.17502 0.95368 0.95368 -0.01443 -0.01443 -0.17085 -0.17085 0.04632 0.04632 
 0.17602 0.94692 0.94692 -0.01450 -0.01450 -0.18800 -0.18800 0.05308 0.05308 
 0.17702 0.93952 0.93952 -0.01458 -0.01458 -0.20487 -0.20487 0.06048 0.06048 
 0.17802 0.93149 0.93149 -0.01465 -0.01465 -0.22144 -0.22144 0.06852 0.06852 
 0.17902 0.92283 0.92283 -0.01472 -0.01472 -0.23769 -0.23769 0.07716 0.07716 
 0.18002 0.91358 0.91358 -0.01480 -0.01480 -0.25360 -0.25360 0.08642 0.08642 
 0.18102 0.90373 0.90373 -0.01487 -0.01487 -0.26913 -0.26913 0.09627 0.09627 
 0.18202 0.89331 0.89331 -0.01494 -0.01494 -0.28427 -0.28427 0.10669 0.10669 
 0.18302 0.88232 0.88232 -0.01502 -0.01502 -0.29901 -0.29901 0.11768 0.11768 
 0.18402 0.87078 0.87078 -0.01509 -0.01509 -0.31330 -0.31330 0.12922 0.12922 
 0.18502 0.85872 0.85872 -0.01517 -0.01517 -0.32714 -0.32714 0.14128 0.14128 
 0.18602 0.84614 0.84614 -0.01524 -0.01524 -0.34051 -0.34051 0.15386 0.15386 
 0.18702 0.83307 0.83307 -0.01532 -0.01532 -0.35339 -0.35339 0.16693 0.16693 
 0.18802 0.81952 0.81952 -0.01540 -0.01540 -0.36575 -0.36575 0.18048 0.18048 
 0.18902 0.80552 0.80552 -0.01547 -0.01547 -0.37758 -0.37758 0.19448 0.19448 
 0.19002 0.79108 0.79108 -0.01555 -0.01555 -0.38886 -0.38886 0.20892 0.20892 
 0.19102 0.77623 0.77623 -0.01563 -0.01563 -0.39958 -0.39958 0.22378 0.22378 
 0.19202 0.76098 0.76098 -0.01571 -0.01571 -0.40973 -0.40973 0.23902 0.23902 
 0.19302 0.74536 0.74536 -0.01579 -0.01579 -0.41928 -0.41928 0.25464 0.25464 
 0.19402 0.72940 0.72940 -0.01587 -0.01587 -0.42822 -0.42822 0.27060 0.27060 
 0.19502 0.71310 0.71310 -0.01595 -0.01595 -0.43655 -0.43655 0.28690 0.28690 
 0.19602 0.69651 0.69651 -0.01603 -0.01603 -0.44424 -0.44424 0.30349 0.30349 
 0.19702 0.67964 0.67964 -0.01611 -0.01611 -0.45129 -0.45129 0.32036 0.32036 
 0.19802 0.66252 0.66252 -0.01619 -0.01619 -0.45769 -0.45769 0.33748 0.33748 
 0.19902 0.64516 0.64516 -0.01627 -0.01627 -0.46343 -0.46343 0.35484 0.35484 
 0.20002 0.62723 0.62761 -0.01850 -0.01635 -0.46803 -0.46850 0.37455 0.37239 
 0.20102 0.60955 0.60987 -0.01877 -0.01643 -0.47212 -0.47289 0.39117 0.39013 
 0.20202 0.59162 0.59198 -0.01916 -0.01652 -0.47558 -0.47661 0.40867 0.40802 
 0.20302 0.57398 0.57397 -0.01912 -0.01660 -0.47893 -0.47963 0.42633 0.42603 
 0.20402 0.55597 0.55586 -0.01878 -0.01668 -0.48166 -0.48196 0.44424 0.44414 
 0.20502 0.53756 0.53767 -0.01833 -0.01677 -0.48357 -0.48360 0.46192 0.46233 
 0.20602 0.51847 0.51943 -0.01786 -0.01685 -0.48472 -0.48453 0.48059 0.48057 
 0.20702 0.49988 0.50117 -0.01717 -0.01694 -0.48535 -0.48478 0.49848 0.49883 
 0.20802 0.48138 0.48291 -0.01643 -0.01702 -0.48533 -0.48432 0.51674 0.51709 
 0.20902 0.46354 0.46468 -0.01635 -0.01711 -0.48483 -0.48316 0.53476 0.53532 
 0.21002 0.44558 0.44651 -0.01694 -0.01720 -0.48374 -0.48131 0.55276 0.55349 
 0.21102 0.42826 0.42843 -0.01817 -0.01728 -0.48151 -0.47876 0.56966 0.57157 
 0.21202 0.41118 0.41045 -0.01886 -0.01737 -0.47811 -0.47553 0.58708 0.58955 
 0.21302 0.39397 0.39261 -0.01931 -0.01746 -0.47423 -0.47161 0.60506 0.60739 
 0.21402 0.37602 0.37492 -0.01890 -0.01755 -0.46876 -0.46702 0.62302 0.62508 
 0.21502 0.35787 0.35743 -0.01818 -0.01763 -0.46386 -0.46175 0.64117 0.64257 
 0.21602 0.34047 0.34014 -0.01798 -0.01772 -0.45811 -0.45581 0.65931 0.65986 
 0.21702 0.32365 0.32309 -0.01768 -0.01781 -0.45166 -0.44922 0.67704 0.67691 
 0.21802 0.30720 0.30630 -0.01878 -0.01790 -0.44441 -0.44199 0.69367 0.69370 
 0.21902 0.29095 0.28980 -0.01997 -0.01799 -0.43669 -0.43412 0.71000 0.71020 
 0.22002 0.27396 0.27360 -0.02088 -0.01808 -0.42798 -0.42563 0.72620 0.72640 
 0.22102 0.25687 0.25774 -0.02105 -0.01817 -0.41877 -0.41652 0.74134 0.74226 
 0.22202 0.24099 0.24222 -0.02103 -0.01826 -0.40895 -0.40682 0.75670 0.75777 
 0.22302 0.22651 0.22709 -0.02069 -0.01835 -0.39850 -0.39654 0.77208 0.77291 
 0.22402 0.21234 0.21235 -0.02074 -0.01844 -0.38818 -0.38568 0.78718 0.78765 
 0.22502 0.19874 0.19804 -0.02047 -0.01854 -0.37757 -0.37427 0.80237 0.80196 
 0.22602 0.18478 0.18416 -0.02021 -0.01863 -0.36583 -0.36233 0.81653 0.81584 
 0.22702 0.17161 0.17075 -0.01931 -0.01872 -0.35338 -0.34986 0.83009 0.82925 
 0.22802 0.15758 0.15781 -0.01851 -0.01881 -0.34024 -0.33690 0.84310 0.84219 
 0.22902 0.14323 0.14537 -0.01805 -0.01890 -0.32720 -0.32345 0.85547 0.85463 
 0.23002 0.13096 0.13344 -0.01876 -0.01900 -0.31409 -0.30954 0.86694 0.86656 
 0.23102 0.11962 0.12205 -0.01963 -0.01909 -0.30058 -0.29519 0.87794 0.87795 
 0.23202 0.10896 0.11121 -0.02077 -0.01918 -0.28560 -0.28042 0.88875 0.88879 
 0.23302 0.09843 0.10093 -0.02102 -0.01928 -0.27032 -0.26524 0.89916 0.89907 
 0.23402 0.08884 0.09123 -0.02069 -0.01937 -0.25476 -0.24969 0.90889 0.90877 
 0.23502 0.08002 0.08212 -0.02014 -0.01946 -0.23873 -0.23378 0.91831 0.91788 
 0.23602 0.07141 0.07362 -0.02009 -0.01956 -0.22254 -0.21754 0.92680 0.92638 
 0.23702 0.06269 0.06573 -0.02022 -0.01965 -0.20663 -0.20098 0.93462 0.93427 
 0.23802 0.05455 0.05848 -0.02041 -0.01974 -0.19015 -0.18415 0.94170 0.94152 
 0.23902 0.04712 0.05186 -0.02000 -0.01984 -0.17383 -0.16705 0.94820 0.94814 
 0.24002 0.04073 0.04589 -0.01965 -0.01993 -0.15706 -0.14972 0.95416 0.95411 
 0.24102 0.03513 0.04058 -0.01923 -0.02002 -0.13948 -0.13217 0.95973 0.95942 
 0.24202 0.03020 0.03594 -0.01905 -0.02012 -0.12124 -0.11444 0.96496 0.96406 
 0.24302 0.02606 0.03196 -0.01918 -0.02021 -0.10335 -0.09655 0.96911 0.96804 
 0.24402 0.02321 0.02866 -0.01940 -0.02030 -0.08558 -0.07852 0.97245 0.97134 
 0.24502 0.02100 0.02605 -0.01991 -0.02040 -0.06771 -0.06039 0.97529 0.97395 
 0.24602 0.01830 0.02412 -0.02017 -0.02049 -0.04999 -0.04217 0.97793 0.97589 
 0.24702 0.01552 0.02287 -0.01964 -0.02059 -0.03144 -0.02389 0.98004 0.97713 
 0.24802 0.01359 0.02232 -0.01917 -0.02068 -0.01355 -0.00559 0.98112 0.97769 
 0.24902 0.01321 0.02245 -0.01897 -0.02077 0.00433 0.01272 0.98090 0.97755 
 0.25003 0.01410 0.02327 -0.01941 -0.02087 0.02257 0.03100 0.98029 0.97673 
 0.25103 0.01628 0.02478 -0.01989 -0.02096 0.04092 0.04923 0.97967 0.97522 
 0.25203 0.01865 0.02698 -0.01948 -0.02105 0.05894 0.06739 0.97839 0.97302 
 0.25303 0.02155 0.02986 -0.01923 -0.02115 0.07748 0.08545 0.97605 0.97014 
 0.25403 0.02475 0.03342 -0.01809 -0.02124 0.09635 0.10338 0.97273 0.96658 
 0.25503 0.02845 0.03765 -0.01694 -0.02133 0.11508 0.12115 0.96863 0.96235 
 0.25603 0.03341 0.04254 -0.01696 -0.02143 0.13309 0.13875 0.96303 0.95746 
 0.25703 0.03864 0.04810 -0.01694 -0.02152 0.15021 0.15614 0.95714 0.95190 
 0.25803 0.04419 0.05431 -0.01697 -0.02161 0.16732 0.17330 0.95081 0.94569 
 0.25903 0.05082 0.06115 -0.01684 -0.02170 0.18388 0.19021 0.94412 0.93885 
 0.26003 0.05839 0.06863 -0.01668 -0.02180 0.20071 0.20684 0.93721 0.93137 
 0.26103 0.06568 0.07673 -0.01626 -0.02189 0.21658 0.22317 0.92984 0.92327 
 0.26203 0.07367 0.08544 -0.01566 -0.02198 0.23394 0.23916 0.92092 0.91456 
 0.26303 0.08262 0.09475 -0.01609 -0.02207 0.24930 0.25482 0.91295 0.90525 
 0.26403 0.09246 0.10464 -0.01628 -0.02216 0.26368 0.27010 0.90378 0.89536 
 0.26503 0.10167 0.11510 -0.01603 -0.02225 0.27832 0.28498 0.89319 0.88490 
 0.26603 0.11304 0.12611 -0.01533 -0.02235 0.29307 0.29946 0.88252 0.87389 
 0.26703 0.12522 0.13765 -0.01526 -0.02244 0.30635 0.31349 0.87153 0.86235 
 0.26803 0.13805 0.14972 -0.01518 -0.02253 0.31992 0.32707 0.85899 0.85028 
 0.26903 0.15075 0.16229 -0.01471 -0.02262 0.33330 0.34018 0.84553 0.83771 
 0.27003 0.16315 0.17535 -0.01422 -0.02271 0.34613 0.35279 0.83173 0.82465 
 0.27103 0.17613 0.18887 -0.01332 -0.02280 0.35832 0.36489 0.81807 0.81113 
 0.27203 0.18969 0.20283 -0.01319 -0.02289 0.37040 0.37646 0.80365 0.79717 
 0.27303 0.20263 0.21722 -0.01349 -0.02298 0.38145 0.38749 0.78920 0.78278 
 0.27403 0.21640 0.23202 -0.01386 -0.02307 0.39140 0.39795 0.77411 0.76798 
 0.27503 0.23127 0.24720 -0.01427 -0.02316 0.40089 0.40784 0.75892 0.75280 
 0.27603 0.24619 0.26274 -0.01476 -0.02325 0.41022 0.41714 0.74362 0.73726 
 0.27703 0.26148 0.27862 -0.01460 -0.02333 0.41906 0.42583 0.72922 0.72138 
 0.27803 0.27733 0.29482 -0.01395 -0.02342 0.42771 0.43391 0.71426 0.70518 
 0.27903 0.29331 0.31131 -0.01289 -0.02351 0.43612 0.44135 0.69868 0.68869 
 0.28003 0.30947 0.32807 -0.01287 -0.02360 0.44350 0.44816 0.68225 0.67193 
 0.28103 0.32591 0.34507 -0.01334 -0.02369 0.45027 0.45433 0.66527 0.65493 
 0.28203 0.34388 0.36229 -0.01385 -0.02377 0.45652 0.45983 0.64772 0.63771 
 0.28303 0.36206 0.37971 -0.01413 -0.02386 0.46229 0.46468 0.63053 0.62029 
 0.28403 0.38010 0.39729 -0.01435 -0.02395 0.46655 0.46885 0.61343 0.60271 
 0.28503 0.39766 0.41502 -0.01490 -0.02404 0.46970 0.47234 0.59638 0.58498 
 0.28603 0.41573 0.43287 -0.01486 -0.02412 0.47264 0.47515 0.57826 0.56713 
 0.28703 0.43415 0.45082 -0.01472 -0.02421 0.47541 0.47727 0.56006 0.54919 
 0.28803 0.45256 0.46882 -0.01487 -0.02429 0.47744 0.47871 0.54167 0.53117 
 0.28903 0.47039 0.48688 -0.01527 -0.02438 0.47900 0.47946 0.52321 0.51312 
 0.29003 0.48798 0.50494 -0.01545 -0.02447 0.47993 0.47951 0.50530 0.49506 
 0.29103 0.50582 0.52300 -0.01592 -0.02455 0.47997 0.47887 0.48790 0.47700 
 0.29203 0.52360 0.54101 -0.01688 -0.02464 0.47881 0.47754 0.46995 0.45899 
 0.29303 0.54137 0.55897 -0.01774 -0.02472 0.47695 0.47553 0.45222 0.44103 
 0.29403 0.55989 0.57683 -0.01831 -0.02481 0.47512 0.47283 0.43392 0.42317 
 0.29503 0.57840 0.59459 -0.01826 -0.02489 0.47289 0.46945 0.41522 0.40541 
 0.29603 0.59572 0.61220 -0.01795 -0.02498 0.46891 0.46539 0.39642 0.38780 
 0.29703 0.61225 0.62964 -0.01755 -0.02506 0.46422 0.46066 0.37845 0.37036 
 0.29803 0.62943 0.64690 -0.01675 -0.02515 0.45942 0.45527 0.36083 0.35310 
 0.29903 0.64670 0.66394 -0.01629 -0.02523 0.45449 0.44922 0.34407 0.33606 
 0.30003 0.66400 0.68074 -0.01576 -0.02531 0.44868 0.44253 0.32726 0.31926 
 0.30103 0.68081 0.69727 -0.01608 -0.02540 0.44182 0.43519 0.31088 0.30273 
 0.30203 0.69756 0.71352 -0.01661 -0.02548 0.43467 0.42724 0.29505 0.28648 
 0.30303 0.71421 0.72945 -0.01742 -0.02556 0.42690 0.41867 0.27976 0.27055 
 0.30403 0.73009 0.74506 -0.01828 -0.02565 0.41854 0.40950 0.26431 0.25494 
 0.30503 0.74477 0.76030 -0.01925 -0.02573 0.40966 0.39974 0.24836 0.23970 
 0.30603 0.75989 0.77517 -0.02000 -0.02581 0.39902 0.38941 0.23300 0.22483 
 0.30703 0.77499 0.78963 -0.02035 -0.02590 0.38765 0.37851 0.21846 0.21037 
 0.30803 0.78871 0.80368 -0.02056 -0.02598 0.37586 0.36708 0.20425 0.19632 
 0.30903 0.80197 0.81729 -0.02070 -0.02606 0.36386 0.35511 0.19091 0.18271 
 0.31003 0.81631 0.83043 -0.02014 -0.02614 0.35206 0.34264 0.17742 0.16957 
 0.31103 0.82964 0.84310 -0.01947 -0.02623 0.33990 0.32968 0.16402 0.15690 
 0.31203 0.84176 0.85526 -0.01898 -0.02631 0.32654 0.31624 0.15118 0.14474 
 0.31303 0.85350 0.86692 -0.01872 -0.02639 0.31256 0.30236 0.13961 0.13308 
 0.31403 0.86491 0.87804 -0.01893 -0.02647 0.29882 0.28804 0.12793 0.12196 
 0.31503 0.87603 0.88862 -0.01960 -0.02655 0.28471 0.27330 0.11630 0.11138 
 0.31603 0.88672 0.89863 -0.02068 -0.02664 0.26967 0.25818 0.10611 0.10137 
 0.31703 0.89654 0.90806 -0.02197 -0.02672 0.25391 0.24269 0.09716 0.09194 
 0.31803 0.90575 0.91691 -0.02290 -0.02680 0.23787 0.22685 0.08844 0.08309 
 0.31903 0.91401 0.92515 -0.02415 -0.02688 0.22179 0.21069 0.08041 0.07485 
 0.32003 0.92221 0.93278 -0.02525 -0.02696 0.20537 0.19423 0.07252 0.06722 
 0.32103 0.92988 0.93978 -0.02666 -0.02705 0.18863 0.17749 0.06490 0.06022 
 0.32203 0.93741 0.94615 -0.02701 -0.02713 0.17245 0.16050 0.05697 0.05385 
 0.32303 0.94364 0.95187 -0.02700 -0.02721 0.15617 0.14329 0.04997 0.04813 
 0.32403 0.94914 0.95694 -0.02654 -0.02729 0.13865 0.12587 0.04443 0.04306 
 0.32503 0.95371 0.96135 -0.02616 -0.02737 0.12061 0.10827 0.04051 0.03865 
 0.32603 0.95784 0.96510 -0.02623 -0.02745 0.10299 0.09052 0.03599 0.03490 
 0.32703 0.96166 0.96817 -0.02693 -0.02753 0.08545 0.07265 0.03183 0.03183 
 0.32803 0.96422 0.97057 -0.02712 -0.02762 0.06731 0.05468 0.02856 0.02943 
 0.32903 0.96540 0.97229 -0.02698 -0.02770 0.04871 0.03663 0.02609 0.02771 
 0.33003 0.96586 0.97333 -0.02663 -0.02778 0.03063 0.01853 0.02469 0.02667 
 0.33103 0.96663 0.97369 -0.02647 -0.02786 0.01283 0.00041 0.02454 0.02631 
 0.33203 0.96720 0.97336 -0.02702 -0.02794 -0.00479 -0.01771 0.02388 0.02664 
 0.33303 0.96649 0.97235 -0.02797 -0.02802 -0.02265 -0.03579 0.02437 0.02765 
 0.33403 0.96554 0.97067 -0.02854 -0.02810 -0.04041 -0.05382 0.02657 0.02933 
 0.33503 0.96424 0.96830 -0.02820 -0.02818 -0.05812 -0.07177 0.02872 0.03170 
 0.33603 0.96171 0.96526 -0.02992 -0.02827 -0.07612 -0.08961 0.03001 0.03474 
 0.33703 0.95829 0.96155 -0.03142 -0.02835 -0.09393 -0.10732 0.03220 0.03845 
 0.33803 0.95474 0.95717 -0.03216 -0.02843 -0.11086 -0.12487 0.03535 0.04282 
 0.33903 0.95026 0.95214 -0.03216 -0.02851 -0.12803 -0.14223 0.04090 0.04786 
 0.34003 0.94555 0.94646 -0.03234 -0.02859 -0.14489 -0.15939 0.04707 0.05354 
 0.34103 0.94044 0.94014 -0.03309 -0.02867 -0.16195 -0.17631 0.05368 0.05986 
 0.34203 0.93574 0.93318 -0.03338 -0.02875 -0.17885 -0.19297 0.06098 0.06682 
 0.34303 0.93014 0.92560 -0.03395 -0.02884 -0.19526 -0.20935 0.06876 0.07440 
 0.34403 0.92293 0.91741 -0.03441 -0.02892 -0.21173 -0.22543 0.07705 0.08259 
 0.34503 0.91481 0.90862 -0.03461 -0.02900 -0.22799 -0.24117 0.08607 0.09138 
 0.34603 0.90625 0.89924 -0.03447 -0.02908 -0.24474 -0.25657 0.09533 0.10076 
 0.34703 0.89723 0.88929 -0.03457 -0.02916 -0.26064 -0.27159 0.10460 0.11071 
 0.34803 0.88649 0.87879 -0.03402 -0.02925 -0.27564 -0.28621 0.11424 0.12122 
 0.34903 0.87512 0.86773 -0.03411 -0.02933 -0.28983 -0.30042 0.12375 0.13227 
 0.35004 0.86275 0.85615 -0.03343 -0.02941 -0.30412 -0.31420 0.13496 0.14385 
 0.35104 0.85032 0.84406 -0.03336 -0.02949 -0.31808 -0.32751 0.14622 0.15593 
 0.35204 0.83788 0.83148 -0.03382 -0.02957 -0.33093 -0.34036 0.15764 0.16852 
 0.35304 0.82530 0.81843 -0.03514 -0.02966 -0.34346 -0.35270 0.17039 0.18157 
 0.35404 0.81230 0.80492 -0.03556 -0.02974 -0.35589 -0.36454 0.18368 0.19509 
 0.35504 0.79872 0.79097 -0.03541 -0.02982 -0.36721 -0.37585 0.19753 0.20903 
 0.35604 0.78464 0.77660 -0.03581 -0.02990 -0.37836 -0.38661 0.21114 0.22340 
 0.35704 0.76963 0.76184 -0.03653 -0.02999 -0.38926 -0.39681 0.22498 0.23816 
 0.35804 0.75391 0.74671 -0.03737 -0.03007 -0.40090 -0.40644 0.23946 0.25329 
 0.35904 0.73810 0.73123 -0.03794 -0.03015 -0.41156 -0.41548 0.25414 0.26877 
 0.36004 0.72166 0.71541 -0.03779 -0.03023 -0.42131 -0.42392 0.26970 0.28459 
 0.36104 0.70574 0.69929 -0.03735 -0.03032 -0.43000 -0.43175 0.28684 0.30071 
 0.36204 0.68930 0.68289 -0.03727 -0.03040 -0.43773 -0.43895 0.30342 0.31711 
 0.36304 0.67253 0.66623 -0.03812 -0.03048 -0.44444 -0.44552 0.31959 0.33377 
 0.36404 0.65594 0.64933 -0.03906 -0.03057 -0.45028 -0.45144 0.33729 0.35067 
 0.36504 0.63969 0.63222 -0.03996 -0.03065 -0.45578 -0.45671 0.35544 0.36778 
 0.36604 0.62257 0.61493 -0.04048 -0.03073 -0.46068 -0.46132 0.37369 0.38507 
 0.36704 0.60477 0.59747 -0.04071 -0.03082 -0.46503 -0.46527 0.39007 0.40253 
 0.36804 0.58684 0.57988 -0.04093 -0.03090 -0.46884 -0.46854 0.40730 0.42012 
 0.36904 0.56956 0.56218 -0.04154 -0.03098 -0.47194 -0.47114 0.42421 0.43782 
 0.37004 0.55176 0.54439 -0.04116 -0.03107 -0.47499 -0.47306 0.44186 0.45561 
 0.37104 0.53383 0.52654 -0.04063 -0.03115 -0.47713 -0.47429 0.45965 0.47346 
 0.37204 0.51534 0.50866 -0.04023 -0.03123 -0.47879 -0.47485 0.47804 0.49134 
 0.37304 0.49716 0.49078 -0.03956 -0.03132 -0.47974 -0.47471 0.49602 0.50923 
 0.37404 0.47904 0.47290 -0.03896 -0.03140 -0.48033 -0.47389 0.51447 0.52710 
 0.37504 0.46106 0.45508 -0.03895 -0.03148 -0.47996 -0.47239 0.53266 0.54492 
 0.37604 0.44314 0.43732 -0.03915 -0.03157 -0.47903 -0.47021 0.55031 0.56268 
 0.37704 0.42580 0.41966 -0.03976 -0.03165 -0.47720 -0.46735 0.56731 0.58034 
 0.37804 0.40878 0.40212 -0.03930 -0.03174 -0.47429 -0.46382 0.58479 0.59788 
 0.37904 0.39170 0.38472 -0.03948 -0.03182 -0.47074 -0.45962 0.60284 0.61528 
 0.38004 0.37387 0.36749 -0.03889 -0.03191 -0.46605 -0.45476 0.62066 0.63251 
 0.38104 0.35594 0.35046 -0.03850 -0.03199 -0.46170 -0.44925 0.63866 0.64954 
 0.38204 0.33857 0.33365 -0.03812 -0.03207 -0.45619 -0.44308 0.65653 0.66635 
 0.38304 0.32168 0.31709 -0.03786 -0.03216 -0.44993 -0.43628 0.67415 0.68291 
 0.38404 0.30511 0.30079 -0.03861 -0.03224 -0.44307 -0.42886 0.69041 0.69921 
 0.38504 0.28890 0.28478 -0.03960 -0.03233 -0.43568 -0.42081 0.70658 0.71522 
 0.38604 0.27191 0.26909 -0.04041 -0.03241 -0.42751 -0.41217 0.72268 0.73091 
 0.38704 0.25508 0.25373 -0.04136 -0.03250 -0.41898 -0.40293 0.73796 0.74627 
 0.38804 0.23976 0.23874 -0.04135 -0.03258 -0.40964 -0.39311 0.75322 0.76126 
 0.38904 0.22531 0.22412 -0.04070 -0.03266 -0.39950 -0.38273 0.76845 0.77588 
 0.39004 0.21106 0.20991 -0.04021 -0.03275 -0.38912 -0.37180 0.78322 0.79009 
 0.39104 0.19730 0.19611 -0.03972 -0.03283 -0.37885 -0.36033 0.79822 0.80389 
 0.39204 0.18334 0.18276 -0.03909 -0.03292 -0.36772 -0.34835 0.81297 0.81724 
 0.39304 0.16996 0.16987 -0.03784 -0.03300 -0.35556 -0.33587 0.82690 0.83013 
 0.39404 0.15564 0.15746 -0.03669 -0.03309 -0.34266 -0.32291 0.83980 0.84254 
 0.39504 0.14162 0.14555 -0.03636 -0.03317 -0.32994 -0.30948 0.85189 0.85445 
 0.39604 0.12926 0.13415 -0.03701 -0.03326 -0.31723 -0.29562 0.86342 0.86585 
 0.39704 0.11781 0.12328 -0.03784 -0.03334 -0.30368 -0.28133 0.87451 0.87672 
 0.39804 0.10716 0.11296 -0.03859 -0.03343 -0.28918 -0.26664 0.88575 0.88704 
 0.39904 0.09667 0.10320 -0.03856 -0.03351 -0.27420 -0.25156 0.89656 0.89680 
 0.40004 0.08675 0.09401 -0.03785 -0.03359 -0.25877 -0.23613 0.90668 0.90599 
 0.40104 0.07766 0.08541 -0.03706 -0.03368 -0.24297 -0.22036 0.91636 0.91459 
 0.40204 0.06896 0.07741 -0.03668 -0.03376 -0.22707 -0.20428 0.92522 0.92259 
 0.40304 0.06002 0.07002 -0.03620 -0.03385 -0.21125 -0.18791 0.93336 0.92998 
 0.40404 0.05163 0.06325 -0.03627 -0.03393 -0.19490 -0.17127 0.94069 0.93675 
 0.40504 0.04414 0.05712 -0.03560 -0.03402 -0.17851 -0.15439 0.94730 0.94288 
 0.40604 0.03765 0.05162 -0.03488 -0.03410 -0.16175 -0.13729 0.95328 0.94838 
 0.40704 0.03187 0.04678 -0.03427 -0.03419 -0.14417 -0.11999 0.95902 0.95322 
 0.40804 0.02650 0.04259 -0.03382 -0.03427 -0.12630 -0.10253 0.96432 0.95741 
 0.40904 0.02219 0.03905 -0.03335 -0.03436 -0.10837 -0.08492 0.96871 0.96095 
 0.41004 0.01922 0.03619 -0.03319 -0.03444 -0.09071 -0.06720 0.97232 0.96381 
 0.41104 0.01735 0.03399 -0.03351 -0.03453 -0.07301 -0.04938 0.97533 0.96601 
 0.41204 0.01490 0.03247 -0.03367 -0.03461 -0.05523 -0.03150 0.97813 0.96753 
 0.41304 0.01211 0.03162 -0.03305 -0.03469 -0.03698 -0.01357 0.98061 0.96838 
 0.41404 0.00991 0.03145 -0.03239 -0.03478 -0.01916 0.00437 0.98196 0.96855 
 0.41504 0.00931 0.03195 -0.03221 -0.03486 -0.00118 0.02230 0.98190 0.96805 
 0.41604 0.00992 0.03313 -0.03217 -0.03495 0.01711 0.04019 0.98150 0.96688 
 0.41704 0.01162 0.03498 -0.03176 -0.03503 0.03512 0.05802 0.98121 0.96502 
 0.41804 0.01355 0.03750 -0.03082 -0.03512 0.05312 0.07576 0.98021 0.96250 
 0.41904 0.01591 0.04068 -0.03046 -0.03520 0.07143 0.09339 0.97798 0.95932 
 0.42004 0.01901 0.04453 -0.02917 -0.03528 0.09016 0.11088 0.97495 0.95547 
 0.42104 0.02316 0.04903 -0.02855 -0.03537 0.10940 0.12820 0.97055 0.95096 
 0.42204 0.02779 0.05419 -0.02848 -0.03545 0.12745 0.14534 0.96520 0.94581 
 0.42304 0.03288 0.05998 -0.02851 -0.03554 0.14506 0.16226 0.95933 0.94002 
 0.42404 0.03828 0.06641 -0.02885 -0.03562 0.16151 0.17895 0.95367 0.93359 
 0.42504 0.04476 0.07346 -0.02857 -0.03570 0.17826 0.19537 0.94723 0.92654 
 0.42604 0.05185 0.08113 -0.02836 -0.03579 0.19476 0.21150 0.94050 0.91887 
 0.42704 0.05922 0.08939 -0.02788 -0.03587 0.21099 0.22733 0.93326 0.91060 
 0.42804 0.06669 0.09825 -0.02774 -0.03596 0.22736 0.24283 0.92482 0.90175 
 0.42904 0.07521 0.10769 -0.02783 -0.03604 0.24320 0.25797 0.91686 0.89231 
 0.43004 0.08420 0.11768 -0.02805 -0.03612 0.25742 0.27274 0.90789 0.88232 
 0.43104 0.09336 0.12823 -0.02776 -0.03621 0.27244 0.28711 0.89731 0.87177 
 0.43204 0.10414 0.13931 -0.02720 -0.03629 0.28660 0.30106 0.88691 0.86069 
 0.43304 0.11606 0.15091 -0.02700 -0.03637 0.30020 0.31457 0.87607 0.84909 
 0.43404 0.12850 0.16301 -0.02710 -0.03646 0.31405 0.32763 0.86352 0.83699 
 0.43504 0.14134 0.17559 -0.02659 -0.03654 0.32803 0.34021 0.85023 0.82441 
 0.43604 0.15403 0.18863 -0.02612 -0.03663 0.34111 0.35230 0.83691 0.81137 
 0.43704 0.16708 0.20213 -0.02552 -0.03671 0.35365 0.36388 0.82340 0.79787 
 0.43804 0.18050 0.21604 -0.02590 -0.03679 0.36600 0.37493 0.80903 0.78395 
 0.43904 0.19369 0.23037 -0.02662 -0.03687 0.37752 0.38544 0.79409 0.76963 
 0.44004 0.20710 0.24508 -0.02644 -0.03696 0.38791 0.39538 0.77924 0.75492 
 0.44104 0.22164 0.26015 -0.02631 -0.03704 0.39789 0.40476 0.76406 0.73985 
 0.44204 0.23653 0.27557 -0.02666 -0.03712 0.40754 0.41355 0.74901 0.72443 
 0.44304 0.25159 0.29130 -0.02676 -0.03721 0.41650 0.42174 0.73447 0.70870 
 0.44404 0.26714 0.30734 -0.02644 -0.03729 0.42491 0.42932 0.71977 0.69266 
 0.44504 0.28312 0.32364 -0.02571 -0.03737 0.43333 0.43628 0.70432 0.67636 
 0.44604 0.29885 0.34020 -0.02501 -0.03746 0.44094 0.44261 0.68845 0.65980 
 0.44704 0.31491 0.35698 -0.02522 -0.03754 0.44790 0.44830 0.67190 0.64302 
 0.44804 0.33258 0.37397 -0.02538 -0.03762 0.45422 0.45334 0.65441 0.62603 
 0.44904 0.35068 0.39114 -0.02573 -0.03770 0.46024 0.45773 0.63727 0.60886 
 0.45005 0.36860 0.40845 -0.02620 -0.03779 0.46487 0.46146 0.62014 0.59155 
 0.45105 0.38623 0.42590 -0.02660 -0.03787 0.46845 0.46452 0.60319 0.57410 
 0.45205 0.40416 0.44344 -0.02657 -0.03795 0.47167 0.46691 0.58524 0.55656 
 0.45305 0.42248 0.46107 -0.02675 -0.03803 0.47440 0.46863 0.56689 0.53893 
 0.45405 0.44075 0.47874 -0.02682 -0.03812 0.47682 0.46966 0.54849 0.52126 
 0.45505 0.45849 0.49645 -0.02747 -0.03820 0.47871 0.47003 0.52924 0.50355 
 0.45605 0.47608 0.51415 -0.02791 -0.03828 0.47965 0.46971 0.51115 0.48585 
 0.45705 0.49380 0.53183 -0.02868 -0.03836 0.47963 0.46872 0.49381 0.46817 
 0.45805 0.51189 0.54946 -0.02954 -0.03844 0.47868 0.46705 0.47611 0.45054 
 0.45905 0.52966 0.56701 -0.03039 -0.03853 0.47708 0.46471 0.45816 0.43299 
 0.46005 0.54776 0.58446 -0.03105 -0.03861 0.47527 0.46170 0.44006 0.41554 
 0.46105 0.56628 0.60179 -0.03130 -0.03869 0.47316 0.45803 0.42152 0.39821 
 0.46205 0.58378 0.61896 -0.03109 -0.03877 0.46954 0.45369 0.40294 0.38104 
 0.46305 0.60037 0.63597 -0.03088 -0.03885 0.46485 0.44870 0.38485 0.36403 
 0.46405 0.61721 0.65277 -0.03023 -0.03894 0.46024 0.44307 0.36740 0.34724 
 0.46505 0.63465 0.66934 -0.02975 -0.03902 0.45541 0.43680 0.35065 0.33066 
 0.46605 0.65190 0.68567 -0.02936 -0.03910 0.45015 0.42990 0.33382 0.31433 
 0.46705 0.66906 0.70172 -0.02961 -0.03918 0.44359 0.42238 0.31746 0.29828 
 0.46805 0.68568 0.71749 -0.03021 -0.03926 0.43643 0.41426 0.30123 0.28251 
 0.46905 0.70236 0.73293 -0.03130 -0.03934 0.42857 0.40554 0.28571 0.26707 
 0.47005 0.71838 0.74803 -0.03214 -0.03943 0.42037 0.39624 0.27018 0.25197 
 0.47105 0.73339 0.76278 -0.03337 -0.03951 0.41169 0.38636 0.25435 0.23722 
 0.47205 0.74838 0.77714 -0.03412 -0.03959 0.40164 0.37594 0.23869 0.22286 
 0.47305 0.76357 0.79110 -0.03473 -0.03967 0.39058 0.36497 0.22395 0.20890 
 0.47405 0.77787 0.80463 -0.03488 -0.03975 0.37910 0.35348 0.20937 0.19537 
 0.47505 0.79127 0.81772 -0.03513 -0.03983 0.36745 0.34149 0.19571 0.18228 
 0.47605 0.80545 0.83035 -0.03489 -0.03992 0.35575 0.32900 0.18225 0.16965 
 0.47705 0.81934 0.84251 -0.03420 -0.04000 0.34392 0.31605 0.16858 0.15749 
 0.47805 0.83158 0.85416 -0.03375 -0.04008 0.33072 0.30264 0.15549 0.14584 
 0.47905 0.84340 0.86530 -0.03328 -0.04016 0.31699 0.28880 0.14355 0.13470 
 0.48005 0.85516 0.87592 -0.03324 -0.04024 0.30352 0.27454 0.13170 0.12408 
 0.48105 0.86657 0.88598 -0.03354 -0.04032 0.28977 0.25989 0.11982 0.11402 
 0.48205 0.87732 0.89549 -0.03470 -0.04040 0.27503 0.24487 0.10905 0.10451 
 0.48305 0.88731 0.90443 -0.03623 -0.04048 0.25945 0.22951 0.09981 0.09557 
 0.48405 0.89628 0.91278 -0.03709 -0.04056 0.24353 0.21381 0.09094 0.08722 
 0.48505 0.90508 0.92054 -0.03786 -0.04065 0.22803 0.19781 0.08246 0.07946 
 0.48605 0.91319 0.92768 -0.03891 -0.04073 0.21177 0.18153 0.07453 0.07232 
 0.48705 0.92100 0.93421 -0.04050 -0.04081 0.19521 0.16499 0.06714 0.06579 
 0.48805 0.92886 0.94011 -0.04111 -0.04089 0.17899 0.14822 0.05939 0.05989 
 0.48905 0.93567 0.94537 -0.04108 -0.04097 0.16246 0.13124 0.05186 0.05462 
 0.49005 0.94133 0.95000 -0.04067 -0.04105 0.14537 0.11407 0.04580 0.05000 
 0.49105 0.94621 0.95397 -0.04051 -0.04113 0.12754 0.09674 0.04140 0.04603 
 0.49205 0.95059 0.95728 -0.04041 -0.04121 0.10979 0.07928 0.03703 0.04272 
 0.49305 0.95477 0.95994 -0.04106 -0.04129 0.09222 0.06171 0.03267 0.04006 
 0.49405 0.95775 0.96193 -0.04133 -0.04138 0.07414 0.04405 0.02942 0.03807 
 0.49505 0.95935 0.96326 -0.04144 -0.04146 0.05592 0.02633 0.02664 0.03674 
 0.49605 0.96042 0.96392 -0.04111 -0.04154 0.03832 0.00858 0.02463 0.03608 
 0.49705 0.96103 0.96391 -0.04101 -0.04162 0.02026 -0.00917 0.02456 0.03610 
 0.49805 0.96182 0.96322 -0.04158 -0.04170 0.00190 -0.02692 0.02436 0.03677 
 0.49905 0.96154 0.96188 -0.04268 -0.04178 -0.01616 -0.04461 0.02438 0.03812 
 0.50005 0.96065 0.95986 -0.04324 -0.04186 -0.03404 -0.06224 0.02616 0.04014 
 0.50105 0.95969 0.95719 -0.04290 -0.04194 -0.05124 -0.07978 0.02827 0.04281 
 0.50205 0.95716 0.95386 -0.04456 -0.04202 -0.06949 -0.09719 0.02974 0.04614 
 0.50305 0.95397 0.94987 -0.04601 -0.04210 -0.08703 -0.11446 0.03165 0.05013 
 0.50405 0.95004 0.94523 -0.04749 -0.04218 -0.10464 -0.13156 0.03404 0.05477 
 0.50505 0.94577 0.93996 -0.04801 -0.04226 -0.12202 -0.14847 0.03896 0.06004 
 0.50605 0.94126 0.93405 -0.04841 -0.04235 -0.13900 -0.16516 0.04498 0.06595 
 0.50705 0.93619 0.92752 -0.04936 -0.04243 -0.15598 -0.18161 0.05119 0.07248 
 0.50805 0.93153 0.92037 -0.04998 -0.04251 -0.17271 -0.19779 0.05806 0.07963 
 0.50905 0.92600 0.91262 -0.05025 -0.04259 -0.18990 -0.21369 0.06585 0.08738 
 0.51005 0.91995 0.90427 -0.05094 -0.04267 -0.20593 -0.22927 0.07375 0.09573 
 0.51105 0.91137 0.89535 -0.05118 -0.04275 -0.22266 -0.24451 0.08277 0.10465 
 0.51205 0.90347 0.88585 -0.05112 -0.04283 -0.23917 -0.25940 0.09158 0.11415 
 0.51305 0.89394 0.87581 -0.05120 -0.04291 -0.25615 -0.27392 0.10060 0.12419 
 0.51405 0.88402 0.86522 -0.05174 -0.04299 -0.27171 -0.28803 0.10948 0.13478 
 0.51505 0.87222 0.85411 -0.05189 -0.04307 -0.28647 -0.30173 0.11907 0.14589 
 0.51605 0.86045 0.84249 -0.05140 -0.04315 -0.30030 -0.31498 0.12929 0.15751 
 0.51705 0.84801 0.83038 -0.05116 -0.04323 -0.31519 -0.32778 0.14101 0.16962 
 0.51805 0.83585 0.81780 -0.05143 -0.04332 -0.32798 -0.34011 0.15220 0.18220 
 0.51905 0.82311 0.80476 -0.05259 -0.04340 -0.34088 -0.35194 0.16470 0.19524 
 0.52005 0.81057 0.79129 -0.05380 -0.04348 -0.35332 -0.36326 0.17791 0.20871 
 0.52105 0.79704 0.77740 -0.05373 -0.04356 -0.36522 -0.37405 0.19174 0.22260 
 0.52205 0.78301 0.76311 -0.05435 -0.04364 -0.37638 -0.38430 0.20496 0.23689 
 0.52305 0.76786 0.74845 -0.05486 -0.04372 -0.38761 -0.39400 0.21878 0.25155 
 0.52405 0.75186 0.73343 -0.05582 -0.04380 -0.39892 -0.40312 0.23270 0.26656 
 0.52505 0.73581 0.71808 -0.05631 -0.04388 -0.41022 -0.41167 0.24762 0.28192 
 0.52605 0.72004 0.70242 -0.05620 -0.04396 -0.41994 -0.41961 0.26307 0.29757 
 0.52705 0.70392 0.68648 -0.05534 -0.04404 -0.42915 -0.42695 0.28040 0.31352 
 0.52805 0.68790 0.67026 -0.05543 -0.04412 -0.43725 -0.43367 0.29703 0.32974 
 0.52905 0.67115 0.65381 -0.05612 -0.04420 -0.44473 -0.43977 0.31371 0.34619 
 0.53005 0.65454 0.63714 -0.05745 -0.04428 -0.45073 -0.44523 0.33074 0.36286 
 0.53105 0.63783 0.62027 -0.05820 -0.04437 -0.45658 -0.45004 0.34916 0.37973 
 0.53205 0.62123 0.60324 -0.05896 -0.04445 -0.46183 -0.45421 0.36773 0.39676 
 0.53305 0.60330 0.58606 -0.05906 -0.04453 -0.46663 -0.45772 0.38473 0.41394 
 0.53405 0.58562 0.56876 -0.05944 -0.04461 -0.47066 -0.46057 0.40142 0.43124 
 0.53505 0.56761 0.55136 -0.05982 -0.04469 -0.47390 -0.46275 0.41883 0.44864 
 0.53605 0.55042 0.53390 -0.06008 -0.04477 -0.47673 -0.46427 0.43558 0.46610 
 0.53705 0.53254 0.51639 -0.05991 -0.04485 -0.47888 -0.46512 0.45331 0.48361 
 0.53805 0.51433 0.49886 -0.05983 -0.04493 -0.48065 -0.46530 0.47129 0.50114 
 0.53905 0.49563 0.48134 -0.05898 -0.04501 -0.48203 -0.46480 0.48975 0.51866 
 0.54005 0.47781 0.46385 -0.05847 -0.04509 -0.48303 -0.46364 0.50809 0.53615 
 0.54105 0.45913 0.44642 -0.05792 -0.04517 -0.48308 -0.46181 0.52697 0.55358 
 0.54205 0.44113 0.42906 -0.05819 -0.04525 -0.48233 -0.45931 0.54522 0.57094 
 0.54305 0.42336 0.41182 -0.05848 -0.04533 -0.48073 -0.45615 0.56272 0.58818 
 0.54405 0.40640 0.39470 -0.05806 -0.04542 -0.47818 -0.45233 0.58008 0.60530 
 0.54505 0.38911 0.37774 -0.05752 -0.04550 -0.47503 -0.44787 0.59833 0.62226 
 0.54605 0.37149 0.36096 -0.05721 -0.04558 -0.47127 -0.44275 0.61679 0.63904 
 0.54705 0.35316 0.34439 -0.05668 -0.04566 -0.46691 -0.43700 0.63501 0.65561 
 0.54805 0.33552 0.32805 -0.05607 -0.04574 -0.46185 -0.43063 0.65287 0.67195 
 0.54905 0.31830 0.31195 -0.05566 -0.04582 -0.45564 -0.42363 0.67071 0.68805 
 0.55006 0.30176 0.29613 -0.05591 -0.04590 -0.44919 -0.41602 0.68738 0.70386 
 0.55106 0.28529 0.28062 -0.05703 -0.04598 -0.44199 -0.40782 0.70380 0.71939 
 0.55206 0.26862 0.26542 -0.05789 -0.04606 -0.43410 -0.39903 0.72002 0.73459 
 0.55306 0.25102 0.25056 -0.05866 -0.04614 -0.42544 -0.38967 0.73565 0.74944 
 0.55406 0.23527 0.23606 -0.05918 -0.04622 -0.41656 -0.37975 0.75093 0.76394 
 0.55506 0.22044 0.22195 -0.05867 -0.04630 -0.40635 -0.36928 0.76657 0.77805 
 0.55606 0.20614 0.20825 -0.05840 -0.04638 -0.39601 -0.35828 0.78180 0.79175 
 0.55706 0.19206 0.19496 -0.05773 -0.04646 -0.38563 -0.34677 0.79691 0.80504 
 0.55806 0.17824 0.18212 -0.05716 -0.04655 -0.37469 -0.33476 0.81182 0.81788 
 0.55906 0.16451 0.16975 -0.05613 -0.04663 -0.36245 -0.32227 0.82615 0.83025 
 0.56006 0.15052 0.15785 -0.05471 -0.04671 -0.34933 -0.30933 0.83944 0.84215 
 0.56106 0.13586 0.14644 -0.05412 -0.04679 -0.33664 -0.29593 0.85174 0.85356 
 0.56206 0.12323 0.13556 -0.05442 -0.04687 -0.32367 -0.28212 0.86373 0.86445 
 0.56306 0.11120 0.12519 -0.05530 -0.04695 -0.31053 -0.26790 0.87479 0.87481 
 0.56406 0.10023 0.11537 -0.05633 -0.04703 -0.29630 -0.25330 0.88613 0.88463 
 0.56506 0.08951 0.10611 -0.05655 -0.04711 -0.28139 -0.23833 0.89732 0.89389 
 0.56606 0.07989 0.09742 -0.05589 -0.04719 -0.26604 -0.22303 0.90820 0.90258 
 0.56706 0.07044 0.08931 -0.05511 -0.04727 -0.24994 -0.20741 0.91819 0.91069 
 0.56806 0.06186 0.08180 -0.05467 -0.04735 -0.23371 -0.19149 0.92719 0.91820 
 0.56906 0.05249 0.07489 -0.05391 -0.04743 -0.21768 -0.17530 0.93550 0.92511 
 0.57006 0.04407 0.06859 -0.05405 -0.04751 -0.20131 -0.15887 0.94319 0.93141 
 0.57106 0.03611 0.06292 -0.05367 -0.04759 -0.18471 -0.14221 0.94993 0.93708 
 0.57206 0.02928 0.05788 -0.05287 -0.04767 -0.16797 -0.12534 0.95630 0.94212 
 0.57306 0.02322 0.05348 -0.05234 -0.04775 -0.15027 -0.10830 0.96208 0.94652 
 0.57406 0.01799 0.04972 -0.05186 -0.04783 -0.13225 -0.09111 0.96764 0.95028 
 0.57506 0.01337 0.04661 -0.05144 -0.04791 -0.11405 -0.07379 0.97249 0.95339 
 0.57606 0.00983 0.04416 -0.05097 -0.04799 -0.09581 -0.05637 0.97638 0.95584 
 0.57706 0.00763 0.04237 -0.05133 -0.04807 -0.07807 -0.03887 0.97936 0.95763 
 0.57806 0.00554 0.04123 -0.05191 -0.04816 -0.06031 -0.02133 0.98231 0.95877 
 0.57906 0.00276 0.04076 -0.05148 -0.04824 -0.04182 -0.00375 0.98487 0.95924 
 0.58006 0.00048 0.04095 -0.05067 -0.04832 -0.02344 0.01383 0.98654 0.95905 
 0.58106 -0.00091 0.04180 -0.04986 -0.04840 -0.00572 0.03138 0.98719 0.95820 
 0.58206 -0.00053 0.04332 -0.04938 -0.04848 0.01246 0.04888 0.98702 0.95669 
 0.58306 0.00062 0.04549 -0.04911 -0.04856 0.03066 0.06631 0.98673 0.95451 
 0.58406 0.00223 0.04831 -0.04828 -0.04864 0.04903 0.08364 0.98554 0.95169 
 0.58506 0.00400 0.05179 -0.04765 -0.04872 0.06737 0.10085 0.98343 0.94821 
 0.58606 0.00728 0.05591 -0.04739 -0.04880 0.08630 0.11790 0.98034 0.94409 
 0.58706 0.01134 0.06067 -0.04684 -0.04888 0.10567 0.13478 0.97649 0.93933 
 0.58806 0.01599 0.06606 -0.04684 -0.04896 0.12434 0.15146 0.97141 0.93394 
 0.58906 0.02103 0.07208 -0.04673 -0.04904 0.14202 0.16792 0.96533 0.92792 
 0.59006 0.02623 0.07871 -0.04738 -0.04912 0.15876 0.18413 0.95962 0.92129 
 0.59106 0.03220 0.08595 -0.04747 -0.04920 0.17542 0.20008 0.95326 0.91405 
 0.59206 0.03917 0.09378 -0.04774 -0.04928 0.19211 0.21573 0.94656 0.90622 
 0.59306 0.04650 0.10220 -0.04768 -0.04936 0.20850 0.23106 0.93961 0.89780 
 0.59406 0.05378 0.11119 -0.04733 -0.04944 0.22486 0.24606 0.93134 0.88881 
 0.59506 0.06208 0.12073 -0.04743 -0.04952 0.24124 0.26070 0.92319 0.87927 
 0.59606 0.07110 0.13082 -0.04726 -0.04960 0.25564 0.27497 0.91448 0.86918 
 0.59706 0.08054 0.14144 -0.04702 -0.04968 0.27054 0.28883 0.90422 0.85855 
 0.59806 0.09141 0.15258 -0.04635 -0.04976 0.28464 0.30227 0.89402 0.84742 
 0.59906 0.10298 0.16421 -0.04590 -0.04984 0.29854 0.31527 0.88352 0.83579 
 0.60006 0.11538 0.17633 -0.04638 -0.04992 0.31213 0.32782 0.87122 0.82367 
 0.60106 0.12826 0.18891 -0.04624 -0.05000 0.32618 0.33989 0.85798 0.81109 
 0.60206 0.14110 0.20193 -0.04626 -0.05008 0.33944 0.35146 0.84452 0.79807 
 0.60306 0.15408 0.21538 -0.04563 -0.05016 0.35227 0.36253 0.83106 0.78462 
 0.60406 0.16780 0.22924 -0.04610 -0.05023 0.36529 0.37307 0.81685 0.77076 
 0.60506 0.18132 0.24349 -0.04651 -0.05031 0.37742 0.38307 0.80195 0.75651 
 0.60606 0.19513 0.25810 -0.04589 -0.05039 0.38846 0.39252 0.78684 0.74190 
 0.60706 0.20948 0.27305 -0.04598 -0.05047 0.39858 0.40140 0.77158 0.72695 
 0.60806 0.22448 0.28833 -0.04653 -0.05055 0.40814 0.40969 0.75640 0.71167 
 0.60906 0.23936 0.30391 -0.04692 -0.05063 0.41720 0.41740 0.74169 0.69609 
 0.61006 0.25484 0.31977 -0.04681 -0.05071 0.42557 0.42450 0.72707 0.68022 
 0.61106 0.27028 0.33589 -0.04574 -0.05079 0.43422 0.43098 0.71138 0.66411 
 0.61206 0.28561 0.35224 -0.04419 -0.05087 0.44209 0.43685 0.69564 0.64776 
 0.61306 0.30145 0.36880 -0.04417 -0.05095 0.44933 0.44208 0.67904 0.63120 
 0.61406 0.31897 0.38554 -0.04444 -0.05103 0.45587 0.44667 0.66156 0.61446 
 0.61506 0.33704 0.40244 -0.04468 -0.05111 0.46193 0.45062 0.64404 0.59755 
 0.61606 0.35489 0.41948 -0.04522 -0.05119 0.46680 0.45392 0.62679 0.58052 
 0.61706 0.37232 0.43664 -0.04559 -0.05127 0.47055 0.45656 0.60976 0.56336 
 0.61806 0.39006 0.45388 -0.04555 -0.05135 0.47364 0.45855 0.59185 0.54612 
 0.61906 0.40844 0.47118 -0.04564 -0.05143 0.47657 0.45987 0.57337 0.52882 
 0.62006 0.42707 0.48852 -0.04550 -0.05151 0.47913 0.46053 0.55512 0.51148 
 0.62106 0.44531 0.50587 -0.04612 -0.05159 0.48113 0.46053 0.53617 0.49413 
 0.62206 0.46297 0.52321 -0.04644 -0.05167 0.48202 0.45986 0.51756 0.47679 
 0.62306 0.48058 0.54051 -0.04696 -0.05174 0.48213 0.45853 0.49977 0.45949 
 0.62406 0.49872 0.55775 -0.04738 -0.05182 0.48150 0.45653 0.48213 0.44225 
 0.62506 0.51650 0.57490 -0.04834 -0.05190 0.47994 0.45388 0.46412 0.42510 
 0.62606 0.53455 0.59194 -0.04879 -0.05198 0.47819 0.45058 0.44578 0.40806 
 0.62706 0.55343 0.60884 -0.04898 -0.05206 0.47644 0.44663 0.42695 0.39116 
 0.62806 0.57150 0.62558 -0.04855 -0.05214 0.47333 0.44203 0.40840 0.37442 
 0.62906 0.58848 0.64214 -0.04850 -0.05222 0.46887 0.43680 0.38987 0.35786 
 0.63006 0.60519 0.65849 -0.04796 -0.05230 0.46424 0.43094 0.37228 0.34151 
 0.63106 0.62259 0.67460 -0.04729 -0.05238 0.45930 0.42446 0.35516 0.32540 
 0.63206 0.63984 0.69046 -0.04670 -0.05246 0.45443 0.41737 0.33816 0.30954 
 0.63306 0.65725 0.70604 -0.04668 -0.05254 0.44812 0.40968 0.32154 0.29396 
 0.63406 0.67380 0.72132 -0.04723 -0.05261 0.44098 0.40140 0.30508 0.27868 
 0.63506 0.69068 0.73628 -0.04824 -0.05269 0.43331 0.39254 0.28918 0.26372 
 0.63606 0.70719 0.75089 -0.04886 -0.05277 0.42522 0.38312 0.27380 0.24911 
 0.63706 0.72252 0.76514 -0.04999 -0.05285 0.41660 0.37315 0.25800 0.23486 
 0.63806 0.73740 0.77900 -0.05069 -0.05293 0.40717 0.36265 0.24205 0.22100 
 0.63906 0.75250 0.79245 -0.05146 -0.05301 0.39620 0.35162 0.22707 0.20755 
 0.64006 0.76738 0.80548 -0.05183 -0.05309 0.38466 0.34009 0.21212 0.19452 
 0.64106 0.78087 0.81807 -0.05201 -0.05317 0.37301 0.32807 0.19811 0.18193 
 0.64206 0.79465 0.83020 -0.05188 -0.05325 0.36118 0.31559 0.18468 0.16980 
 0.64306 0.80900 0.84184 -0.05112 -0.05332 0.34951 0.30265 0.17079 0.15816 
 0.64406 0.82192 0.85299 -0.05035 -0.05340 0.33674 0.28927 0.15741 0.14700 
 0.64506 0.83389 0.86364 -0.04977 -0.05348 0.32303 0.27549 0.14499 0.13636 
 0.64606 0.84580 0.87375 -0.04957 -0.05356 0.30936 0.26131 0.13294 0.12625 
 0.64706 0.85754 0.88332 -0.04980 -0.05364 0.29553 0.24675 0.12092 0.11668 
 0.64806 0.86854 0.89233 -0.05034 -0.05372 0.28125 0.23185 0.10942 0.10766 
 0.64906 0.87886 0.90078 -0.05149 -0.05380 0.26606 0.21661 0.09970 0.09922 
 0.65007 0.88809 0.90865 -0.05228 -0.05387 0.25035 0.20107 0.09058 0.09135 
 0.65107 0.89722 0.91593 -0.05272 -0.05395 0.23499 0.18524 0.08182 0.08407 
 0.65207 0.90540 0.92261 -0.05334 -0.05403 0.21894 0.16914 0.07379 0.07739 
 0.65307 0.91322 0.92867 -0.05461 -0.05411 0.20263 0.15281 0.06619 0.07133 
 0.65407 0.92112 0.93412 -0.05583 -0.05419 0.18622 0.13626 0.05829 0.06588 
 0.65507 0.92837 0.93893 -0.05564 -0.05427 0.16975 0.11952 0.05027 0.06107 
 0.65607 0.93414 0.94312 -0.05506 -0.05435 0.15285 0.10261 0.04390 0.05688 
 0.65707 0.93948 0.94666 -0.05456 -0.05442 0.13521 0.08555 0.03911 0.05334 
 0.65807 0.94383 0.94956 -0.05405 -0.05450 0.11737 0.06838 0.03486 0.05044 
 0.65907 0.94825 0.95181 -0.05440 -0.05458 0.09992 0.05111 0.03010 0.04819 
 0.66007 0.95155 0.95341 -0.05485 -0.05466 0.08180 0.03377 0.02661 0.04659 
 0.66107 0.95351 0.95436 -0.05509 -0.05474 0.06362 0.01639 0.02366 0.04564 
 0.66207 0.95449 0.95465 -0.05496 -0.05482 0.04566 -0.00101 0.02126 0.04535 
 0.66307 0.95537 0.95428 -0.05450 -0.05490 0.02785 -0.01841 0.02067 0.04572 
 0.66407 0.95655 0.95326 -0.05443 -0.05497 0.00949 -0.03577 0.02069 0.04674 
 0.66507 0.95682 0.95159 -0.05503 -0.05505 -0.00882 -0.05308 0.02061 0.04841 
 0.66607 0.95607 0.94926 -0.05562 -0.05513 -0.02669 -0.07031 0.02212 0.05074 
 0.66707 0.95511 0.94629 -0.05539 -0.05521 -0.04372 -0.08743 0.02434 0.05371 
 0.66807 0.95290 0.94268 -0.05717 -0.05529 -0.06240 -0.10443 0.02641 0.05732 
 0.66907 0.95035 0.93842 -0.05891 -0.05537 -0.08010 -0.12126 0.02782 0.06158 
 0.67007 0.94671 0.93354 -0.06048 -0.05544 -0.09810 -0.13792 0.03036 0.06646 
 0.67107 0.94238 0.92804 -0.06206 -0.05552 -0.11599 -0.15438 0.03388 0.07196 
 0.67207 0.93797 0.92191 -0.06278 -0.05560 -0.13351 -0.17061 0.03941 0.07809 
 0.67307 0.93281 0.91518 -0.06353 -0.05568 -0.15030 -0.18659 0.04546 0.08482 
 0.67407 0.92771 0.90786 -0.06443 -0.05576 -0.16712 -0.20230 0.05170 0.09214 
 0.67507 0.92276 0.89995 -0.06504 -0.05584 -0.18431 -0.21771 0.05899 0.10005 
 0.67607 0.91681 0.89146 -0.06572 -0.05591 -0.20054 -0.23280 0.06658 0.10854 
 0.67707 0.90918 0.88241 -0.06628 -0.05599 -0.21716 -0.24755 0.07528 0.11759 
 0.67807 0.90118 0.87281 -0.06654 -0.05607 -0.23374 -0.26195 0.08387 0.12719 
 0.67907 0.89182 0.86268 -0.06641 -0.05615 -0.25082 -0.27596 0.09289 0.13732 
 0.68007 0.88247 0.85202 -0.06673 -0.05623 -0.26696 -0.28957 0.10181 0.14798 
 0.68107 0.87095 0.84086 -0.06730 -0.05630 -0.28236 -0.30276 0.11092 0.15913 
 0.68207 0.85927 0.82922 -0.06754 -0.05638 -0.29665 -0.31551 0.12060 0.17078 
 0.68307 0.84696 0.81710 -0.06702 -0.05646 -0.31151 -0.32780 0.13204 0.18290 
 0.68407 0.83458 0.80453 -0.06735 -0.05654 -0.32498 -0.33962 0.14332 0.19548 
 0.68507 0.82209 0.79151 -0.06846 -0.05662 -0.33786 -0.35094 0.15510 0.20849 
 0.68607 0.80973 0.77809 -0.06988 -0.05670 -0.35070 -0.36176 0.16828 0.22191 
 0.68707 0.79608 0.76426 -0.07030 -0.05677 -0.36294 -0.37205 0.18174 0.23574 
 0.68807 0.78268 0.75006 -0.07104 -0.05685 -0.37430 -0.38180 0.19519 0.24994 
 0.68907 0.76774 0.73550 -0.07152 -0.05693 -0.38553 -0.39100 0.20877 0.26450 
 0.69007 0.75162 0.72061 -0.07249 -0.05701 -0.39655 -0.39964 0.22291 0.27939 
 0.69107 0.73539 0.70540 -0.07329 -0.05709 -0.40819 -0.40769 0.23763 0.29460 
 0.69207 0.71999 0.68990 -0.07329 -0.05716 -0.41821 -0.41516 0.25311 0.31010 
 0.69307 0.70390 0.67413 -0.07240 -0.05724 -0.42746 -0.42202 0.27000 0.32587 
 0.69407 0.68790 0.65811 -0.07252 -0.05732 -0.43612 -0.42828 0.28680 0.34189 
 0.69507 0.67129 0.64187 -0.07322 -0.05740 -0.44432 -0.43391 0.30352 0.35813 
 0.69607 0.65446 0.62542 -0.07474 -0.05748 -0.45095 -0.43892 0.32035 0.37458 
 0.69707 0.63775 0.60880 -0.07573 -0.05755 -0.45731 -0.44330 0.33878 0.39120 
 0.69807 0.62133 0.59203 -0.07674 -0.05763 -0.46303 -0.44703 0.35739 0.40797 
 0.69907 0.60368 0.57513 -0.07718 -0.05771 -0.46822 -0.45012 0.37493 0.42487 
 0.70007 0.58588 0.55812 -0.07752 -0.05779 -0.47236 -0.45256 0.39142 0.44188 
 0.70107 0.56755 0.54104 -0.07796 -0.05787 -0.47578 -0.45435 0.40869 0.45896 
 0.70207 0.55004 0.52390 -0.07871 -0.05794 -0.47870 -0.45548 0.42550 0.47610 
 0.70307 0.53209 0.50673 -0.07848 -0.05802 -0.48102 -0.45595 0.44332 0.49327 
 0.70407 0.51425 0.48955 -0.07891 -0.05810 -0.48254 -0.45577 0.46079 0.51045 
 0.70507 0.49582 0.47240 -0.07895 -0.05818 -0.48368 -0.45493 0.47909 0.52760 
 0.70607 0.47789 0.45528 -0.07893 -0.05825 -0.48464 -0.45344 0.49729 0.54472 
 0.70707 0.45907 0.43824 -0.07831 -0.05833 -0.48514 -0.45129 0.51611 0.56176 
 0.70807 0.44062 0.42129 -0.07809 -0.05841 -0.48473 -0.44849 0.53554 0.57871 
 0.70907 0.42266 0.40446 -0.07842 -0.05849 -0.48344 -0.44504 0.55343 0.59554 
 0.71007 0.40545 0.38776 -0.07850 -0.05857 -0.48116 -0.44096 0.57084 0.61224 
 0.71107 0.38817 0.37124 -0.07793 -0.05864 -0.47812 -0.43623 0.58903 0.62876 
 0.71207 0.37053 0.35490 -0.07776 -0.05872 -0.47514 -0.43089 0.60820 0.64510 
 0.71307 0.35212 0.33878 -0.07703 -0.05880 -0.47110 -0.42492 0.62670 0.66122 
 0.71407 0.33406 0.32289 -0.07691 -0.05888 -0.46662 -0.41834 0.64476 0.67710 
 0.71507 0.31647 0.30727 -0.07680 -0.05895 -0.46067 -0.41116 0.66280 0.69273 
 0.71607 0.29966 0.29192 -0.07685 -0.05903 -0.45452 -0.40338 0.68005 0.70808 
 0.71707 0.28314 0.27688 -0.07798 -0.05911 -0.44752 -0.39503 0.69654 0.72312 
 0.71807 0.26677 0.26217 -0.07932 -0.05919 -0.43991 -0.38611 0.71282 0.73783 
 0.71907 0.24894 0.24780 -0.08052 -0.05926 -0.43157 -0.37664 0.72879 0.75220 
 0.72007 0.23260 0.23379 -0.08150 -0.05934 -0.42301 -0.36663 0.74403 0.76621 
 0.72107 0.21740 0.22018 -0.08151 -0.05942 -0.41291 -0.35608 0.75944 0.77982 
 0.72207 0.20279 0.20697 -0.08119 -0.05950 -0.40259 -0.34503 0.77494 0.79303 
 0.72307 0.18850 0.19419 -0.08093 -0.05957 -0.39231 -0.33349 0.79032 0.80581 
 0.72407 0.17480 0.18185 -0.08065 -0.05965 -0.38142 -0.32146 0.80548 0.81815 
 0.72507 0.16066 0.16997 -0.08042 -0.05973 -0.36929 -0.30898 0.82008 0.83003 
 0.72607 0.14673 0.15857 -0.07918 -0.05981 -0.35636 -0.29605 0.83389 0.84142 
 0.72707 0.13174 0.14767 -0.07835 -0.05988 -0.34342 -0.28270 0.84679 0.85233 
 0.72807 0.11832 0.13728 -0.07809 -0.05996 -0.33031 -0.26895 0.85916 0.86272 
 0.72907 0.10601 0.12741 -0.07926 -0.06004 -0.31715 -0.25481 0.87034 0.87259 
 0.73007 0.09467 0.11809 -0.08059 -0.06012 -0.30311 -0.24030 0.88102 0.88191 
 0.73107 0.08357 0.10931 -0.08125 -0.06019 -0.28818 -0.22546 0.89239 0.89069 
 0.73207 0.07338 0.10110 -0.08098 -0.06027 -0.27281 -0.21029 0.90336 0.89890 
 0.73307 0.06383 0.09347 -0.08042 -0.06035 -0.25711 -0.19482 0.91396 0.90653 
 0.73407 0.05519 0.08643 -0.07976 -0.06043 -0.24052 -0.17908 0.92373 0.91357 
 0.73507 0.04613 0.07998 -0.07932 -0.06050 -0.22425 -0.16308 0.93303 0.92002 
 0.73607 0.03807 0.07414 -0.07935 -0.06058 -0.20812 -0.14685 0.94136 0.92586 
 0.73707 0.03000 0.06892 -0.07964 -0.06066 -0.19153 -0.13041 0.94869 0.93108 
 0.73807 0.02283 0.06432 -0.07910 -0.06074 -0.17467 -0.11379 0.95533 0.93568 
 0.73907 0.01643 0.06035 -0.07904 -0.06081 -0.15732 -0.09701 0.96147 0.93965 
 0.74007 0.01100 0.05701 -0.07900 -0.06089 -0.13930 -0.08009 0.96708 0.94299 
 0.74107 0.00575 0.05431 -0.07885 -0.06097 -0.12103 -0.06306 0.97208 0.94569 
 0.74207 0.00187 0.05226 -0.07833 -0.06105 -0.10249 -0.04595 0.97612 0.94774 
 0.74307 -0.00095 0.05085 -0.07839 -0.06112 -0.08412 -0.02877 0.97922 0.94915 
 0.74407 -0.00334 0.05009 -0.07882 -0.06120 -0.06687 -0.01156 0.98228 0.94991 
 0.74507 -0.00650 0.04998 -0.07846 -0.06128 -0.04894 0.00567 0.98511 0.95002 
 0.74607 -0.00968 0.05052 -0.07750 -0.06135 -0.03053 0.02288 0.98742 0.94948 
 0.74707 -0.01173 0.05171 -0.07662 -0.06143 -0.01236 0.04006 0.98854 0.94829 
 0.74807 -0.01185 0.05354 -0.07614 -0.06151 0.00586 0.05718 0.98819 0.94646 
 0.74907 -0.01126 0.05601 -0.07581 -0.06159 0.02423 0.07421 0.98802 0.94399 
 0.75008 -0.00974 0.05913 -0.07519 -0.06166 0.04271 0.09112 0.98703 0.94087 
 0.75108 -0.00836 0.06288 -0.07437 -0.06174 0.06139 0.10791 0.98518 0.93712 
 0.75208 -0.00528 0.06726 -0.07454 -0.06182 0.08047 0.12453 0.98224 0.93275 
 0.75308 -0.00131 0.07226 -0.07411 -0.06189 0.09998 0.14097 0.97851 0.92774 
 0.75408 0.00308 0.07787 -0.07387 -0.06197 0.11910 0.15720 0.97373 0.92213 
 0.75508 0.00803 0.08410 -0.07382 -0.06205 0.13702 0.17320 0.96792 0.91590 
 0.75608 0.01341 0.09092 -0.07414 -0.06212 0.15424 0.18895 0.96211 0.90908 
 0.75708 0.01886 0.09833 -0.07466 -0.06220 0.17091 0.20442 0.95609 0.90167 
 0.75808 0.02534 0.10632 -0.07481 -0.06228 0.18763 0.21959 0.94947 0.89368 
 0.75908 0.03306 0.11487 -0.07511 -0.06235 0.20428 0.23444 0.94275 0.88513 
 0.76008 0.04042 0.12398 -0.07511 -0.06243 0.22018 0.24895 0.93513 0.87602 
 0.76108 0.04875 0.13362 -0.07536 -0.06251 0.23687 0.26310 0.92688 0.86638 
 0.76208 0.05739 0.14380 -0.07512 -0.06259 0.25179 0.27687 0.91859 0.85620 
 0.76308 0.06711 0.15448 -0.07484 -0.06266 0.26631 0.29023 0.90877 0.84552 
 0.76408 0.07786 0.16566 -0.07413 -0.06274 0.27994 0.30317 0.89901 0.83434 
 0.76508 0.08953 0.17732 -0.07352 -0.06282 0.29401 0.31567 0.88843 0.82268 
 0.76608 0.10176 0.18944 -0.07391 -0.06289 0.30733 0.32771 0.87683 0.81056 
 0.76708 0.11480 0.20200 -0.07395 -0.06297 0.32135 0.33928 0.86403 0.79800 
 0.76808 0.12755 0.21500 -0.07420 -0.06305 0.33495 0.35036 0.85070 0.78500 
 0.76908 0.14058 0.22840 -0.07429 -0.06312 0.34802 0.36092 0.83680 0.77160 
 0.77008 0.15397 0.24218 -0.07471 -0.06320 0.36093 0.37097 0.82297 0.75782 
 0.77108 0.16788 0.25634 -0.07380 -0.06328 0.37436 0.38047 0.80867 0.74366 
 0.77208 0.18178 0.27084 -0.07322 -0.06335 0.38620 0.38943 0.79342 0.72916 
 0.77308 0.19615 0.28568 -0.07285 -0.06343 0.39672 0.39782 0.77795 0.71432 
 0.77408 0.21098 0.30081 -0.07314 -0.06351 0.40642 0.40564 0.76277 0.69919 
 0.77508 0.22592 0.31623 -0.07355 -0.06358 0.41574 0.41287 0.74771 0.68377 
 0.77608 0.24104 0.33191 -0.07332 -0.06366 0.42423 0.41950 0.73338 0.66809 
 0.77708 0.25649 0.34783 -0.07238 -0.06374 0.43273 0.42553 0.71792 0.65217 
 0.77808 0.27157 0.36397 -0.07073 -0.06381 0.44112 0.43094 0.70227 0.63603 
 0.77908 0.28715 0.38029 -0.07034 -0.06389 0.44856 0.43573 0.68567 0.61971 
 0.78008 0.30381 0.39679 -0.07064 -0.06397 0.45508 0.43989 0.66825 0.60321 
 0.78108 0.32160 0.41343 -0.07081 -0.06404 0.46094 0.44342 0.65066 0.58657 
 0.78208 0.33923 0.43019 -0.07104 -0.06412 0.46631 0.44630 0.63319 0.56981 
 0.78308 0.35691 0.44705 -0.07151 -0.06420 0.47067 0.44854 0.61586 0.55295 
 0.78408 0.37429 0.46398 -0.07160 -0.06427 0.47397 0.45013 0.59841 0.53602 
 0.78508 0.39210 0.48096 -0.07158 -0.06435 0.47690 0.45108 0.57983 0.51904 
 0.78608 0.41063 0.49796 -0.07154 -0.06442 0.47954 0.45137 0.56129 0.50204 
 0.78708 0.42900 0.51496 -0.07176 -0.06450 0.48141 0.45101 0.54276 0.48504 
 0.78808 0.44712 0.53193 -0.07200 -0.06458 0.48273 0.45000 0.52420 0.46807 
 0.78908 0.46500 0.54885 -0.07206 -0.06465 0.48332 0.44835 0.50590 0.45115 
 0.79008 0.48304 0.56570 -0.07237 -0.06473 0.48310 0.44605 0.48811 0.43430 
 0.79108 0.50104 0.58245 -0.07315 -0.06481 0.48170 0.44310 0.47000 0.41754 
 0.79208 0.51899 0.59908 -0.07329 -0.06488 0.48002 0.43952 0.45166 0.40092 
 0.79308 0.53762 0.61556 -0.07332 -0.06496 0.47806 0.43530 0.43288 0.38444 
 0.79408 0.55601 0.63187 -0.07279 -0.06504 0.47553 0.43046 0.41415 0.36813 
 0.79508 0.57322 0.64799 -0.07217 -0.06511 0.47158 0.42500 0.39558 0.35201 
 0.79608 0.58982 0.66389 -0.07163 -0.06519 0.46713 0.41893 0.37753 0.33611 
 0.79708 0.60694 0.67954 -0.07077 -0.06526 0.46245 0.41225 0.35995 0.32045 
 0.79808 0.62427 0.69494 -0.07033 -0.06534 0.45766 0.40498 0.34321 0.30506 
 0.79908 0.64166 0.71005 -0.06987 -0.06542 0.45176 0.39713 0.32636 0.28995 
 0.80008 0.65863 0.72486 -0.07022 -0.06549 0.44479 0.38871 0.30967 0.27514 
 0.80108 0.67560 0.73933 -0.07068 -0.06557 0.43734 0.37973 0.29369 0.26067 
 0.80208 0.69258 0.75346 -0.07136 -0.06564 0.42944 0.37021 0.27807 0.24654 
 0.80308 0.70870 0.76722 -0.07218 -0.06572 0.42106 0.36015 0.26227 0.23278 
 0.80408 0.72354 0.78059 -0.07291 -0.06580 0.41208 0.34958 0.24623 0.21941 
 0.80508 0.73854 0.79355 -0.07379 -0.06587 0.40124 0.33850 0.23054 0.20645 
 0.80608 0.75366 0.80609 -0.07431 -0.06595 0.38988 0.32694 0.21555 0.19391 
 0.80708 0.76750 0.81818 -0.07462 -0.06603 0.37805 0.31492 0.20114 0.18182 
 0.80808 0.78116 0.82981 -0.07480 -0.06610 0.36619 0.30244 0.18768 0.17019 
 0.80908 0.79564 0.84096 -0.07406 -0.06618 0.35450 0.28952 0.17393 0.15904 
 0.81008 0.80887 0.85162 -0.07324 -0.06625 0.34213 0.27620 0.16017 0.14838 
 0.81108 0.82090 0.86177 -0.07223 -0.06633 0.32866 0.26248 0.14679 0.13823 
 0.81208 0.83281 0.87139 -0.07138 -0.06641 0.31507 0.24838 0.13446 0.12861 
 0.81308 0.84481 0.88048 -0.07099 -0.06648 0.30168 0.23393 0.12223 0.11952 
 0.81408 0.85603 0.88901 -0.07090 -0.06656 0.28759 0.21914 0.11066 0.11099 
 0.81508 0.86664 0.89699 -0.07163 -0.06663 0.27271 0.20405 0.10035 0.10301 
 0.81608 0.87591 0.90438 -0.07240 -0.06671 0.25734 0.18866 0.09122 0.09562 
 0.81708 0.88461 0.91120 -0.07261 -0.06678 0.24178 0.17300 0.08287 0.08880 
 0.81808 0.89309 0.91742 -0.07288 -0.06686 0.22603 0.15710 0.07512 0.08258 
 0.81908 0.90159 0.92303 -0.07334 -0.06694 0.21019 0.14098 0.06715 0.07697 
 0.82008 0.90949 0.92804 -0.07489 -0.06701 0.19370 0.12465 0.05922 0.07196 
 0.82108 0.91712 0.93242 -0.07640 -0.06709 0.17665 0.10816 0.05083 0.06758 
 0.82208 0.92372 0.93618 -0.07553 -0.06716 0.15994 0.09150 0.04405 0.06382 
 0.82308 0.92926 0.93931 -0.07481 -0.06724 0.14260 0.07473 0.03853 0.06069 
 0.82408 0.93381 0.94181 -0.07412 -0.06732 0.12491 0.05784 0.03434 0.05819 
 0.82508 0.93804 0.94367 -0.07402 -0.06739 0.10721 0.04088 0.02939 0.05633 
 0.82608 0.94177 0.94489 -0.07438 -0.06747 0.08944 0.02386 0.02509 0.05511 
 0.82708 0.94419 0.94547 -0.07463 -0.06754 0.07165 0.00682 0.02106 0.05453 
 0.82808 0.94529 0.94540 -0.07443 -0.06762 0.05391 -0.01023 0.01791 0.05460 
 0.82908 0.94616 0.94470 -0.07364 -0.06769 0.03616 -0.02727 0.01661 0.05530 
 0.83008 0.94736 0.94335 -0.07324 -0.06777 0.01812 -0.04426 0.01660 0.05665 
 0.83108 0.94838 0.94136 -0.07363 -0.06784 -0.00034 -0.06118 0.01649 0.05864 
 0.83208 0.94825 0.93874 -0.07437 -0.06792 -0.01839 -0.07801 0.01754 0.06126 
 0.83308 0.94744 0.93549 -0.07436 -0.06800 -0.03572 -0.09472 0.01961 0.06451 
 0.83408 0.94551 0.93161 -0.07545 -0.06807 -0.05384 -0.11130 0.02207 0.06839 
 0.83508 0.94279 0.92710 -0.07797 -0.06815 -0.07228 -0.12770 0.02420 0.07290 
 0.83608 0.93978 0.92199 -0.08015 -0.06822 -0.09036 -0.14392 0.02712 0.07801 
 0.83708 0.93591 0.91626 -0.08242 -0.06830 -0.10845 -0.15993 0.02986 0.08374 
 0.83808 0.93131 0.90994 -0.08378 -0.06837 -0.12625 -0.17570 0.03400 0.09006 
 0.83908 0.92683 0.90303 -0.08474 -0.06845 -0.14313 -0.19122 0.03950 0.09697 
 0.84008 0.92170 0.89554 -0.08613 -0.06852 -0.16029 -0.20646 0.04517 0.10446 
 0.84108 0.91706 0.88748 -0.08702 -0.06860 -0.17735 -0.22139 0.05175 0.11252 
 0.84208 0.91116 0.87886 -0.08764 -0.06868 -0.19413 -0.23601 0.05939 0.12114 
 0.84308 0.90458 0.86970 -0.08853 -0.06875 -0.21018 -0.25028 0.06746 0.13030 
 0.84408 0.89624 0.86001 -0.08933 -0.06883 -0.22690 -0.26418 0.07587 0.13999 
 0.84508 0.88760 0.84980 -0.08936 -0.06890 -0.24352 -0.27770 0.08483 0.15020 
 0.84608 0.87809 0.83909 -0.08994 -0.06898 -0.26019 -0.29082 0.09390 0.16091 
 0.84708 0.86749 0.82789 -0.09053 -0.06905 -0.27570 -0.30351 0.10293 0.17211 
 0.84808 0.85578 0.81622 -0.09152 -0.06913 -0.29077 -0.31577 0.11224 0.18378 
 0.84908 0.84373 0.80410 -0.09172 -0.06920 -0.30507 -0.32756 0.12255 0.19590 
 0.85009 0.83132 0.79155 -0.09197 -0.06928 -0.31989 -0.33888 0.13375 0.20845 
 0.85109 0.81906 0.77858 -0.09274 -0.06935 -0.33300 -0.34971 0.14523 0.22142 
 0.85209 0.80636 0.76521 -0.09434 -0.06943 -0.34625 -0.36003 0.15814 0.23479 
 0.85309 0.79328 0.75146 -0.09562 -0.06950 -0.35890 -0.36983 0.17118 0.24854 
 0.85409 0.77932 0.73735 -0.09672 -0.06958 -0.37052 -0.37910 0.18428 0.26265 
 0.85509 0.76510 0.72290 -0.09748 -0.06966 -0.38166 -0.38781 0.19767 0.27710 
 0.85609 0.74957 0.70813 -0.09855 -0.06973 -0.39255 -0.39597 0.21165 0.29186 
 0.85709 0.73360 0.69307 -0.09929 -0.06981 -0.40390 -0.40355 0.22636 0.30693 
 0.85809 0.71811 0.67774 -0.09966 -0.06988 -0.41468 -0.41055 0.24221 0.32226 
 0.85909 0.70233 0.66215 -0.09933 -0.06996 -0.42413 -0.41695 0.25866 0.33785 
 0.86009 0.68605 0.64633 -0.09949 -0.07003 -0.43339 -0.42275 0.27574 0.35367 
 0.86109 0.66988 0.63030 -0.10027 -0.07011 -0.44198 -0.42794 0.29251 0.36970 
 0.86209 0.65316 0.61409 -0.10193 -0.07018 -0.44981 -0.43252 0.30944 0.38591 
 0.86309 0.63644 0.59772 -0.10368 -0.07026 -0.45659 -0.43646 0.32731 0.40228 
 0.86409 0.61946 0.58122 -0.10521 -0.07033 -0.46316 -0.43978 0.34573 0.41879 
 0.86509 0.60230 0.56459 -0.10661 -0.07041 -0.46896 -0.44247 0.36376 0.43541 
 0.86609 0.58422 0.54788 -0.10735 -0.07048 -0.47360 -0.44451 0.38020 0.45211 
 0.86709 0.56633 0.53111 -0.10789 -0.07056 -0.47744 -0.44591 0.39734 0.46889 
 0.86809 0.54840 0.51429 -0.10856 -0.07063 -0.48060 -0.44667 0.41482 0.48570 
 0.86909 0.53094 0.49746 -0.10896 -0.07071 -0.48284 -0.44679 0.43248 0.50254 
 0.87009 0.51291 0.48064 -0.10942 -0.07078 -0.48477 -0.44626 0.45015 0.51936 
 0.87109 0.49469 0.46385 -0.10995 -0.07086 -0.48621 -0.44509 0.46805 0.53615 
 0.87209 0.47651 0.44711 -0.11015 -0.07093 -0.48701 -0.44327 0.48627 0.55289 
 0.87309 0.45833 0.43046 -0.11044 -0.07101 -0.48744 -0.44082 0.50443 0.56954 
 0.87409 0.43967 0.41391 -0.11083 -0.07108 -0.48705 -0.43774 0.52382 0.58610 
 0.87509 0.42135 0.39748 -0.11102 -0.07116 -0.48568 -0.43402 0.54260 0.60252 
 0.87609 0.40355 0.38121 -0.11166 -0.07123 -0.48335 -0.42968 0.56018 0.61879 
 0.87709 0.38641 0.36512 -0.11098 -0.07131 -0.48046 -0.42472 0.57833 0.63488 
 0.87809 0.36843 0.34922 -0.11097 -0.07138 -0.47804 -0.41914 0.59790 0.65078 
 0.87909 0.35021 0.33354 -0.11053 -0.07146 -0.47450 -0.41297 0.61673 0.66646 
 0.88009 0.33171 0.31811 -0.11045 -0.07153 -0.47071 -0.40620 0.63539 0.68189 
 0.88109 0.31380 0.30294 -0.11037 -0.07161 -0.46576 -0.39885 0.65396 0.69706 
 0.88209 0.29611 0.28807 -0.11007 -0.07168 -0.45959 -0.39092 0.67177 0.71193 
 0.88309 0.27916 0.27350 -0.11088 -0.07176 -0.45283 -0.38244 0.68839 0.72650 
 0.88409 0.26262 0.25926 -0.11270 -0.07183 -0.44563 -0.37340 0.70507 0.74074 
 0.88509 0.24554 0.24537 -0.11452 -0.07191 -0.43786 -0.36383 0.72136 0.75463 
 0.88609 0.22843 0.23185 -0.11599 -0.07198 -0.42936 -0.35373 0.73676 0.76815 
 0.88709 0.21265 0.21872 -0.11663 -0.07205 -0.41997 -0.34313 0.75168 0.78128 
 0.88809 0.19759 0.20600 -0.11682 -0.07213 -0.40974 -0.33204 0.76725 0.79400 
 0.88909 0.18357 0.19371 -0.11742 -0.07220 -0.39997 -0.32046 0.78269 0.80629 
 0.89009 0.16967 0.18186 -0.11746 -0.07228 -0.38962 -0.30844 0.79826 0.81814 
 0.89109 0.15585 0.17048 -0.11763 -0.07235 -0.37757 -0.29596 0.81253 0.82952 
 0.89209 0.14188 0.15957 -0.11685 -0.07243 -0.36455 -0.28307 0.82676 0.84043 
 0.89309 0.12721 0.14916 -0.11616 -0.07250 -0.35101 -0.26977 0.83996 0.85084 
 0.89409 0.11268 0.13925 -0.11591 -0.07258 -0.33789 -0.25608 0.85284 0.86075 
 0.89509 0.09997 0.12987 -0.11665 -0.07265 -0.32444 -0.24203 0.86479 0.87013 
 0.89609 0.08788 0.12102 -0.11835 -0.07273 -0.31083 -0.22764 0.87537 0.87898 
 0.89709 0.07667 0.11272 -0.11953 -0.07280 -0.29627 -0.21291 0.88662 0.88728 
 0.89809 0.06604 0.10498 -0.11984 -0.07288 -0.28074 -0.19789 0.89758 0.89502 
 0.89909 0.05632 0.09781 -0.11931 -0.07295 -0.26488 -0.18258 0.90834 0.90219 
 0.90009 0.04704 0.09122 -0.11886 -0.07302 -0.24828 -0.16701 0.91857 0.90877 
 0.90109 0.03868 0.08523 -0.11870 -0.07310 -0.23176 -0.15121 0.92820 0.91477 
 0.90209 0.03025 0.07983 -0.11822 -0.07317 -0.21559 -0.13520 0.93744 0.92017 
 0.90309 0.02230 0.07505 -0.11843 -0.07325 -0.19896 -0.11899 0.94559 0.92495 
 0.90409 0.01462 0.07087 -0.11832 -0.07332 -0.18207 -0.10261 0.95268 0.92913 
 0.90509 0.00808 0.06732 -0.11811 -0.07340 -0.16518 -0.08609 0.95903 0.93268 
 0.90609 0.00205 0.06439 -0.11800 -0.07347 -0.14752 -0.06945 0.96505 0.93561 
 0.90709 -0.00381 0.06208 -0.11765 -0.07355 -0.12969 -0.05272 0.97055 0.93792 
 0.90809 -0.00865 0.06041 -0.11745 -0.07362 -0.11168 -0.03591 0.97523 0.93959 
 0.90909 -0.01258 0.05938 -0.11730 -0.07369 -0.09320 -0.01905 0.97888 0.94062 
 0.91009 -0.01539 0.05898 -0.11751 -0.07377 -0.07504 -0.00217 0.98208 0.94102 
 0.91109 -0.01809 0.05922 -0.11782 -0.07384 -0.05708 0.01470 0.98520 0.94078 
 0.91209 -0.02135 0.06009 -0.11700 -0.07392 -0.03828 0.03156 0.98800 0.93991 
 0.91309 -0.02387 0.06159 -0.11594 -0.07399 -0.01971 0.04836 0.98971 0.93841 
 0.91409 -0.02476 0.06373 -0.11510 -0.07407 -0.00144 0.06509 0.99004 0.93627 
 0.91509 -0.02434 0.06650 -0.11458 -0.07414 0.01710 0.08172 0.98956 0.93350 
 0.91609 -0.02321 0.06989 -0.11428 -0.07421 0.03558 0.09823 0.98870 0.93011 
 0.91709 -0.02149 0.07389 -0.11401 -0.07429 0.05453 0.11459 0.98637 0.92610 
 0.91809 -0.01919 0.07852 -0.11422 -0.07436 0.07352 0.13079 0.98355 0.92148 
 0.91909 -0.01546 0.08375 -0.11405 -0.07444 0.09321 0.14679 0.97980 0.91625 
 0.92009 -0.01102 0.08957 -0.11347 -0.07451 0.11324 0.16257 0.97573 0.91043 
 0.92109 -0.00572 0.09599 -0.11311 -0.07459 0.13199 0.17812 0.97081 0.90401 
 0.92209 -0.00020 0.10299 -0.11287 -0.07466 0.14971 0.19341 0.96507 0.89701 
 0.92309 0.00524 0.11056 -0.11370 -0.07473 0.16615 0.20841 0.95943 0.88944 
 0.92409 0.01144 0.11869 -0.11413 -0.07481 0.18253 0.22311 0.95330 0.88131 
 0.92509 0.01877 0.12737 -0.11463 -0.07488 0.19878 0.23749 0.94662 0.87263 
 0.92609 0.02638 0.13658 -0.11485 -0.07496 0.21503 0.25152 0.93930 0.86342 
 0.92709 0.03431 0.14632 -0.11560 -0.07503 0.23139 0.26518 0.93076 0.85369 
 0.92809 0.04323 0.15656 -0.11631 -0.07510 0.24678 0.27846 0.92249 0.84344 
 0.92909 0.05334 0.16729 -0.11618 -0.07518 0.25996 0.29133 0.91375 0.83271 
 0.93009 0.06398 0.17850 -0.11560 -0.07525 0.27383 0.30378 0.90410 0.82150 
 0.93109 0.07588 0.19017 -0.11471 -0.07533 0.28746 0.31579 0.89425 0.80983 
 0.93209 0.08816 0.20229 -0.11425 -0.07540 0.30104 0.32734 0.88326 0.79771 
 0.93309 0.10117 0.21483 -0.11463 -0.07547 0.31472 0.33842 0.87023 0.78517 
 0.93409 0.11448 0.22778 -0.11505 -0.07555 0.32844 0.34900 0.85679 0.77222 
 0.93509 0.12784 0.24112 -0.11490 -0.07562 0.34195 0.35908 0.84292 0.75888 
 0.93609 0.14079 0.25483 -0.11419 -0.07570 0.35528 0.36864 0.82921 0.74517 
 0.93709 0.15425 0.26889 -0.11361 -0.07577 0.36874 0.37767 0.81525 0.73111 
 0.93809 0.16754 0.28328 -0.11295 -0.07584 0.38163 0.38615 0.80070 0.71672 
 0.93909 0.18191 0.29798 -0.11214 -0.07592 0.39355 0.39406 0.78512 0.70202 
 0.94009 0.19688 0.31296 -0.11208 -0.07599 0.40368 0.40142 0.76988 0.68704 
 0.94109 0.21195 0.32822 -0.11201 -0.07606 0.41318 0.40818 0.75494 0.67178 
 0.94209 0.22660 0.34371 -0.11170 -0.07614 0.42187 0.41436 0.74016 0.65629 
 0.94309 0.24190 0.35943 -0.11129 -0.07621 0.42979 0.41994 0.72550 0.64057 
 0.94409 0.25689 0.37534 -0.10994 -0.07629 0.43815 0.42492 0.70981 0.62465 
 0.94509 0.27213 0.39144 -0.10877 -0.07636 0.44557 0.42928 0.69415 0.60856 
 0.94609 0.28832 0.40768 -0.10880 -0.07643 0.45219 0.43302 0.67710 0.59232 
 0.94709 0.30554 0.42406 -0.10856 -0.07651 0.45820 0.43613 0.65953 0.57595 
 0.94809 0.32305 0.44053 -0.10848 -0.07658 0.46393 0.43861 0.64206 0.55947 
 0.94909 0.34030 0.45709 -0.10845 -0.07666 0.46819 0.44047 0.62461 0.54290 
 0.95010 0.35750 0.47371 -0.10872 -0.07673 0.47131 0.44168 0.60739 0.52629 
 0.95110 0.37507 0.49037 -0.10851 -0.07680 0.47368 0.44226 0.58938 0.50963 
 0.95210 0.39324 0.50703 -0.10831 -0.07688 0.47640 0.44220 0.57084 0.49297 
 0.95310 0.41183 0.52368 -0.10799 -0.07695 0.47893 0.44151 0.55258 0.47632 
 0.95410 0.43000 0.54029 -0.10821 -0.07702 0.48050 0.44017 0.53359 0.45971 
 0.95510 0.44787 0.55683 -0.10788 -0.07710 0.48154 0.43821 0.51530 0.44317 
 0.95610 0.46579 0.57330 -0.10763 -0.07717 0.48174 0.43561 0.49712 0.42670 
 0.95710 0.48377 0.58965 -0.10822 -0.07724 0.48058 0.43239 0.47861 0.41035 
 0.95810 0.50178 0.60587 -0.10890 -0.07732 0.47905 0.42854 0.45951 0.39413 
 0.95910 0.51982 0.62193 -0.10927 -0.07739 0.47739 0.42407 0.44092 0.37807 
 0.96010 0.53826 0.63781 -0.10931 -0.07746 0.47547 0.41900 0.42200 0.36219 
 0.96110 0.55548 0.65349 -0.10868 -0.07754 0.47215 0.41332 0.40373 0.34651 
 0.96210 0.57223 0.66895 -0.10815 -0.07761 0.46773 0.40705 0.38607 0.33105 
 0.96310 0.58889 0.68415 -0.10711 -0.07768 0.46319 0.40019 0.36870 0.31585 
 0.96410 0.60603 0.69909 -0.10624 -0.07776 0.45813 0.39276 0.35183 0.30091 
 0.96510 0.62338 0.71374 -0.10522 -0.07783 0.45295 0.38476 0.33480 0.28626 
 0.96610 0.64075 0.72807 -0.10501 -0.07791 0.44647 0.37621 0.31805 0.27193 
 0.96710 0.65750 0.74208 -0.10524 -0.07798 0.43915 0.36712 0.30184 0.25792 
 0.96810 0.67446 0.75573 -0.10608 -0.07805 0.43092 0.35750 0.28621 0.24427 
 0.96910 0.69090 0.76901 -0.10686 -0.07813 0.42258 0.34737 0.27059 0.23099 
 0.97010 0.70640 0.78190 -0.10778 -0.07820 0.41376 0.33674 0.25465 0.21810 
 0.97110 0.72136 0.79437 -0.10848 -0.07827 0.40360 0.32563 0.23875 0.20563 
 0.97210 0.73640 0.80642 -0.10890 -0.07835 0.39255 0.31405 0.22334 0.19358 
 0.97310 0.75064 0.81803 -0.10908 -0.07842 0.38084 0.30202 0.20841 0.18197 
 0.97410 0.76368 0.82917 -0.10914 -0.07849 0.36885 0.28956 0.19438 0.17083 
 0.97510 0.77770 0.83984 -0.10862 -0.07857 0.35694 0.27668 0.18103 0.16016 
 0.97610 0.79206 0.85002 -0.10766 -0.07864 0.34506 0.26341 0.16730 0.14998 
 0.97710 0.80458 0.85969 -0.10643 -0.07871 0.33250 0.24976 0.15403 0.14031 
 0.97810 0.81604 0.86883 -0.10539 -0.07878 0.31928 0.23576 0.14167 0.13117 
 0.97910 0.82727 0.87744 -0.10455 -0.07886 0.30609 0.22142 0.12927 0.12256 
 0.98010 0.83847 0.88551 -0.10426 -0.07893 0.29274 0.20676 0.11694 0.11449 
 0.98110 0.84890 0.89302 -0.10414 -0.07900 0.27860 0.19181 0.10605 0.10698 
 0.98210 0.85850 0.89996 -0.10436 -0.07908 0.26370 0.17659 0.09701 0.10004 
 0.98310 0.86720 0.90632 -0.10462 -0.07915 0.24780 0.16111 0.08856 0.09368 
 0.98410 0.87585 0.91210 -0.10453 -0.07922 0.23191 0.14541 0.08121 0.08790 
 0.98510 0.88427 0.91727 -0.10497 -0.07930 0.21579 0.12950 0.07350 0.08273 
 0.98610 0.89241 0.92185 -0.10637 -0.07937 0.19954 0.11341 0.06587 0.07815 
 0.98710 0.90032 0.92582 -0.10773 -0.07944 0.18322 0.09716 0.05794 0.07418 
 0.98810 0.90745 0.92917 -0.10855 -0.07952 0.16581 0.08077 0.04988 0.07083 
 0.98910 0.91361 0.93190 -0.10807 -0.07959 0.14863 0.06427 0.04374 0.06810 
 0.99010 0.91898 0.93401 -0.10737 -0.07966 0.13097 0.04768 0.03902 0.06599 
 0.99110 0.92370 0.93549 -0.10648 -0.07974 0.11343 0.03103 0.03444 0.06451 
 0.99210 0.92817 0.93635 -0.10687 -0.07981 0.09675 0.01433 0.02914 0.06365 
 0.99310 0.93104 0.93657 -0.10699 -0.07988 0.07933 -0.00238 0.02500 0.06343 
 0.99410 0.93260 0.93617 -0.10681 -0.07995 0.06144 -0.01908 0.02149 0.06383 
 0.99510 0.93359 0.93514 -0.10625 -0.08003 0.04349 -0.03575 0.01923 0.06486 
 0.99610 0.93432 0.93348 -0.10543 -0.08010 0.02566 -0.05237 0.01870 0.06652 
 0.99710 0.93514 0.93119 -0.10527 -0.08017 0.00738 -0.06890 0.01887 0.06881 
 0.99810 0.93481 0.92829 -0.10610 -0.08025 -0.01073 -0.08534 0.01938 0.07171 
 0.99910 0.93383 0.92476 -0.10705 -0.08032 -0.02810 -0.10164 0.02094 0.07524 
