 0.00000 1.00000 1.00000 0.00000 0.00000 0.00000 0.00000 0.00000 0.00000 
 0.00100 0.99965 0.99965 0.00035 0.00035 -0.01881 -0.01881 0.00035 0.00035 
 0.00200 0.99858 0.99858 0.00139 0.00139 -0.03744 -0.03744 0.00141 0.00141 
 0.00300 0.99683 0.99683 0.00310 0.00310 -0.05575 -0.05575 0.00317 0.00317 
 0.00400 0.99439 0.99439 0.00541 0.00541 -0.07358 -0.07358 0.00561 0.00561 
 0.00500 0.99129 0.99129 0.00828 0.00828 -0.09080 -0.09080 0.00871 0.00871 
 0.00600 0.98756 0.98756 0.01165 0.01165 -0.10729 -0.10729 0.01244 0.01244 
 0.00700 0.98322 0.98322 0.01545 0.01545 -0.12294 -0.12294 0.01678 0.01678 
 0.00800 0.97831 0.97831 0.01959 0.01959 -0.13767 -0.13767 0.02169 0.02169 
 0.00900 0.97286 0.97286 0.02400 0.02400 -0.15140 -0.15140 0.02714 0.02714 
 0.01000 0.96691 0.96691 0.02861 0.02861 -0.16407 -0.16407 0.03309 0.03309 
 0.01100 0.96051 0.96051 0.03332 0.03332 -0.17565 -0.17565 0.03949 0.03949 
 0.01200 0.95369 0.95369 0.03807 0.03807 -0.18611 -0.18611 0.04631 0.04631 
 0.01300 0.94650 0.94650 0.04278 0.04278 -0.19543 -0.19543 0.05350 0.05350 
 0.01400 0.93898 0.93898 0.04739 0.04739 -0.20364 -0.20364 0.06102 0.06102 
 0.01500 0.93117 0.93117 0.05183 0.05183 -0.21074 -0.21074 0.06883 0.06883 
 0.01600 0.92312 0.92312 0.05605 0.05605 -0.21675 -0.21675 0.07688 0.07688 
 0.01700 0.91485 0.91485 0.06000 0.06000 -0.22173 -0.22173 0.08515 0.08515 
 0.01800 0.90642 0.90642 0.06366 0.06366 -0.22572 -0.22572 0.09358 0.09358 
 0.01900 0.89786 0.89786 0.06698 0.06698 -0.22877 -0.22877 0.10214 0.10214 
 0.02000 0.88920 0.88920 0.06995 0.06995 -0.23093 -0.23093 0.11080 0.11080 
 0.02100 0.88047 0.88047 0.07255 0.07255 -0.23227 -0.23227 0.11953 0.11953 
 0.02200 0.87170 0.87170 0.07478 0.07478 -0.23285 -0.23285 0.12829 0.12829 
 0.02300 0.86293 0.86293 0.07663 0.07663 -0.23272 -0.23272 0.13707 0.13707 
 0.02400 0.85418 0.85418 0.07812 0.07812 -0.23196 -0.23196 0.14582 0.14582 
 0.02500 0.84546 0.84546 0.07925 0.07925 -0.23061 -0.23061 0.15454 0.15454 
 0.02600 0.83681 0.83681 0.08003 0.08003 -0.22874 -0.22874 0.16319 0.16319 
 0.02700 0.82824 0.82824 0.08048 0.08048 -0.22640 -0.22640 0.17177 0.17177 
 0.02800 0.81976 0.81976 0.08063 0.08063 -0.22364 -0.22364 0.18024 0.18024 
 0.02900 0.81139 0.81139 0.08049 0.08049 -0.22051 -0.22051 0.18861 0.18861 
 0.03000 0.80315 0.80315 0.08009 0.08009 -0.21705 -0.21705 0.19685 0.19685 
 0.03100 0.79504 0.79504 0.07945 0.07945 -0.21331 -0.21331 0.20496 0.20496 
 0.03200 0.78708 0.78708 0.07859 0.07859 -0.20932 -0.20932 0.21292 0.21292 
 0.03300 0.77927 0.77927 0.07754 0.07754 -0.20511 -0.20511 0.22073 0.22073 
 0.03400 0.77163 0.77163 0.07632 0.07632 -0.20071 -0.20071 0.22837 0.22837 
 0.03500 0.76415 0.76415 0.07495 0.07495 -0.19615 -0.19615 0.23585 0.23585 
 0.03600 0.75685 0.75685 0.07346 0.07346 -0.19146 -0.19146 0.24315 0.24315 
 0.03700 0.74972 0.74972 0.07185 0.07185 -0.18666 -0.18666 0.25028 0.25028 
 0.03800 0.74278 0.74278 0.07015 0.07015 -0.18177 -0.18177 0.25722 0.25722 
 0.03900 0.73603 0.73603 0.06837 0.06837 -0.17680 -0.17680 0.26397 0.26397 
 0.04000 0.72946 0.72946 0.06653 0.06653 -0.17177 -0.17177 0.27054 0.27054 
 0.04100 0.72309 0.72309 0.06464 0.06464 -0.16670 -0.16670 0.27691 0.27691 
 0.04200 0.71690 0.71690 0.06271 0.06271 -0.16160 -0.16160 0.28310 0.28310 
 0.04300 0.71091 0.71091 0.06075 0.06075 -0.15649 -0.15649 0.28909 0.28909 
 0.04400 0.70511 0.70511 0.05877 0.05877 -0.15136 -0.15136 0.29489 0.29489 
 0.04500 0.69951 0.69951 0.05677 0.05677 -0.14625 -0.14625 0.30049 0.30049 
 0.04600 0.69409 0.69409 0.05477 0.05477 -0.14115 -0.14115 0.30591 0.30591 
 0.04700 0.68887 0.68887 0.05277 0.05277 -0.13607 -0.13607 0.31113 0.31113 
 0.04800 0.68384 0.68384 0.05077 0.05077 -0.13103 -0.13103 0.31616 0.31616 
 0.04900 0.67900 0.67900 0.04878 0.04878 -0.12603 -0.12603 0.32100 0.32100 
 0.05001 0.67434 0.67434 0.04681 0.04681 -0.12108 -0.12108 0.32565 0.32565 
 0.05101 0.66988 0.66988 0.04484 0.04484 -0.11619 -0.11619 0.33012 0.33012 
 0.05201 0.66559 0.66559 0.04289 0.04289 -0.11137 -0.11137 0.33441 0.33441 
 0.05301 0.66148 0.66148 0.04096 0.04096 -0.10662 -0.10662 0.33852 0.33852 
 0.05401 0.65756 0.65756 0.03905 0.03905 -0.10195 -0.10195 0.34244 0.34244 
 0.05501 0.65380 0.65380 0.03716 0.03716 -0.09738 -0.09738 0.34620 0.34620 
 0.05601 0.65022 0.65022 0.03529 0.03529 -0.09289 -0.09289 0.34978 0.34978 
 0.05701 0.64680 0.64680 0.03344 0.03344 -0.08851 -0.08851 0.35320 0.35320 
 0.05801 0.64355 0.64355 0.03162 0.03162 -0.08423 -0.08423 0.35645 0.35645 
 0.05901 0.64045 0.64045 0.02982 0.02982 -0.08006 -0.08006 0.35955 0.35955 
 0.06001 0.63751 0.63751 0.02804 0.02804 -0.07601 -0.07601 0.36249 0.36249 
 0.06101 0.63472 0.63472 0.02629 0.02629 -0.07208 -0.07208 0.36528 0.36528 
 0.06201 0.63208 0.63208 0.02456 0.02456 -0.06827 -0.06827 0.36792 0.36792 
 0.06301 0.62958 0.62958 0.02286 0.02286 -0.06459 -0.06459 0.37042 0.37042 
 0.06401 0.62721 0.62721 0.02118 0.02118 -0.06105 -0.06105 0.37279 0.37279 
 0.06501 0.62498 0.62498 0.01953 0.01953 -0.05764 -0.05764 0.37502 0.37502 
 0.06601 0.62287 0.62287 0.01790 0.01790 -0.05436 -0.05436 0.37713 0.37713 
 0.06701 0.62088 0.62088 0.01629 0.01629 -0.05123 -0.05123 0.37912 0.37912 
 0.06801 0.61901 0.61901 0.01471 0.01471 -0.04823 -0.04823 0.38099 0.38099 
 0.06901 0.61724 0.61724 0.01315 0.01315 -0.04538 -0.04538 0.38276 0.38276 
 0.07001 0.61559 0.61559 0.01162 0.01162 -0.04267 -0.04267 0.38442 0.38442 
 0.07101 0.61403 0.61403 0.01011 0.01011 -0.04011 -0.04011 0.38597 0.38597 
 0.07201 0.61256 0.61256 0.00863 0.00863 -0.03768 -0.03768 0.38744 0.38744 
 0.07301 0.61118 0.61118 0.00717 0.00717 -0.03540 -0.03540 0.38882 0.38882 
 0.07401 0.60989 0.60989 0.00573 0.00573 -0.03327 -0.03327 0.39011 0.39011 
 0.07501 0.60868 0.60868 0.00432 0.00432 -0.03127 -0.03127 0.39132 0.39132 
 0.07601 0.60753 0.60753 0.00293 0.00293 -0.02942 -0.02942 0.39247 0.39247 
 0.07701 0.60646 0.60646 0.00156 0.00156 -0.02770 -0.02770 0.39354 0.39354 
 0.07801 0.60545 0.60545 0.00022 0.00022 -0.02612 -0.02612 0.39455 0.39455 
 0.07901 0.60449 0.60449 -0.00110 -0.00110 -0.02467 -0.02467 0.39551 0.39551 
 0.08001 0.60359 0.60359 -0.00240 -0.00240 -0.02335 -0.02335 0.39642 0.39642 
 0.08101 0.60273 0.60273 -0.00368 -0.00368 -0.02216 -0.02216 0.39727 0.39727 
 0.08201 0.60191 0.60191 -0.00493 -0.00493 -0.02109 -0.02109 0.39809 0.39809 
 0.08301 0.60114 0.60114 -0.00616 -0.00616 -0.02015 -0.02015 0.39886 0.39886 
 0.08401 0.60039 0.60039 -0.00737 -0.00737 -0.01932 -0.01932 0.39961 0.39961 
 0.08501 0.59968 0.59968 -0.00856 -0.00856 -0.01861 -0.01861 0.40032 0.40032 
 0.08601 0.59899 0.59899 -0.00973 -0.00973 -0.01801 -0.01801 0.40101 0.40101 
 0.08701 0.59832 0.59832 -0.01087 -0.01087 -0.01751 -0.01751 0.40168 0.40168 
 0.08801 0.59767 0.59767 -0.01200 -0.01200 -0.01711 -0.01711 0.40233 0.40233 
 0.08901 0.59703 0.59703 -0.01310 -0.01310 -0.01681 -0.01681 0.40297 0.40297 
 0.09001 0.59640 0.59640 -0.01419 -0.01419 -0.01660 -0.01660 0.40360 0.40360 
 0.09101 0.59578 0.59578 -0.01525 -0.01525 -0.01648 -0.01648 0.40422 0.40422 
 0.09201 0.59516 0.59516 -0.01630 -0.01630 -0.01644 -0.01644 0.40484 0.40484 
 0.09301 0.59454 0.59454 -0.01733 -0.01733 -0.01648 -0.01648 0.40546 0.40546 
 0.09401 0.59392 0.59392 -0.01833 -0.01833 -0.01660 -0.01660 0.40608 0.40608 
 0.09501 0.59329 0.59329 -0.01932 -0.01932 -0.01678 -0.01678 0.40671 0.40671 
 0.09601 0.59265 0.59265 -0.02030 -0.02030 -0.01702 -0.01702 0.40735 0.40735 
 0.09701 0.59201 0.59201 -0.02125 -0.02125 -0.01733 -0.01733 0.40799 0.40799 
 0.09801 0.59135 0.59135 -0.02219 -0.02219 -0.01768 -0.01768 0.40865 0.40865 
 0.09901 0.59067 0.59067 -0.02311 -0.02311 -0.01809 -0.01809 0.40933 0.40933 
 0.10001 0.58998 0.58998 -0.02401 -0.02401 -0.01854 -0.01854 0.41002 0.41002 
 0.10101 0.58927 0.58927 -0.02490 -0.02490 -0.01904 -0.01904 0.41073 0.41073 
 0.10201 0.58855 0.58855 -0.02577 -0.02577 -0.01957 -0.01957 0.41145 0.41145 
 0.10301 0.58780 0.58780 -0.02663 -0.02663 -0.02013 -0.02013 0.41220 0.41220 
 0.10401 0.58703 0.58703 -0.02748 -0.02748 -0.02071 -0.02071 0.41297 0.41297 
 0.10501 0.58624 0.58624 -0.02831 -0.02831 -0.02133 -0.02133 0.41376 0.41376 
 0.10601 0.58542 0.58542 -0.02912 -0.02912 -0.02196 -0.02196 0.41458 0.41458 
 0.10701 0.58458 0.58458 -0.02993 -0.02993 -0.02260 -0.02260 0.41542 0.41542 
 0.10801 0.58372 0.58372 -0.03072 -0.03072 -0.02326 -0.02326 0.41628 0.41628 
 0.10901 0.58283 0.58283 -0.03150 -0.03150 -0.02393 -0.02393 0.41717 0.41717 
 0.11001 0.58192 0.58192 -0.03226 -0.03226 -0.02460 -0.02460 0.41808 0.41808 
 0.11101 0.58098 0.58098 -0.03302 -0.03302 -0.02527 -0.02527 0.41902 0.41902 
 0.11201 0.58001 0.58001 -0.03377 -0.03377 -0.02595 -0.02595 0.41999 0.41999 
 0.11301 0.57902 0.57902 -0.03450 -0.03450 -0.02661 -0.02661 0.42098 0.42098 
 0.11401 0.57801 0.57801 -0.03523 -0.03523 -0.02727 -0.02727 0.42199 0.42199 
 0.11501 0.57697 0.57697 -0.03595 -0.03595 -0.02793 -0.02793 0.42303 0.42303 
 0.11601 0.57590 0.57590 -0.03665 -0.03665 -0.02856 -0.02856 0.42410 0.42410 
 0.11701 0.57482 0.57482 -0.03735 -0.03735 -0.02919 -0.02919 0.42518 0.42518 
 0.11801 0.57371 0.57371 -0.03805 -0.03805 -0.02980 -0.02980 0.42629 0.42629 
 0.11901 0.57257 0.57257 -0.03873 -0.03873 -0.03039 -0.03039 0.42743 0.42743 
 0.12001 0.57142 0.57142 -0.03941 -0.03941 -0.03096 -0.03096 0.42858 0.42858 
 0.12101 0.57024 0.57024 -0.04008 -0.04008 -0.03151 -0.03151 0.42976 0.42976 
 0.12201 0.56904 0.56904 -0.04075 -0.04075 -0.03203 -0.03203 0.43096 0.43096 
 0.12301 0.56783 0.56783 -0.04141 -0.04141 -0.03253 -0.03253 0.43217 0.43217 
 0.12401 0.56659 0.56659 -0.04206 -0.04206 -0.03301 -0.03301 0.43341 0.43341 
 0.12501 0.56534 0.56534 -0.04272 -0.04272 -0.03346 -0.03346 0.43466 0.43466 
 0.12601 0.56407 0.56407 -0.04336 -0.04336 -0.03388 -0.03388 0.43593 0.43593 
 0.12701 0.56279 0.56279 -0.04401 -0.04401 -0.03427 -0.03427 0.43721 0.43721 
 0.12801 0.56149 0.56149 -0.04464 -0.04464 -0.03464 -0.03464 0.43851 0.43851 
 0.12901 0.56018 0.56018 -0.04528 -0.04528 -0.03498 -0.03498 0.43982 0.43982 
 0.13001 0.55885 0.55885 -0.04591 -0.04591 -0.03528 -0.03528 0.44115 0.44115 
 0.13101 0.55752 0.55752 -0.04654 -0.04654 -0.03556 -0.03556 0.44248 0.44248 
 0.13201 0.55617 0.55617 -0.04717 -0.04717 -0.03581 -0.03581 0.44383 0.44383 
 0.13301 0.55482 0.55482 -0.04779 -0.04779 -0.03603 -0.03603 0.44518 0.44518 
 0.13401 0.55346 0.55346 -0.04842 -0.04842 -0.03622 -0.03622 0.44654 0.44654 
 0.13501 0.55209 0.55209 -0.04904 -0.04904 -0.03638 -0.03638 0.44791 0.44791 
 0.13601 0.55072 0.55072 -0.04966 -0.04966 -0.03651 -0.03651 0.44928 0.44928 
 0.13701 0.54934 0.54934 -0.05027 -0.05027 -0.03661 -0.03661 0.45066 0.45066 
 0.13801 0.54796 0.54796 -0.05089 -0.05089 -0.03668 -0.03668 0.45204 0.45204 
 0.13901 0.54658 0.54658 -0.05150 -0.05150 -0.03673 -0.03673 0.45342 0.45342 
 0.14001 0.54519 0.54519 -0.05212 -0.05212 -0.03675 -0.03675 0.45481 0.45481 
 0.14101 0.54381 0.54381 -0.05273 -0.05273 -0.03674 -0.03674 0.45619 0.45619 
 0.14201 0.54243 0.54243 -0.05334 -0.05334 -0.03671 -0.03671 0.45757 0.45757 
 0.14301 0.54104 0.54104 -0.05395 -0.05395 -0.03666 -0.03666 0.45896 0.45896 
 0.14401 0.53966 0.53966 -0.05456 -0.05456 -0.03657 -0.03657 0.46034 0.46034 
 0.14501 0.53829 0.53829 -0.05517 -0.05517 -0.03647 -0.03647 0.46171 0.46171 
 0.14601 0.53692 0.53692 -0.05578 -0.05578 -0.03634 -0.03634 0.46308 0.46308 
 0.14701 0.53555 0.53555 -0.05638 -0.05638 -0.03620 -0.03620 0.46445 0.46445 
 0.14801 0.53419 0.53419 -0.05699 -0.05699 -0.03603 -0.03603 0.46581 0.46581 
 0.14901 0.53284 0.53284 -0.05759 -0.05759 -0.03584 -0.03584 0.46716 0.46716 
 0.15002 0.53149 0.53149 -0.05820 -0.05820 -0.03563 -0.03563 0.46851 0.46851 
 0.15102 0.53015 0.53015 -0.05880 -0.05880 -0.03541 -0.03541 0.46985 0.46985 
 0.15202 0.52882 0.52882 -0.05940 -0.05940 -0.03517 -0.03517 0.47118 0.47118 
 0.15302 0.52750 0.52750 -0.06000 -0.06000 -0.03492 -0.03492 0.47250 0.47250 
 0.15402 0.52619 0.52619 -0.06060 -0.06060 -0.03465 -0.03465 0.47381 0.47381 
 0.15502 0.52489 0.52489 -0.06120 -0.06120 -0.03436 -0.03436 0.47511 0.47511 
 0.15602 0.52360 0.52360 -0.06180 -0.06180 -0.03407 -0.03407 0.47640 0.47640 
 0.15702 0.52232 0.52232 -0.06240 -0.06240 -0.03376 -0.03376 0.47768 0.47768 
 0.15802 0.52106 0.52106 -0.06299 -0.06299 -0.03344 -0.03344 0.47894 0.47894 
 0.15902 0.51980 0.51980 -0.06359 -0.06359 -0.03312 -0.03312 0.48019 0.48019 
 0.16002 0.51856 0.51856 -0.06418 -0.06418 -0.03278 -0.03278 0.48144 0.48144 
 0.16102 0.51733 0.51733 -0.06477 -0.06477 -0.03244 -0.03244 0.48267 0.48267 
 0.16202 0.51612 0.51612 -0.06536 -0.06536 -0.03209 -0.03209 0.48388 0.48388 
 0.16302 0.51492 0.51492 -0.06595 -0.06595 -0.03174 -0.03174 0.48508 0.48508 
 0.16402 0.51373 0.51373 -0.06654 -0.06654 -0.03138 -0.03138 0.48627 0.48627 
 0.16502 0.51255 0.51255 -0.06712 -0.06712 -0.03101 -0.03101 0.48745 0.48745 
 0.16602 0.51139 0.51139 -0.06770 -0.06770 -0.03065 -0.03065 0.48861 0.48861 
 0.16702 0.51024 0.51024 -0.06828 -0.06828 -0.03028 -0.03028 0.48976 0.48976 
 0.16802 0.50911 0.50911 -0.06886 -0.06886 -0.02991 -0.02991 0.49089 0.49089 
 0.16902 0.50799 0.50799 -0.06944 -0.06944 -0.02954 -0.02954 0.49201 0.49201 
 0.17002 0.50688 0.50688 -0.07001 -0.07001 -0.02917 -0.02917 0.49312 0.49312 
 0.17102 0.50579 0.50579 -0.07058 -0.07058 -0.02881 -0.02881 0.49421 0.49421 
 0.17202 0.50471 0.50471 -0.07115 -0.07115 -0.02844 -0.02844 0.49529 0.49529 
 0.17302 0.50365 0.50365 -0.07171 -0.07171 -0.02807 -0.02807 0.49635 0.49635 
 0.17402 0.50260 0.50260 -0.07228 -0.07228 -0.02771 -0.02771 0.49740 0.49740 
 0.17502 0.50156 0.50156 -0.07283 -0.07283 -0.02735 -0.02735 0.49844 0.49844 
 0.17602 0.50054 0.50054 -0.07339 -0.07339 -0.02700 -0.02700 0.49946 0.49946 
 0.17702 0.49953 0.49953 -0.07394 -0.07394 -0.02665 -0.02665 0.50047 0.50047 
 0.17802 0.49853 0.49853 -0.07449 -0.07449 -0.02630 -0.02630 0.50147 0.50147 
 0.17902 0.49755 0.49755 -0.07504 -0.07504 -0.02596 -0.02596 0.50245 0.50245 
 0.18002 0.49657 0.49657 -0.07558 -0.07558 -0.02563 -0.02563 0.50343 0.50343 
 0.18102 0.49561 0.49561 -0.07612 -0.07612 -0.02530 -0.02530 0.50439 0.50439 
 0.18202 0.49467 0.49467 -0.07666 -0.07666 -0.02498 -0.02498 0.50533 0.50533 
 0.18302 0.49373 0.49373 -0.07719 -0.07719 -0.02467 -0.02467 0.50627 0.50627 
 0.18402 0.49281 0.49281 -0.07772 -0.07772 -0.02436 -0.02436 0.50719 0.50719 
 0.18502 0.49190 0.49190 -0.07825 -0.07825 -0.02406 -0.02406 0.50810 0.50810 
 0.18602 0.49100 0.49100 -0.07877 -0.07877 -0.02376 -0.02376 0.50901 0.50901 
 0.18702 0.49011 0.49011 -0.07929 -0.07929 -0.02348 -0.02348 0.50989 0.50989 
 0.18802 0.48923 0.48923 -0.07980 -0.07980 -0.02320 -0.02320 0.51077 0.51077 
 0.18902 0.48836 0.48836 -0.08031 -0.08031 -0.02293 -0.02293 0.51164 0.51164 
 0.19002 0.48750 0.48750 -0.08082 -0.08082 -0.02266 -0.02266 0.51250 0.51250 
 0.19102 0.48665 0.48665 -0.08132 -0.08132 -0.02241 -0.02241 0.51335 0.51335 
 0.19202 0.48581 0.48581 -0.08182 -0.08182 -0.02216 -0.02216 0.51419 0.51419 
 0.19302 0.48498 0.48498 -0.08231 -0.08231 -0.02192 -0.02192 0.51502 0.51502 
 0.19402 0.48416 0.48416 -0.08280 -0.08280 -0.02169 -0.02169 0.51584 0.51584 
 0.19502 0.48335 0.48335 -0.08328 -0.08328 -0.02147 -0.02147 0.51665 0.51665 
 0.19602 0.48254 0.48254 -0.08376 -0.08376 -0.02125 -0.02125 0.51746 0.51746 
 0.19702 0.48174 0.48174 -0.08424 -0.08424 -0.02105 -0.02105 0.51826 0.51826 
 0.19802 0.48096 0.48096 -0.08471 -0.08471 -0.02085 -0.02085 0.51904 0.51904 
 0.19902 0.48017 0.48017 -0.08518 -0.08518 -0.02065 -0.02065 0.51983 0.51983 
 0.20002 0.47798 0.47940 -0.08610 -0.08565 -0.02125 -0.02047 0.52097 0.52060 
 0.20102 0.47715 0.47863 -0.08619 -0.08611 -0.02111 -0.02029 0.52166 0.52137 
 0.20202 0.47641 0.47787 -0.08627 -0.08656 -0.02094 -0.02012 0.52231 0.52213 
 0.20302 0.47573 0.47711 -0.08635 -0.08701 -0.02081 -0.01996 0.52296 0.52289 
 0.20402 0.47510 0.47637 -0.08649 -0.08746 -0.02069 -0.01980 0.52366 0.52363 
 0.20502 0.47447 0.47562 -0.08665 -0.08791 -0.02057 -0.01965 0.52438 0.52438 
 0.20602 0.47392 0.47489 -0.08691 -0.08835 -0.02047 -0.01951 0.52511 0.52511 
 0.20702 0.47334 0.47415 -0.08719 -0.08878 -0.02042 -0.01937 0.52587 0.52585 
 0.20802 0.47278 0.47343 -0.08751 -0.08921 -0.02036 -0.01924 0.52665 0.52657 
 0.20902 0.47226 0.47270 -0.08784 -0.08964 -0.02032 -0.01911 0.52743 0.52730 
 0.21002 0.47170 0.47199 -0.08817 -0.09006 -0.02029 -0.01899 0.52816 0.52801 
 0.21102 0.47108 0.47127 -0.08846 -0.09048 -0.02030 -0.01888 0.52891 0.52873 
 0.21202 0.47037 0.47056 -0.08882 -0.09090 -0.02034 -0.01877 0.52963 0.52944 
 0.21302 0.46965 0.46986 -0.08913 -0.09131 -0.02036 -0.01866 0.53040 0.53014 
 0.21402 0.46892 0.46916 -0.08950 -0.09172 -0.02035 -0.01856 0.53116 0.53084 
 0.21502 0.46823 0.46846 -0.08986 -0.09212 -0.02037 -0.01847 0.53192 0.53154 
 0.21602 0.46753 0.46777 -0.09024 -0.09252 -0.02039 -0.01837 0.53269 0.53223 
 0.21702 0.46677 0.46708 -0.09056 -0.09292 -0.02042 -0.01829 0.53345 0.53292 
 0.21802 0.46606 0.46639 -0.09095 -0.09331 -0.02036 -0.01820 0.53416 0.53361 
 0.21902 0.46542 0.46570 -0.09128 -0.09370 -0.02032 -0.01812 0.53493 0.53430 
 0.22002 0.46478 0.46502 -0.09163 -0.09408 -0.02024 -0.01804 0.53573 0.53498 
 0.22102 0.46422 0.46434 -0.09195 -0.09446 -0.02022 -0.01797 0.53656 0.53566 
 0.22202 0.46364 0.46367 -0.09233 -0.09484 -0.02020 -0.01790 0.53738 0.53633 
 0.22302 0.46306 0.46299 -0.09272 -0.09522 -0.02017 -0.01783 0.53817 0.53700 
 0.22402 0.46255 0.46232 -0.09311 -0.09559 -0.02007 -0.01776 0.53899 0.53768 
 0.22502 0.46201 0.46166 -0.09341 -0.09596 -0.01994 -0.01770 0.53987 0.53834 
 0.22602 0.46133 0.46099 -0.09370 -0.09632 -0.01985 -0.01764 0.54069 0.53901 
 0.22702 0.46060 0.46033 -0.09390 -0.09668 -0.01974 -0.01758 0.54152 0.53967 
 0.22802 0.45980 0.45967 -0.09421 -0.09704 -0.01968 -0.01752 0.54223 0.54033 
 0.22902 0.45896 0.45901 -0.09448 -0.09740 -0.01965 -0.01746 0.54289 0.54099 
 0.23002 0.45814 0.45835 -0.09481 -0.09775 -0.01959 -0.01740 0.54352 0.54165 
 0.23102 0.45726 0.45770 -0.09513 -0.09810 -0.01957 -0.01735 0.54414 0.54230 
 0.23202 0.45632 0.45704 -0.09546 -0.09844 -0.01953 -0.01729 0.54479 0.54295 
 0.23302 0.45544 0.45639 -0.09573 -0.09879 -0.01949 -0.01724 0.54550 0.54361 
 0.23402 0.45455 0.45575 -0.09604 -0.09913 -0.01941 -0.01718 0.54622 0.54425 
 0.23502 0.45368 0.45510 -0.09633 -0.09946 -0.01933 -0.01713 0.54693 0.54490 
 0.23602 0.45281 0.45445 -0.09661 -0.09980 -0.01924 -0.01708 0.54763 0.54554 
 0.23702 0.45198 0.45381 -0.09681 -0.10013 -0.01913 -0.01702 0.54835 0.54619 
 0.23802 0.45118 0.45317 -0.09708 -0.10046 -0.01902 -0.01697 0.54904 0.54683 
 0.23902 0.45040 0.45253 -0.09733 -0.10079 -0.01890 -0.01692 0.54972 0.54747 
 0.24002 0.44960 0.45190 -0.09757 -0.10111 -0.01878 -0.01687 0.55036 0.54810 
 0.24102 0.44881 0.45126 -0.09780 -0.10143 -0.01871 -0.01681 0.55098 0.54874 
 0.24202 0.44807 0.45063 -0.09808 -0.10175 -0.01868 -0.01676 0.55161 0.54937 
 0.24302 0.44730 0.45000 -0.09832 -0.10207 -0.01864 -0.01670 0.55226 0.55000 
 0.24402 0.44654 0.44937 -0.09857 -0.10238 -0.01860 -0.01665 0.55291 0.55063 
 0.24502 0.44582 0.44875 -0.09881 -0.10269 -0.01852 -0.01659 0.55356 0.55125 
 0.24602 0.44514 0.44812 -0.09908 -0.10300 -0.01842 -0.01654 0.55424 0.55188 
 0.24702 0.44443 0.44750 -0.09929 -0.10331 -0.01827 -0.01648 0.55493 0.55250 
 0.24802 0.44372 0.44688 -0.09953 -0.10361 -0.01818 -0.01642 0.55564 0.55312 
 0.24902 0.44305 0.44626 -0.09972 -0.10391 -0.01809 -0.01637 0.55633 0.55374 
 0.25003 0.44238 0.44565 -0.09996 -0.10421 -0.01801 -0.01631 0.55700 0.55435 
 0.25103 0.44170 0.44503 -0.10019 -0.10451 -0.01791 -0.01625 0.55770 0.55497 
 0.25203 0.44100 0.44442 -0.10047 -0.10481 -0.01777 -0.01619 0.55844 0.55558 
 0.25303 0.44034 0.44381 -0.10076 -0.10510 -0.01767 -0.01612 0.55913 0.55619 
 0.25403 0.43966 0.44321 -0.10107 -0.10539 -0.01760 -0.01606 0.55980 0.55679 
 0.25503 0.43894 0.44260 -0.10138 -0.10568 -0.01752 -0.01600 0.56046 0.55740 
 0.25603 0.43821 0.44200 -0.10171 -0.10597 -0.01749 -0.01593 0.56119 0.55800 
 0.25703 0.43752 0.44140 -0.10201 -0.10625 -0.01743 -0.01587 0.56188 0.55860 
 0.25803 0.43686 0.44081 -0.10233 -0.10654 -0.01737 -0.01580 0.56256 0.55919 
 0.25903 0.43618 0.44021 -0.10262 -0.10682 -0.01728 -0.01573 0.56324 0.55979 
 0.26003 0.43550 0.43962 -0.10295 -0.10710 -0.01722 -0.01567 0.56390 0.56038 
 0.26103 0.43486 0.43903 -0.10328 -0.10737 -0.01715 -0.01560 0.56456 0.56097 
 0.26203 0.43422 0.43845 -0.10363 -0.10765 -0.01708 -0.01553 0.56522 0.56155 
 0.26303 0.43360 0.43786 -0.10397 -0.10792 -0.01700 -0.01546 0.56589 0.56214 
 0.26403 0.43302 0.43728 -0.10429 -0.10819 -0.01696 -0.01539 0.56657 0.56272 
 0.26503 0.43242 0.43670 -0.10459 -0.10846 -0.01692 -0.01531 0.56726 0.56330 
 0.26603 0.43182 0.43613 -0.10490 -0.10873 -0.01686 -0.01524 0.56794 0.56387 
 0.26703 0.43125 0.43556 -0.10522 -0.10900 -0.01678 -0.01517 0.56856 0.56444 
 0.26803 0.43069 0.43499 -0.10550 -0.10926 -0.01671 -0.01509 0.56918 0.56502 
 0.26903 0.43011 0.43442 -0.10581 -0.10952 -0.01664 -0.01502 0.56980 0.56558 
 0.27003 0.42951 0.43385 -0.10610 -0.10978 -0.01656 -0.01494 0.57046 0.56615 
 0.27103 0.42892 0.43329 -0.10637 -0.11004 -0.01647 -0.01487 0.57111 0.56671 
 0.27203 0.42832 0.43273 -0.10666 -0.11030 -0.01638 -0.01479 0.57176 0.56727 
 0.27303 0.42774 0.43218 -0.10693 -0.11055 -0.01630 -0.01471 0.57237 0.56782 
 0.27403 0.42714 0.43162 -0.10719 -0.11081 -0.01622 -0.01463 0.57299 0.56837 
 0.27503 0.42656 0.43107 -0.10745 -0.11106 -0.01612 -0.01456 0.57357 0.56893 
 0.27603 0.42593 0.43053 -0.10778 -0.11131 -0.01600 -0.01448 0.57413 0.56947 
 0.27703 0.42533 0.42998 -0.10811 -0.11156 -0.01589 -0.01440 0.57467 0.57002 
 0.27803 0.42470 0.42944 -0.10844 -0.11180 -0.01576 -0.01432 0.57524 0.57056 
 0.27903 0.42411 0.42890 -0.10875 -0.11205 -0.01561 -0.01424 0.57583 0.57110 
 0.28003 0.42353 0.42837 -0.10905 -0.11229 -0.01549 -0.01416 0.57641 0.57163 
 0.28103 0.42295 0.42784 -0.10936 -0.11253 -0.01538 -0.01409 0.57698 0.57216 
 0.28203 0.42232 0.42731 -0.10965 -0.11277 -0.01525 -0.01401 0.57750 0.57269 
 0.28303 0.42169 0.42678 -0.10994 -0.11301 -0.01514 -0.01393 0.57806 0.57322 
 0.28403 0.42108 0.42626 -0.11023 -0.11325 -0.01501 -0.01385 0.57863 0.57374 
 0.28503 0.42049 0.42574 -0.11049 -0.11348 -0.01488 -0.01377 0.57918 0.57426 
 0.28603 0.41991 0.42522 -0.11076 -0.11371 -0.01475 -0.01369 0.57977 0.57478 
 0.28703 0.41936 0.42471 -0.11104 -0.11395 -0.01462 -0.01361 0.58033 0.57529 
 0.28803 0.41883 0.42420 -0.11134 -0.11418 -0.01452 -0.01353 0.58090 0.57580 
 0.28903 0.41829 0.42369 -0.11160 -0.11441 -0.01440 -0.01345 0.58144 0.57631 
 0.29003 0.41774 0.42318 -0.11187 -0.11463 -0.01431 -0.01338 0.58197 0.57682 
 0.29103 0.41718 0.42268 -0.11212 -0.11486 -0.01421 -0.01330 0.58249 0.57732 
 0.29203 0.41664 0.42218 -0.11237 -0.11508 -0.01412 -0.01322 0.58302 0.57782 
 0.29303 0.41610 0.42168 -0.11264 -0.11530 -0.01405 -0.01314 0.58353 0.57832 
 0.29403 0.41555 0.42119 -0.11289 -0.11552 -0.01398 -0.01307 0.58403 0.57881 
 0.29503 0.41502 0.42070 -0.11318 -0.11574 -0.01392 -0.01299 0.58450 0.57930 
 0.29603 0.41450 0.42021 -0.11343 -0.11596 -0.01385 -0.01291 0.58500 0.57979 
 0.29703 0.41398 0.41973 -0.11365 -0.11618 -0.01377 -0.01284 0.58548 0.58027 
 0.29803 0.41347 0.41924 -0.11388 -0.11639 -0.01369 -0.01276 0.58598 0.58076 
 0.29903 0.41295 0.41876 -0.11407 -0.11660 -0.01359 -0.01269 0.58647 0.58123 
 0.30003 0.41244 0.41829 -0.11430 -0.11681 -0.01351 -0.01262 0.58697 0.58171 
 0.30103 0.41194 0.41781 -0.11455 -0.11702 -0.01344 -0.01254 0.58748 0.58218 
 0.30203 0.41144 0.41734 -0.11478 -0.11723 -0.01337 -0.01247 0.58798 0.58266 
 0.30303 0.41092 0.41687 -0.11498 -0.11744 -0.01330 -0.01240 0.58847 0.58313 
 0.30403 0.41042 0.41641 -0.11516 -0.11764 -0.01323 -0.01233 0.58896 0.58359 
 0.30503 0.40990 0.41595 -0.11533 -0.11785 -0.01313 -0.01225 0.58943 0.58405 
 0.30603 0.40939 0.41549 -0.11554 -0.11805 -0.01307 -0.01218 0.58989 0.58451 
 0.30703 0.40890 0.41503 -0.11573 -0.11825 -0.01299 -0.01211 0.59038 0.58497 
 0.30803 0.40840 0.41457 -0.11591 -0.11845 -0.01294 -0.01205 0.59087 0.58543 
 0.30903 0.40792 0.41412 -0.11610 -0.11865 -0.01289 -0.01198 0.59136 0.58588 
 0.31003 0.40744 0.41367 -0.11625 -0.11884 -0.01282 -0.01191 0.59185 0.58633 
 0.31103 0.40696 0.41322 -0.11641 -0.11904 -0.01275 -0.01184 0.59230 0.58678 
 0.31203 0.40649 0.41278 -0.11656 -0.11923 -0.01269 -0.01178 0.59277 0.58722 
 0.31303 0.40607 0.41234 -0.11670 -0.11942 -0.01261 -0.01171 0.59322 0.58766 
 0.31403 0.40558 0.41190 -0.11686 -0.11961 -0.01256 -0.01164 0.59368 0.58810 
 0.31503 0.40514 0.41146 -0.11703 -0.11980 -0.01248 -0.01158 0.59418 0.58854 
 0.31603 0.40469 0.41102 -0.11718 -0.11999 -0.01241 -0.01152 0.59467 0.58898 
 0.31703 0.40424 0.41059 -0.11733 -0.12018 -0.01233 -0.01145 0.59514 0.58941 
 0.31803 0.40380 0.41016 -0.11750 -0.12036 -0.01227 -0.01139 0.59561 0.58984 
 0.31903 0.40337 0.40973 -0.11767 -0.12054 -0.01218 -0.01133 0.59609 0.59027 
 0.32003 0.40293 0.40931 -0.11779 -0.12073 -0.01211 -0.01127 0.59655 0.59069 
 0.32103 0.40247 0.40888 -0.11792 -0.12091 -0.01205 -0.01121 0.59701 0.59112 
 0.32203 0.40202 0.40846 -0.11804 -0.12109 -0.01199 -0.01115 0.59747 0.59154 
 0.32303 0.40158 0.40804 -0.11819 -0.12126 -0.01192 -0.01109 0.59792 0.59196 
 0.32403 0.40115 0.40763 -0.11832 -0.12144 -0.01185 -0.01103 0.59840 0.59237 
 0.32503 0.40070 0.40721 -0.11844 -0.12162 -0.01180 -0.01097 0.59886 0.59279 
 0.32603 0.40025 0.40680 -0.11860 -0.12179 -0.01176 -0.01091 0.59931 0.59320 
 0.32703 0.39981 0.40639 -0.11875 -0.12196 -0.01173 -0.01086 0.59976 0.59361 
 0.32803 0.39936 0.40598 -0.11889 -0.12213 -0.01169 -0.01080 0.60023 0.59402 
 0.32903 0.39896 0.40558 -0.11903 -0.12230 -0.01165 -0.01074 0.60070 0.59442 
 0.33003 0.39851 0.40517 -0.11914 -0.12247 -0.01163 -0.01069 0.60118 0.59483 
 0.33103 0.39808 0.40477 -0.11929 -0.12264 -0.01162 -0.01063 0.60161 0.59523 
 0.33203 0.39766 0.40437 -0.11942 -0.12281 -0.01159 -0.01058 0.60204 0.59563 
 0.33303 0.39721 0.40397 -0.11956 -0.12297 -0.01158 -0.01052 0.60248 0.59603 
 0.33403 0.39676 0.40358 -0.11970 -0.12314 -0.01158 -0.01047 0.60291 0.59642 
 0.33503 0.39635 0.40319 -0.11983 -0.12330 -0.01154 -0.01042 0.60334 0.59681 
 0.33603 0.39593 0.40280 -0.11993 -0.12346 -0.01152 -0.01037 0.60376 0.59720 
 0.33703 0.39552 0.40241 -0.12006 -0.12362 -0.01152 -0.01031 0.60421 0.59759 
 0.33803 0.39507 0.40202 -0.12021 -0.12378 -0.01151 -0.01026 0.60462 0.59798 
 0.33903 0.39464 0.40163 -0.12033 -0.12394 -0.01152 -0.01021 0.60502 0.59837 
 0.34003 0.39421 0.40125 -0.12046 -0.12409 -0.01153 -0.01016 0.60544 0.59875 
 0.34103 0.39380 0.40087 -0.12059 -0.12425 -0.01150 -0.01011 0.60585 0.59913 
 0.34203 0.39336 0.40049 -0.12069 -0.12441 -0.01152 -0.01006 0.60627 0.59951 
 0.34303 0.39293 0.40011 -0.12083 -0.12456 -0.01152 -0.01001 0.60669 0.59989 
 0.34403 0.39248 0.39973 -0.12093 -0.12471 -0.01152 -0.00996 0.60711 0.60027 
 0.34503 0.39204 0.39936 -0.12106 -0.12486 -0.01153 -0.00991 0.60755 0.60064 
 0.34603 0.39161 0.39898 -0.12116 -0.12501 -0.01155 -0.00987 0.60799 0.60101 
 0.34703 0.39118 0.39861 -0.12130 -0.12516 -0.01159 -0.00982 0.60842 0.60139 
 0.34803 0.39076 0.39825 -0.12144 -0.12531 -0.01160 -0.00977 0.60885 0.60176 
 0.34903 0.39036 0.39788 -0.12158 -0.12545 -0.01162 -0.00972 0.60929 0.60212 
 0.35004 0.38992 0.39751 -0.12168 -0.12560 -0.01163 -0.00968 0.60975 0.60249 
 0.35104 0.38952 0.39715 -0.12178 -0.12574 -0.01163 -0.00963 0.61019 0.60285 
 0.35204 0.38906 0.39679 -0.12189 -0.12589 -0.01165 -0.00958 0.61059 0.60321 
 0.35304 0.38863 0.39643 -0.12198 -0.12603 -0.01166 -0.00954 0.61102 0.60357 
 0.35404 0.38819 0.39607 -0.12209 -0.12617 -0.01167 -0.00949 0.61144 0.60393 
 0.35504 0.38777 0.39571 -0.12218 -0.12631 -0.01165 -0.00945 0.61189 0.60429 
 0.35604 0.38733 0.39536 -0.12227 -0.12645 -0.01163 -0.00940 0.61235 0.60464 
 0.35704 0.38690 0.39500 -0.12235 -0.12659 -0.01162 -0.00936 0.61281 0.60500 
 0.35804 0.38646 0.39465 -0.12244 -0.12672 -0.01162 -0.00931 0.61327 0.60535 
 0.35904 0.38605 0.39430 -0.12253 -0.12686 -0.01160 -0.00927 0.61370 0.60570 
 0.36004 0.38560 0.39395 -0.12263 -0.12699 -0.01161 -0.00922 0.61416 0.60605 
 0.36104 0.38516 0.39361 -0.12274 -0.12713 -0.01162 -0.00918 0.61462 0.60639 
 0.36204 0.38470 0.39326 -0.12285 -0.12726 -0.01162 -0.00913 0.61508 0.60674 
 0.36304 0.38427 0.39292 -0.12297 -0.12740 -0.01162 -0.00909 0.61554 0.60708 
 0.36404 0.38383 0.39258 -0.12308 -0.12753 -0.01163 -0.00905 0.61597 0.60742 
 0.36504 0.38339 0.39224 -0.12319 -0.12766 -0.01165 -0.00900 0.61641 0.60776 
 0.36604 0.38297 0.39190 -0.12330 -0.12779 -0.01164 -0.00896 0.61684 0.60810 
 0.36704 0.38255 0.39156 -0.12341 -0.12791 -0.01162 -0.00892 0.61729 0.60844 
 0.36804 0.38209 0.39123 -0.12353 -0.12804 -0.01162 -0.00887 0.61772 0.60877 
 0.36904 0.38164 0.39089 -0.12365 -0.12817 -0.01160 -0.00883 0.61814 0.60911 
 0.37004 0.38117 0.39056 -0.12374 -0.12829 -0.01158 -0.00879 0.61859 0.60944 
 0.37104 0.38075 0.39023 -0.12383 -0.12842 -0.01155 -0.00875 0.61902 0.60977 
 0.37204 0.38032 0.38990 -0.12392 -0.12854 -0.01150 -0.00871 0.61946 0.61010 
 0.37304 0.37989 0.38957 -0.12401 -0.12867 -0.01147 -0.00866 0.61993 0.61043 
 0.37404 0.37943 0.38925 -0.12411 -0.12879 -0.01146 -0.00862 0.62036 0.61075 
 0.37504 0.37899 0.38893 -0.12424 -0.12891 -0.01144 -0.00858 0.62082 0.61108 
 0.37604 0.37855 0.38860 -0.12436 -0.12903 -0.01143 -0.00854 0.62126 0.61140 
 0.37704 0.37813 0.38828 -0.12449 -0.12915 -0.01141 -0.00850 0.62171 0.61172 
 0.37804 0.37772 0.38796 -0.12460 -0.12927 -0.01139 -0.00846 0.62215 0.61204 
 0.37904 0.37731 0.38764 -0.12474 -0.12939 -0.01136 -0.00842 0.62258 0.61236 
 0.38004 0.37688 0.38733 -0.12490 -0.12950 -0.01133 -0.00837 0.62303 0.61267 
 0.38104 0.37649 0.38701 -0.12505 -0.12962 -0.01132 -0.00833 0.62346 0.61299 
 0.38204 0.37606 0.38670 -0.12516 -0.12973 -0.01129 -0.00829 0.62390 0.61330 
 0.38304 0.37566 0.38639 -0.12530 -0.12985 -0.01128 -0.00825 0.62437 0.61361 
 0.38404 0.37524 0.38608 -0.12544 -0.12996 -0.01127 -0.00821 0.62482 0.61392 
 0.38504 0.37480 0.38577 -0.12557 -0.13008 -0.01124 -0.00817 0.62523 0.61423 
 0.38604 0.37437 0.38546 -0.12568 -0.13019 -0.01121 -0.00813 0.62567 0.61454 
 0.38704 0.37393 0.38516 -0.12580 -0.13030 -0.01117 -0.00809 0.62609 0.61484 
 0.38804 0.37350 0.38485 -0.12592 -0.13041 -0.01113 -0.00805 0.62652 0.61515 
 0.38904 0.37306 0.38455 -0.12608 -0.13052 -0.01108 -0.00801 0.62695 0.61545 
 0.39004 0.37264 0.38425 -0.12620 -0.13063 -0.01104 -0.00797 0.62737 0.61575 
 0.39104 0.37225 0.38395 -0.12632 -0.13074 -0.01100 -0.00793 0.62781 0.61605 
 0.39204 0.37184 0.38365 -0.12647 -0.13084 -0.01099 -0.00790 0.62826 0.61635 
 0.39304 0.37141 0.38336 -0.12663 -0.13095 -0.01097 -0.00786 0.62868 0.61664 
 0.39404 0.37098 0.38306 -0.12678 -0.13106 -0.01093 -0.00782 0.62909 0.61694 
 0.39504 0.37056 0.38277 -0.12693 -0.13116 -0.01088 -0.00778 0.62952 0.61723 
 0.39604 0.37016 0.38247 -0.12708 -0.13127 -0.01084 -0.00774 0.62994 0.61753 
 0.39704 0.36976 0.38218 -0.12723 -0.13137 -0.01079 -0.00770 0.63035 0.61782 
 0.39804 0.36935 0.38189 -0.12738 -0.13147 -0.01075 -0.00766 0.63075 0.61811 
 0.39904 0.36896 0.38161 -0.12752 -0.13158 -0.01071 -0.00763 0.63115 0.61840 
 0.40004 0.36855 0.38132 -0.12767 -0.13168 -0.01065 -0.00759 0.63155 0.61868 
 0.40104 0.36815 0.38103 -0.12781 -0.13178 -0.01059 -0.00755 0.63196 0.61897 
 0.40204 0.36774 0.38075 -0.12795 -0.13188 -0.01053 -0.00751 0.63235 0.61925 
 0.40304 0.36735 0.38047 -0.12810 -0.13198 -0.01048 -0.00748 0.63275 0.61953 
 0.40404 0.36694 0.38019 -0.12824 -0.13208 -0.01042 -0.00744 0.63316 0.61981 
 0.40504 0.36654 0.37991 -0.12836 -0.13218 -0.01035 -0.00740 0.63357 0.62009 
 0.40604 0.36613 0.37963 -0.12849 -0.13227 -0.01028 -0.00736 0.63397 0.62037 
 0.40704 0.36575 0.37935 -0.12862 -0.13237 -0.01021 -0.00733 0.63436 0.62065 
 0.40804 0.36535 0.37908 -0.12876 -0.13247 -0.01014 -0.00729 0.63475 0.62092 
 0.40904 0.36497 0.37880 -0.12890 -0.13256 -0.01006 -0.00725 0.63515 0.62120 
 0.41004 0.36459 0.37853 -0.12904 -0.13266 -0.01000 -0.00722 0.63555 0.62147 
 0.41104 0.36422 0.37826 -0.12919 -0.13275 -0.00993 -0.00718 0.63595 0.62174 
 0.41204 0.36384 0.37799 -0.12933 -0.13284 -0.00986 -0.00715 0.63633 0.62201 
 0.41304 0.36347 0.37772 -0.12946 -0.13294 -0.00978 -0.00711 0.63672 0.62228 
 0.41404 0.36310 0.37745 -0.12960 -0.13303 -0.00971 -0.00708 0.63709 0.62255 
 0.41504 0.36274 0.37719 -0.12974 -0.13312 -0.00964 -0.00704 0.63747 0.62281 
 0.41604 0.36237 0.37692 -0.12988 -0.13321 -0.00958 -0.00701 0.63784 0.62308 
 0.41704 0.36201 0.37666 -0.13001 -0.13330 -0.00951 -0.00697 0.63821 0.62334 
 0.41804 0.36166 0.37640 -0.13015 -0.13339 -0.00945 -0.00694 0.63858 0.62360 
 0.41904 0.36132 0.37614 -0.13027 -0.13348 -0.00938 -0.00690 0.63895 0.62386 
 0.42004 0.36098 0.37588 -0.13041 -0.13357 -0.00931 -0.00687 0.63931 0.62412 
 0.42104 0.36065 0.37562 -0.13054 -0.13366 -0.00923 -0.00683 0.63967 0.62438 
 0.42204 0.36030 0.37536 -0.13068 -0.13375 -0.00917 -0.00680 0.64002 0.62464 
 0.42304 0.35997 0.37511 -0.13081 -0.13383 -0.00909 -0.00676 0.64037 0.62489 
 0.42404 0.35962 0.37485 -0.13094 -0.13392 -0.00903 -0.00673 0.64072 0.62515 
 0.42504 0.35929 0.37460 -0.13107 -0.13400 -0.00896 -0.00670 0.64106 0.62540 
 0.42604 0.35895 0.37435 -0.13121 -0.13409 -0.00890 -0.00666 0.64140 0.62565 
 0.42704 0.35862 0.37410 -0.13135 -0.13417 -0.00883 -0.00663 0.64175 0.62590 
 0.42804 0.35828 0.37385 -0.13148 -0.13426 -0.00877 -0.00660 0.64209 0.62615 
 0.42904 0.35795 0.37360 -0.13162 -0.13434 -0.00870 -0.00656 0.64242 0.62640 
 0.43004 0.35761 0.37335 -0.13176 -0.13442 -0.00865 -0.00653 0.64275 0.62665 
 0.43104 0.35728 0.37311 -0.13189 -0.13450 -0.00859 -0.00650 0.64308 0.62689 
 0.43204 0.35695 0.37287 -0.13203 -0.13459 -0.00853 -0.00647 0.64341 0.62713 
 0.43304 0.35664 0.37262 -0.13216 -0.13467 -0.00847 -0.00643 0.64374 0.62738 
 0.43404 0.35631 0.37238 -0.13230 -0.13475 -0.00842 -0.00640 0.64406 0.62762 
 0.43504 0.35600 0.37214 -0.13243 -0.13483 -0.00836 -0.00637 0.64438 0.62786 
 0.43604 0.35567 0.37190 -0.13257 -0.13490 -0.00832 -0.00634 0.64471 0.62810 
 0.43704 0.35535 0.37166 -0.13271 -0.13498 -0.00827 -0.00631 0.64502 0.62834 
 0.43804 0.35503 0.37142 -0.13284 -0.13506 -0.00824 -0.00628 0.64534 0.62858 
 0.43904 0.35472 0.37119 -0.13298 -0.13514 -0.00819 -0.00625 0.64565 0.62881 
 0.44004 0.35441 0.37095 -0.13311 -0.13522 -0.00816 -0.00621 0.64597 0.62905 
 0.44104 0.35411 0.37072 -0.13324 -0.13529 -0.00811 -0.00618 0.64628 0.62928 
 0.44204 0.35381 0.37049 -0.13337 -0.13537 -0.00807 -0.00615 0.64659 0.62951 
 0.44304 0.35351 0.37026 -0.13349 -0.13545 -0.00803 -0.00612 0.64690 0.62974 
 0.44404 0.35321 0.37003 -0.13361 -0.13552 -0.00799 -0.00609 0.64720 0.62997 
 0.44504 0.35291 0.36980 -0.13373 -0.13559 -0.00796 -0.00606 0.64750 0.63020 
 0.44604 0.35261 0.36957 -0.13385 -0.13567 -0.00792 -0.00603 0.64780 0.63043 
 0.44704 0.35232 0.36934 -0.13395 -0.13574 -0.00789 -0.00600 0.64810 0.63066 
 0.44804 0.35202 0.36912 -0.13406 -0.13581 -0.00786 -0.00597 0.64840 0.63088 
 0.44904 0.35173 0.36889 -0.13418 -0.13589 -0.00782 -0.00594 0.64870 0.63111 
 0.45005 0.35144 0.36867 -0.13428 -0.13596 -0.00779 -0.00591 0.64899 0.63133 
 0.45105 0.35115 0.36845 -0.13438 -0.13603 -0.00776 -0.00589 0.64928 0.63155 
 0.45205 0.35085 0.36823 -0.13448 -0.13610 -0.00773 -0.00586 0.64957 0.63177 
 0.45305 0.35056 0.36801 -0.13459 -0.13617 -0.00770 -0.00583 0.64986 0.63199 
 0.45405 0.35026 0.36779 -0.13468 -0.13624 -0.00768 -0.00580 0.65014 0.63221 
 0.45505 0.34998 0.36757 -0.13478 -0.13631 -0.00765 -0.00577 0.65044 0.63243 
 0.45605 0.34969 0.36735 -0.13487 -0.13638 -0.00763 -0.00574 0.65073 0.63265 
 0.45705 0.34941 0.36714 -0.13496 -0.13645 -0.00760 -0.00571 0.65102 0.63286 
 0.45805 0.34912 0.36692 -0.13506 -0.13652 -0.00759 -0.00569 0.65131 0.63308 
 0.45905 0.34884 0.36671 -0.13515 -0.13658 -0.00756 -0.00566 0.65159 0.63329 
 0.46005 0.34855 0.36650 -0.13524 -0.13665 -0.00754 -0.00563 0.65187 0.63350 
 0.46105 0.34827 0.36628 -0.13533 -0.13672 -0.00752 -0.00560 0.65216 0.63372 
 0.46205 0.34799 0.36607 -0.13541 -0.13678 -0.00750 -0.00557 0.65244 0.63393 
 0.46305 0.34772 0.36586 -0.13550 -0.13685 -0.00749 -0.00555 0.65272 0.63414 
 0.46405 0.34743 0.36566 -0.13559 -0.13692 -0.00748 -0.00552 0.65301 0.63435 
 0.46505 0.34715 0.36545 -0.13567 -0.13698 -0.00747 -0.00549 0.65329 0.63455 
 0.46605 0.34687 0.36524 -0.13574 -0.13704 -0.00746 -0.00547 0.65358 0.63476 
 0.46705 0.34659 0.36504 -0.13582 -0.13711 -0.00745 -0.00544 0.65386 0.63496 
 0.46805 0.34630 0.36483 -0.13590 -0.13717 -0.00745 -0.00541 0.65414 0.63517 
 0.46905 0.34603 0.36463 -0.13597 -0.13723 -0.00744 -0.00539 0.65442 0.63537 
 0.47005 0.34574 0.36443 -0.13604 -0.13730 -0.00743 -0.00536 0.65470 0.63557 
 0.47105 0.34546 0.36422 -0.13612 -0.13736 -0.00743 -0.00533 0.65499 0.63578 
 0.47205 0.34517 0.36402 -0.13619 -0.13742 -0.00743 -0.00531 0.65527 0.63598 
 0.47305 0.34490 0.36383 -0.13626 -0.13748 -0.00742 -0.00528 0.65555 0.63618 
 0.47405 0.34462 0.36363 -0.13633 -0.13754 -0.00741 -0.00526 0.65583 0.63637 
 0.47505 0.34435 0.36343 -0.13640 -0.13761 -0.00741 -0.00523 0.65611 0.63657 
 0.47605 0.34406 0.36323 -0.13646 -0.13767 -0.00741 -0.00520 0.65638 0.63677 
 0.47705 0.34378 0.36304 -0.13653 -0.13772 -0.00740 -0.00518 0.65666 0.63696 
 0.47805 0.34349 0.36284 -0.13658 -0.13778 -0.00740 -0.00515 0.65694 0.63716 
 0.47905 0.34321 0.36265 -0.13664 -0.13784 -0.00740 -0.00513 0.65723 0.63735 
 0.48005 0.34293 0.36246 -0.13670 -0.13790 -0.00740 -0.00510 0.65751 0.63755 
 0.48105 0.34265 0.36226 -0.13676 -0.13796 -0.00739 -0.00508 0.65779 0.63774 
 0.48205 0.34237 0.36207 -0.13681 -0.13802 -0.00739 -0.00505 0.65807 0.63793 
 0.48305 0.34209 0.36188 -0.13687 -0.13808 -0.00739 -0.00503 0.65835 0.63812 
 0.48405 0.34181 0.36169 -0.13692 -0.13813 -0.00739 -0.00500 0.65863 0.63831 
 0.48505 0.34153 0.36151 -0.13697 -0.13819 -0.00739 -0.00498 0.65891 0.63849 
 0.48605 0.34124 0.36132 -0.13702 -0.13825 -0.00739 -0.00496 0.65919 0.63868 
 0.48705 0.34097 0.36113 -0.13707 -0.13830 -0.00739 -0.00493 0.65947 0.63887 
 0.48805 0.34068 0.36095 -0.13712 -0.13836 -0.00739 -0.00491 0.65975 0.63905 
 0.48905 0.34040 0.36076 -0.13717 -0.13841 -0.00739 -0.00488 0.66003 0.63924 
 0.49005 0.34011 0.36058 -0.13722 -0.13847 -0.00739 -0.00486 0.66031 0.63942 
 0.49105 0.33984 0.36040 -0.13727 -0.13852 -0.00738 -0.00484 0.66058 0.63960 
 0.49205 0.33955 0.36022 -0.13731 -0.13858 -0.00738 -0.00481 0.66086 0.63979 
 0.49305 0.33928 0.36003 -0.13736 -0.13863 -0.00737 -0.00479 0.66114 0.63997 
 0.49405 0.33900 0.35985 -0.13741 -0.13868 -0.00738 -0.00476 0.66142 0.64015 
 0.49505 0.33872 0.35968 -0.13745 -0.13873 -0.00737 -0.00474 0.66169 0.64033 
 0.49605 0.33844 0.35950 -0.13750 -0.13879 -0.00737 -0.00472 0.66197 0.64050 
 0.49705 0.33816 0.35932 -0.13754 -0.13884 -0.00736 -0.00470 0.66224 0.64068 
 0.49805 0.33787 0.35914 -0.13758 -0.13889 -0.00735 -0.00467 0.66252 0.64086 
 0.49905 0.33760 0.35897 -0.13763 -0.13894 -0.00735 -0.00465 0.66280 0.64103 
 0.50005 0.33731 0.35879 -0.13768 -0.13900 -0.00734 -0.00463 0.66307 0.64121 
 0.50105 0.33704 0.35862 -0.13773 -0.13905 -0.00734 -0.00460 0.66335 0.64138 
 0.50205 0.33675 0.35845 -0.13778 -0.13910 -0.00733 -0.00458 0.66363 0.64155 
 0.50305 0.33648 0.35827 -0.13784 -0.13915 -0.00733 -0.00456 0.66390 0.64173 
 0.50405 0.33619 0.35810 -0.13788 -0.13920 -0.00732 -0.00454 0.66418 0.64190 
 0.50505 0.33592 0.35793 -0.13794 -0.13925 -0.00731 -0.00451 0.66445 0.64207 
 0.50605 0.33563 0.35776 -0.13799 -0.13930 -0.00730 -0.00449 0.66473 0.64224 
 0.50705 0.33536 0.35759 -0.13804 -0.13934 -0.00729 -0.00447 0.66500 0.64241 
 0.50805 0.33508 0.35742 -0.13809 -0.13939 -0.00729 -0.00445 0.66528 0.64258 
 0.50905 0.33481 0.35726 -0.13813 -0.13944 -0.00727 -0.00443 0.66555 0.64274 
 0.51005 0.33453 0.35709 -0.13819 -0.13949 -0.00726 -0.00440 0.66582 0.64291 
 0.51105 0.33426 0.35693 -0.13824 -0.13954 -0.00724 -0.00438 0.66609 0.64307 
 0.51205 0.33398 0.35676 -0.13829 -0.13958 -0.00723 -0.00436 0.66636 0.64324 
 0.51305 0.33372 0.35660 -0.13835 -0.13963 -0.00721 -0.00434 0.66663 0.64340 
 0.51405 0.33343 0.35644 -0.13840 -0.13968 -0.00719 -0.00432 0.66690 0.64357 
 0.51505 0.33316 0.35627 -0.13845 -0.13972 -0.00717 -0.00430 0.66717 0.64373 
 0.51605 0.33289 0.35611 -0.13850 -0.13977 -0.00715 -0.00428 0.66743 0.64389 
 0.51705 0.33263 0.35595 -0.13856 -0.13982 -0.00713 -0.00426 0.66770 0.64405 
 0.51805 0.33235 0.35579 -0.13861 -0.13986 -0.00711 -0.00423 0.66797 0.64421 
 0.51905 0.33209 0.35563 -0.13867 -0.13991 -0.00709 -0.00421 0.66824 0.64437 
 0.52005 0.33181 0.35547 -0.13873 -0.13995 -0.00707 -0.00419 0.66851 0.64453 
 0.52105 0.33155 0.35531 -0.13879 -0.14000 -0.00705 -0.00417 0.66877 0.64468 
 0.52205 0.33127 0.35516 -0.13885 -0.14004 -0.00703 -0.00415 0.66903 0.64484 
 0.52305 0.33101 0.35500 -0.13891 -0.14008 -0.00701 -0.00413 0.66930 0.64500 
 0.52405 0.33074 0.35485 -0.13897 -0.14013 -0.00698 -0.00411 0.66956 0.64515 
 0.52505 0.33049 0.35469 -0.13903 -0.14017 -0.00695 -0.00409 0.66982 0.64531 
 0.52605 0.33022 0.35454 -0.13909 -0.14022 -0.00693 -0.00407 0.67009 0.64546 
 0.52705 0.32997 0.35439 -0.13915 -0.14026 -0.00691 -0.00405 0.67035 0.64561 
 0.52805 0.32970 0.35423 -0.13921 -0.14030 -0.00688 -0.00403 0.67060 0.64577 
 0.52905 0.32945 0.35408 -0.13927 -0.14034 -0.00685 -0.00401 0.67085 0.64592 
 0.53005 0.32919 0.35393 -0.13933 -0.14039 -0.00682 -0.00399 0.67111 0.64607 
 0.53105 0.32894 0.35378 -0.13940 -0.14043 -0.00679 -0.00397 0.67136 0.64622 
 0.53205 0.32867 0.35363 -0.13946 -0.14047 -0.00676 -0.00395 0.67161 0.64637 
 0.53305 0.32842 0.35348 -0.13953 -0.14051 -0.00673 -0.00393 0.67187 0.64652 
 0.53405 0.32817 0.35334 -0.13960 -0.14055 -0.00671 -0.00391 0.67212 0.64667 
 0.53505 0.32792 0.35319 -0.13967 -0.14059 -0.00667 -0.00390 0.67237 0.64681 
 0.53605 0.32766 0.35304 -0.13973 -0.14063 -0.00665 -0.00388 0.67262 0.64696 
 0.53705 0.32742 0.35290 -0.13981 -0.14067 -0.00661 -0.00386 0.67287 0.64710 
 0.53805 0.32716 0.35275 -0.13988 -0.14071 -0.00658 -0.00384 0.67311 0.64725 
 0.53905 0.32692 0.35261 -0.13995 -0.14075 -0.00655 -0.00382 0.67336 0.64739 
 0.54005 0.32666 0.35246 -0.14001 -0.14079 -0.00652 -0.00380 0.67360 0.64754 
 0.54105 0.32642 0.35232 -0.14008 -0.14083 -0.00649 -0.00378 0.67384 0.64768 
 0.54205 0.32617 0.35218 -0.14015 -0.14087 -0.00646 -0.00376 0.67408 0.64782 
 0.54305 0.32593 0.35204 -0.14022 -0.14091 -0.00642 -0.00374 0.67432 0.64796 
 0.54405 0.32568 0.35190 -0.14030 -0.14095 -0.00639 -0.00373 0.67456 0.64810 
 0.54505 0.32545 0.35176 -0.14037 -0.14098 -0.00635 -0.00371 0.67480 0.64824 
 0.54605 0.32520 0.35162 -0.14044 -0.14102 -0.00633 -0.00369 0.67503 0.64838 
 0.54705 0.32497 0.35148 -0.14052 -0.14106 -0.00629 -0.00367 0.67526 0.64852 
 0.54805 0.32472 0.35134 -0.14060 -0.14110 -0.00626 -0.00365 0.67549 0.64866 
 0.54905 0.32449 0.35120 -0.14067 -0.14114 -0.00623 -0.00364 0.67572 0.64880 
 0.55006 0.32425 0.35107 -0.14075 -0.14117 -0.00620 -0.00362 0.67595 0.64893 
 0.55106 0.32403 0.35093 -0.14083 -0.14121 -0.00617 -0.00360 0.67618 0.64907 
 0.55206 0.32379 0.35080 -0.14090 -0.14125 -0.00614 -0.00358 0.67641 0.64921 
 0.55306 0.32357 0.35066 -0.14098 -0.14128 -0.00610 -0.00356 0.67663 0.64934 
 0.55406 0.32333 0.35053 -0.14105 -0.14132 -0.00607 -0.00355 0.67686 0.64947 
 0.55506 0.32311 0.35039 -0.14113 -0.14135 -0.00604 -0.00353 0.67708 0.64961 
 0.55606 0.32288 0.35026 -0.14121 -0.14139 -0.00601 -0.00351 0.67731 0.64974 
 0.55706 0.32265 0.35013 -0.14129 -0.14142 -0.00598 -0.00350 0.67753 0.64987 
 0.55806 0.32242 0.35000 -0.14136 -0.14146 -0.00595 -0.00348 0.67775 0.65000 
 0.55906 0.32221 0.34987 -0.14144 -0.14149 -0.00592 -0.00346 0.67797 0.65013 
 0.56006 0.32198 0.34974 -0.14152 -0.14153 -0.00590 -0.00344 0.67820 0.65026 
 0.56106 0.32176 0.34961 -0.14160 -0.14156 -0.00587 -0.00343 0.67842 0.65039 
 0.56206 0.32153 0.34948 -0.14168 -0.14160 -0.00585 -0.00341 0.67863 0.65052 
 0.56306 0.32131 0.34935 -0.14176 -0.14163 -0.00582 -0.00339 0.67885 0.65065 
 0.56406 0.32108 0.34922 -0.14184 -0.14167 -0.00580 -0.00338 0.67906 0.65078 
 0.56506 0.32087 0.34910 -0.14192 -0.14170 -0.00577 -0.00336 0.67928 0.65090 
 0.56606 0.32065 0.34897 -0.14199 -0.14173 -0.00575 -0.00334 0.67949 0.65103 
 0.56706 0.32044 0.34884 -0.14207 -0.14177 -0.00573 -0.00333 0.67971 0.65116 
 0.56806 0.32022 0.34872 -0.14215 -0.14180 -0.00571 -0.00331 0.67993 0.65128 
 0.56906 0.32001 0.34859 -0.14222 -0.14183 -0.00569 -0.00329 0.68014 0.65141 
 0.57006 0.31979 0.34847 -0.14230 -0.14186 -0.00567 -0.00328 0.68036 0.65153 
 0.57106 0.31958 0.34835 -0.14237 -0.14189 -0.00564 -0.00326 0.68057 0.65165 
 0.57206 0.31936 0.34823 -0.14244 -0.14193 -0.00563 -0.00325 0.68078 0.65177 
 0.57306 0.31915 0.34810 -0.14252 -0.14196 -0.00561 -0.00323 0.68099 0.65190 
 0.57406 0.31893 0.34798 -0.14259 -0.14199 -0.00559 -0.00321 0.68120 0.65202 
 0.57506 0.31872 0.34786 -0.14266 -0.14202 -0.00557 -0.00320 0.68141 0.65214 
 0.57606 0.31851 0.34774 -0.14273 -0.14205 -0.00556 -0.00318 0.68162 0.65226 
 0.57706 0.31830 0.34762 -0.14280 -0.14208 -0.00554 -0.00317 0.68183 0.65238 
 0.57806 0.31809 0.34750 -0.14288 -0.14212 -0.00553 -0.00315 0.68204 0.65250 
 0.57906 0.31788 0.34738 -0.14295 -0.14215 -0.00551 -0.00314 0.68224 0.65262 
 0.58006 0.31766 0.34726 -0.14302 -0.14218 -0.00550 -0.00312 0.68245 0.65273 
 0.58106 0.31746 0.34715 -0.14308 -0.14221 -0.00549 -0.00311 0.68265 0.65285 
 0.58206 0.31724 0.34703 -0.14315 -0.14224 -0.00548 -0.00309 0.68286 0.65297 
 0.58306 0.31704 0.34691 -0.14322 -0.14227 -0.00547 -0.00308 0.68307 0.65309 
 0.58406 0.31683 0.34680 -0.14329 -0.14230 -0.00546 -0.00306 0.68327 0.65320 
 0.58506 0.31662 0.34669 -0.14335 -0.14233 -0.00545 -0.00305 0.68347 0.65331 
 0.58606 0.31641 0.34657 -0.14342 -0.14236 -0.00544 -0.00303 0.68368 0.65343 
 0.58706 0.31621 0.34646 -0.14348 -0.14239 -0.00543 -0.00302 0.68388 0.65354 
 0.58806 0.31599 0.34634 -0.14354 -0.14241 -0.00542 -0.00300 0.68409 0.65366 
 0.58906 0.31579 0.34623 -0.14361 -0.14244 -0.00542 -0.00299 0.68430 0.65377 
 0.59006 0.31558 0.34612 -0.14367 -0.14247 -0.00541 -0.00297 0.68450 0.65388 
 0.59106 0.31538 0.34601 -0.14373 -0.14250 -0.00540 -0.00296 0.68470 0.65399 
 0.59206 0.31517 0.34590 -0.14379 -0.14253 -0.00540 -0.00294 0.68491 0.65411 
 0.59306 0.31497 0.34579 -0.14385 -0.14256 -0.00540 -0.00293 0.68511 0.65421 
 0.59406 0.31476 0.34568 -0.14391 -0.14258 -0.00539 -0.00291 0.68531 0.65433 
 0.59506 0.31456 0.34557 -0.14397 -0.14261 -0.00539 -0.00290 0.68552 0.65443 
 0.59606 0.31435 0.34546 -0.14402 -0.14264 -0.00539 -0.00288 0.68572 0.65454 
 0.59706 0.31415 0.34535 -0.14408 -0.14267 -0.00538 -0.00287 0.68592 0.65465 
 0.59806 0.31394 0.34524 -0.14414 -0.14269 -0.00538 -0.00286 0.68613 0.65476 
 0.59906 0.31374 0.34513 -0.14419 -0.14272 -0.00538 -0.00284 0.68633 0.65487 
 0.60006 0.31353 0.34503 -0.14424 -0.14275 -0.00538 -0.00283 0.68653 0.65497 
 0.60106 0.31333 0.34492 -0.14430 -0.14277 -0.00537 -0.00281 0.68673 0.65508 
 0.60206 0.31312 0.34481 -0.14435 -0.14280 -0.00537 -0.00280 0.68694 0.65519 
 0.60306 0.31292 0.34471 -0.14440 -0.14283 -0.00537 -0.00279 0.68714 0.65529 
 0.60406 0.31271 0.34460 -0.14445 -0.14285 -0.00537 -0.00277 0.68734 0.65540 
 0.60506 0.31251 0.34450 -0.14450 -0.14288 -0.00536 -0.00276 0.68755 0.65550 
 0.60606 0.31230 0.34440 -0.14455 -0.14291 -0.00536 -0.00275 0.68775 0.65560 
 0.60706 0.31210 0.34429 -0.14460 -0.14293 -0.00536 -0.00273 0.68795 0.65571 
 0.60806 0.31189 0.34419 -0.14465 -0.14296 -0.00536 -0.00272 0.68816 0.65581 
 0.60906 0.31169 0.34409 -0.14470 -0.14298 -0.00536 -0.00271 0.68836 0.65591 
 0.61006 0.31148 0.34399 -0.14474 -0.14301 -0.00535 -0.00269 0.68856 0.65601 
 0.61106 0.31128 0.34388 -0.14479 -0.14303 -0.00535 -0.00268 0.68876 0.65612 
 0.61206 0.31107 0.34378 -0.14484 -0.14306 -0.00535 -0.00267 0.68897 0.65622 
 0.61306 0.31087 0.34368 -0.14488 -0.14308 -0.00535 -0.00265 0.68917 0.65632 
 0.61406 0.31066 0.34358 -0.14493 -0.14311 -0.00535 -0.00264 0.68938 0.65642 
 0.61506 0.31046 0.34348 -0.14497 -0.14313 -0.00535 -0.00263 0.68958 0.65651 
 0.61606 0.31025 0.34339 -0.14502 -0.14316 -0.00534 -0.00261 0.68978 0.65661 
 0.61706 0.31005 0.34329 -0.14506 -0.14318 -0.00534 -0.00260 0.68998 0.65671 
 0.61806 0.30985 0.34319 -0.14510 -0.14320 -0.00534 -0.00259 0.69019 0.65681 
 0.61906 0.30965 0.34309 -0.14515 -0.14323 -0.00534 -0.00258 0.69039 0.65691 
 0.62006 0.30944 0.34300 -0.14519 -0.14325 -0.00533 -0.00256 0.69059 0.65700 
 0.62106 0.30925 0.34290 -0.14523 -0.14328 -0.00533 -0.00255 0.69080 0.65710 
 0.62206 0.30904 0.34280 -0.14527 -0.14330 -0.00533 -0.00254 0.69100 0.65720 
 0.62306 0.30884 0.34271 -0.14532 -0.14332 -0.00532 -0.00253 0.69120 0.65729 
 0.62406 0.30863 0.34261 -0.14535 -0.14334 -0.00532 -0.00251 0.69140 0.65739 
 0.62506 0.30843 0.34252 -0.14540 -0.14337 -0.00531 -0.00250 0.69160 0.65748 
 0.62606 0.30823 0.34242 -0.14544 -0.14339 -0.00531 -0.00249 0.69180 0.65758 
 0.62706 0.30803 0.34233 -0.14548 -0.14341 -0.00530 -0.00248 0.69201 0.65767 
 0.62806 0.30783 0.34224 -0.14552 -0.14344 -0.00529 -0.00246 0.69221 0.65776 
 0.62906 0.30763 0.34215 -0.14556 -0.14346 -0.00529 -0.00245 0.69241 0.65785 
 0.63006 0.30742 0.34205 -0.14560 -0.14348 -0.00528 -0.00244 0.69261 0.65795 
 0.63106 0.30723 0.34196 -0.14564 -0.14350 -0.00527 -0.00243 0.69281 0.65804 
 0.63206 0.30702 0.34187 -0.14568 -0.14352 -0.00526 -0.00242 0.69301 0.65813 
 0.63306 0.30683 0.34178 -0.14572 -0.14355 -0.00525 -0.00240 0.69321 0.65822 
 0.63406 0.30662 0.34169 -0.14576 -0.14357 -0.00525 -0.00239 0.69341 0.65831 
 0.63506 0.30643 0.34160 -0.14580 -0.14359 -0.00524 -0.00238 0.69361 0.65840 
 0.63606 0.30623 0.34151 -0.14584 -0.14361 -0.00523 -0.00237 0.69381 0.65849 
 0.63706 0.30603 0.34142 -0.14588 -0.14363 -0.00522 -0.00236 0.69401 0.65858 
 0.63806 0.30583 0.34133 -0.14592 -0.14365 -0.00520 -0.00235 0.69421 0.65867 
 0.63906 0.30564 0.34125 -0.14596 -0.14367 -0.00519 -0.00233 0.69440 0.65875 
 0.64006 0.30544 0.34116 -0.14600 -0.14370 -0.00518 -0.00232 0.69460 0.65884 
 0.64106 0.30525 0.34107 -0.14604 -0.14372 -0.00517 -0.00231 0.69480 0.65893 
 0.64206 0.30505 0.34098 -0.14608 -0.14374 -0.00515 -0.00230 0.69500 0.65902 
 0.64306 0.30486 0.34090 -0.14612 -0.14376 -0.00514 -0.00229 0.69519 0.65910 
 0.64406 0.30466 0.34081 -0.14616 -0.14378 -0.00512 -0.00228 0.69539 0.65919 
 0.64506 0.30447 0.34073 -0.14620 -0.14380 -0.00511 -0.00227 0.69558 0.65928 
 0.64606 0.30427 0.34064 -0.14624 -0.14382 -0.00509 -0.00225 0.69578 0.65936 
 0.64706 0.30408 0.34055 -0.14629 -0.14384 -0.00508 -0.00224 0.69597 0.65944 
 0.64806 0.30389 0.34047 -0.14633 -0.14386 -0.00506 -0.00223 0.69616 0.65953 
 0.64906 0.30370 0.34039 -0.14637 -0.14388 -0.00504 -0.00222 0.69635 0.65961 
 0.65007 0.30351 0.34030 -0.14641 -0.14390 -0.00503 -0.00221 0.69655 0.65970 
 0.65107 0.30332 0.34022 -0.14646 -0.14392 -0.00501 -0.00220 0.69674 0.65978 
 0.65207 0.30313 0.34014 -0.14650 -0.14394 -0.00499 -0.00219 0.69693 0.65986 
 0.65307 0.30294 0.34005 -0.14654 -0.14396 -0.00497 -0.00218 0.69712 0.65995 
 0.65407 0.30275 0.33997 -0.14659 -0.14398 -0.00495 -0.00217 0.69731 0.66003 
 0.65507 0.30257 0.33989 -0.14663 -0.14400 -0.00493 -0.00216 0.69749 0.66011 
 0.65607 0.30238 0.33981 -0.14667 -0.14401 -0.00491 -0.00215 0.69768 0.66019 
 0.65707 0.30220 0.33973 -0.14672 -0.14403 -0.00489 -0.00214 0.69787 0.66027 
 0.65807 0.30201 0.33965 -0.14677 -0.14405 -0.00487 -0.00213 0.69805 0.66035 
 0.65907 0.30183 0.33957 -0.14681 -0.14407 -0.00484 -0.00211 0.69824 0.66043 
 0.66007 0.30165 0.33949 -0.14686 -0.14409 -0.00482 -0.00210 0.69842 0.66051 
 0.66107 0.30147 0.33941 -0.14690 -0.14411 -0.00480 -0.00209 0.69861 0.66059 
 0.66207 0.30128 0.33933 -0.14695 -0.14413 -0.00478 -0.00208 0.69879 0.66067 
 0.66307 0.30111 0.33925 -0.14700 -0.14414 -0.00475 -0.00207 0.69897 0.66075 
 0.66407 0.30093 0.33918 -0.14705 -0.14416 -0.00473 -0.00206 0.69915 0.66082 
 0.66507 0.30075 0.33910 -0.14710 -0.14418 -0.00471 -0.00205 0.69933 0.66090 
 0.66607 0.30057 0.33902 -0.14714 -0.14420 -0.00468 -0.00204 0.69951 0.66098 
 0.66707 0.30040 0.33894 -0.14719 -0.14422 -0.00466 -0.00203 0.69968 0.66105 
 0.66807 0.30022 0.33887 -0.14724 -0.14423 -0.00464 -0.00202 0.69986 0.66113 
 0.66907 0.30005 0.33879 -0.14729 -0.14425 -0.00461 -0.00201 0.70004 0.66121 
 0.67007 0.29987 0.33872 -0.14734 -0.14427 -0.00459 -0.00200 0.70021 0.66128 
 0.67107 0.29970 0.33864 -0.14740 -0.14428 -0.00456 -0.00199 0.70039 0.66136 
 0.67207 0.29953 0.33857 -0.14745 -0.14430 -0.00454 -0.00198 0.70056 0.66143 
 0.67307 0.29936 0.33849 -0.14750 -0.14432 -0.00451 -0.00197 0.70073 0.66151 
 0.67407 0.29919 0.33842 -0.14755 -0.14434 -0.00449 -0.00196 0.70090 0.66158 
 0.67507 0.29902 0.33835 -0.14761 -0.14435 -0.00447 -0.00195 0.70107 0.66165 
 0.67607 0.29885 0.33827 -0.14766 -0.14437 -0.00444 -0.00194 0.70124 0.66173 
 0.67707 0.29868 0.33820 -0.14771 -0.14439 -0.00442 -0.00193 0.70141 0.66180 
 0.67807 0.29851 0.33813 -0.14777 -0.14440 -0.00439 -0.00193 0.70158 0.66187 
 0.67907 0.29835 0.33805 -0.14782 -0.14442 -0.00437 -0.00192 0.70175 0.66195 
 0.68007 0.29818 0.33798 -0.14788 -0.14444 -0.00435 -0.00191 0.70191 0.66202 
 0.68107 0.29802 0.33791 -0.14793 -0.14445 -0.00432 -0.00190 0.70208 0.66209 
 0.68207 0.29786 0.33784 -0.14799 -0.14447 -0.00430 -0.00189 0.70224 0.66216 
 0.68307 0.29770 0.33777 -0.14804 -0.14449 -0.00428 -0.00188 0.70241 0.66223 
 0.68407 0.29753 0.33770 -0.14810 -0.14450 -0.00425 -0.00187 0.70257 0.66230 
 0.68507 0.29737 0.33763 -0.14816 -0.14452 -0.00423 -0.00186 0.70273 0.66237 
 0.68607 0.29721 0.33756 -0.14821 -0.14453 -0.00421 -0.00185 0.70289 0.66244 
 0.68707 0.29705 0.33749 -0.14827 -0.14455 -0.00419 -0.00184 0.70305 0.66251 
 0.68807 0.29689 0.33742 -0.14833 -0.14456 -0.00417 -0.00183 0.70321 0.66258 
 0.68907 0.29674 0.33735 -0.14838 -0.14458 -0.00414 -0.00182 0.70337 0.66265 
 0.69007 0.29658 0.33728 -0.14844 -0.14460 -0.00412 -0.00181 0.70353 0.66272 
 0.69107 0.29642 0.33721 -0.14850 -0.14461 -0.00410 -0.00181 0.70368 0.66279 
 0.69207 0.29627 0.33714 -0.14856 -0.14463 -0.00408 -0.00180 0.70384 0.66286 
 0.69307 0.29612 0.33708 -0.14861 -0.14464 -0.00406 -0.00179 0.70399 0.66292 
 0.69407 0.29596 0.33701 -0.14867 -0.14466 -0.00404 -0.00178 0.70415 0.66299 
 0.69507 0.29581 0.33694 -0.14873 -0.14467 -0.00402 -0.00177 0.70430 0.66306 
 0.69607 0.29565 0.33688 -0.14878 -0.14469 -0.00401 -0.00176 0.70446 0.66312 
 0.69707 0.29551 0.33681 -0.14884 -0.14470 -0.00399 -0.00175 0.70461 0.66319 
 0.69807 0.29535 0.33674 -0.14890 -0.14472 -0.00397 -0.00174 0.70476 0.66326 
 0.69907 0.29521 0.33668 -0.14896 -0.14473 -0.00395 -0.00174 0.70491 0.66332 
 0.70007 0.29506 0.33661 -0.14902 -0.14475 -0.00393 -0.00173 0.70506 0.66339 
 0.70107 0.29491 0.33655 -0.14907 -0.14476 -0.00392 -0.00172 0.70521 0.66345 
 0.70207 0.29476 0.33648 -0.14913 -0.14477 -0.00390 -0.00171 0.70536 0.66352 
 0.70307 0.29461 0.33642 -0.14919 -0.14479 -0.00389 -0.00170 0.70551 0.66358 
 0.70407 0.29446 0.33636 -0.14925 -0.14480 -0.00387 -0.00169 0.70566 0.66364 
 0.70507 0.29432 0.33629 -0.14930 -0.14482 -0.00386 -0.00169 0.70580 0.66371 
 0.70607 0.29417 0.33623 -0.14936 -0.14483 -0.00384 -0.00168 0.70595 0.66377 
 0.70707 0.29403 0.33617 -0.14942 -0.14485 -0.00383 -0.00167 0.70610 0.66383 
 0.70807 0.29388 0.33610 -0.14948 -0.14486 -0.00382 -0.00166 0.70624 0.66390 
 0.70907 0.29374 0.33604 -0.14953 -0.14487 -0.00380 -0.00165 0.70639 0.66396 
 0.71007 0.29360 0.33598 -0.14959 -0.14489 -0.00379 -0.00164 0.70653 0.66402 
 0.71107 0.29346 0.33592 -0.14965 -0.14490 -0.00378 -0.00164 0.70668 0.66408 
 0.71207 0.29331 0.33586 -0.14970 -0.14491 -0.00377 -0.00163 0.70682 0.66414 
 0.71307 0.29317 0.33579 -0.14976 -0.14493 -0.00376 -0.00162 0.70696 0.66421 
 0.71407 0.29303 0.33573 -0.14981 -0.14494 -0.00375 -0.00161 0.70710 0.66427 
 0.71507 0.29289 0.33567 -0.14987 -0.14495 -0.00374 -0.00160 0.70725 0.66433 
 0.71607 0.29275 0.33561 -0.14993 -0.14497 -0.00373 -0.00160 0.70739 0.66439 
 0.71707 0.29261 0.33555 -0.14998 -0.14498 -0.00372 -0.00159 0.70753 0.66445 
 0.71807 0.29247 0.33549 -0.15004 -0.14499 -0.00371 -0.00158 0.70767 0.66451 
 0.71907 0.29233 0.33543 -0.15009 -0.14501 -0.00370 -0.00157 0.70781 0.66457 
 0.72007 0.29219 0.33537 -0.15015 -0.14502 -0.00369 -0.00156 0.70795 0.66463 
 0.72107 0.29205 0.33531 -0.15020 -0.14503 -0.00368 -0.00156 0.70809 0.66468 
 0.72207 0.29191 0.33526 -0.15026 -0.14504 -0.00368 -0.00155 0.70823 0.66474 
 0.72307 0.29177 0.33520 -0.15031 -0.14506 -0.00367 -0.00154 0.70837 0.66480 
 0.72407 0.29163 0.33514 -0.15036 -0.14507 -0.00366 -0.00153 0.70851 0.66486 
 0.72507 0.29150 0.33508 -0.15042 -0.14508 -0.00366 -0.00153 0.70865 0.66492 
 0.72607 0.29136 0.33503 -0.15047 -0.14510 -0.00365 -0.00152 0.70879 0.66497 
 0.72707 0.29122 0.33497 -0.15052 -0.14511 -0.00365 -0.00151 0.70893 0.66503 
 0.72807 0.29109 0.33491 -0.15057 -0.14512 -0.00364 -0.00150 0.70907 0.66509 
 0.72907 0.29095 0.33486 -0.15062 -0.14513 -0.00363 -0.00150 0.70921 0.66514 
 0.73007 0.29081 0.33480 -0.15067 -0.14514 -0.00363 -0.00149 0.70935 0.66520 
 0.73107 0.29068 0.33474 -0.15073 -0.14516 -0.00362 -0.00148 0.70949 0.66526 
 0.73207 0.29054 0.33469 -0.15078 -0.14517 -0.00362 -0.00147 0.70963 0.66531 
 0.73307 0.29041 0.33463 -0.15083 -0.14518 -0.00362 -0.00147 0.70976 0.66537 
 0.73407 0.29027 0.33458 -0.15088 -0.14519 -0.00361 -0.00146 0.70990 0.66542 
 0.73507 0.29014 0.33452 -0.15092 -0.14520 -0.00361 -0.00145 0.71004 0.66548 
 0.73607 0.29000 0.33447 -0.15097 -0.14522 -0.00360 -0.00145 0.71018 0.66553 
 0.73707 0.28987 0.33441 -0.15102 -0.14523 -0.00360 -0.00144 0.71032 0.66559 
 0.73807 0.28973 0.33436 -0.15107 -0.14524 -0.00360 -0.00143 0.71046 0.66564 
 0.73907 0.28960 0.33431 -0.15112 -0.14525 -0.00359 -0.00142 0.71059 0.66570 
 0.74007 0.28946 0.33425 -0.15116 -0.14526 -0.00359 -0.00142 0.71073 0.66575 
 0.74107 0.28933 0.33420 -0.15121 -0.14527 -0.00358 -0.00141 0.71087 0.66580 
 0.74207 0.28919 0.33415 -0.15126 -0.14528 -0.00358 -0.00140 0.71101 0.66585 
 0.74307 0.28906 0.33409 -0.15130 -0.14530 -0.00358 -0.00140 0.71114 0.66591 
 0.74407 0.28893 0.33404 -0.15135 -0.14531 -0.00357 -0.00139 0.71128 0.66596 
 0.74507 0.28879 0.33399 -0.15140 -0.14532 -0.00357 -0.00138 0.71142 0.66601 
 0.74607 0.28866 0.33394 -0.15144 -0.14533 -0.00357 -0.00138 0.71156 0.66606 
 0.74707 0.28853 0.33388 -0.15149 -0.14534 -0.00356 -0.00137 0.71169 0.66612 
 0.74807 0.28839 0.33383 -0.15153 -0.14535 -0.00356 -0.00136 0.71183 0.66617 
 0.74907 0.28826 0.33378 -0.15158 -0.14536 -0.00356 -0.00136 0.71197 0.66622 
 0.75008 0.28813 0.33373 -0.15162 -0.14537 -0.00355 -0.00135 0.71210 0.66627 
 0.75108 0.28800 0.33368 -0.15166 -0.14538 -0.00355 -0.00134 0.71224 0.66632 
 0.75208 0.28786 0.33363 -0.15171 -0.14539 -0.00354 -0.00134 0.71238 0.66637 
 0.75308 0.28773 0.33358 -0.15175 -0.14541 -0.00354 -0.00133 0.71252 0.66642 
 0.75408 0.28760 0.33353 -0.15179 -0.14542 -0.00353 -0.00132 0.71265 0.66647 
 0.75508 0.28747 0.33348 -0.15183 -0.14543 -0.00353 -0.00132 0.71279 0.66652 
 0.75608 0.28733 0.33343 -0.15188 -0.14544 -0.00352 -0.00131 0.71293 0.66657 
 0.75708 0.28720 0.33338 -0.15192 -0.14545 -0.00352 -0.00130 0.71306 0.66662 
 0.75808 0.28707 0.33333 -0.15196 -0.14546 -0.00351 -0.00130 0.71320 0.66667 
 0.75908 0.28694 0.33328 -0.15200 -0.14547 -0.00351 -0.00129 0.71333 0.66672 
 0.76008 0.28681 0.33324 -0.15204 -0.14548 -0.00350 -0.00128 0.71347 0.66677 
 0.76108 0.28668 0.33319 -0.15209 -0.14549 -0.00349 -0.00128 0.71360 0.66681 
 0.76208 0.28655 0.33314 -0.15213 -0.14550 -0.00349 -0.00127 0.71374 0.66686 
 0.76308 0.28642 0.33309 -0.15217 -0.14551 -0.00348 -0.00126 0.71387 0.66691 
 0.76408 0.28629 0.33304 -0.15221 -0.14552 -0.00347 -0.00126 0.71401 0.66696 
 0.76508 0.28616 0.33300 -0.15225 -0.14553 -0.00347 -0.00125 0.71414 0.66700 
 0.76608 0.28603 0.33295 -0.15229 -0.14554 -0.00346 -0.00125 0.71428 0.66705 
 0.76708 0.28590 0.33290 -0.15233 -0.14555 -0.00345 -0.00124 0.71441 0.66710 
 0.76808 0.28577 0.33286 -0.15237 -0.14556 -0.00344 -0.00123 0.71455 0.66714 
 0.76908 0.28565 0.33281 -0.15241 -0.14557 -0.00343 -0.00123 0.71468 0.66719 
 0.77008 0.28552 0.33276 -0.15245 -0.14558 -0.00342 -0.00122 0.71481 0.66724 
 0.77108 0.28539 0.33272 -0.15249 -0.14559 -0.00341 -0.00122 0.71494 0.66728 
 0.77208 0.28526 0.33267 -0.15253 -0.14560 -0.00341 -0.00121 0.71508 0.66733 
 0.77308 0.28514 0.33263 -0.15258 -0.14561 -0.00340 -0.00120 0.71521 0.66737 
 0.77408 0.28501 0.33258 -0.15262 -0.14561 -0.00339 -0.00120 0.71534 0.66742 
 0.77508 0.28488 0.33254 -0.15266 -0.14563 -0.00337 -0.00119 0.71547 0.66746 
 0.77608 0.28476 0.33249 -0.15270 -0.14563 -0.00336 -0.00119 0.71560 0.66751 
 0.77708 0.28463 0.33245 -0.15274 -0.14564 -0.00335 -0.00118 0.71573 0.66755 
 0.77808 0.28451 0.33240 -0.15278 -0.14565 -0.00334 -0.00117 0.71586 0.66760 
 0.77908 0.28438 0.33236 -0.15282 -0.14566 -0.00333 -0.00117 0.71599 0.66764 
 0.78008 0.28426 0.33231 -0.15286 -0.14567 -0.00332 -0.00116 0.71612 0.66769 
 0.78108 0.28414 0.33227 -0.15290 -0.14568 -0.00331 -0.00116 0.71625 0.66773 
 0.78208 0.28401 0.33223 -0.15294 -0.14569 -0.00329 -0.00115 0.71638 0.66777 
 0.78308 0.28389 0.33218 -0.15298 -0.14570 -0.00328 -0.00115 0.71651 0.66782 
 0.78408 0.28377 0.33214 -0.15302 -0.14571 -0.00327 -0.00114 0.71663 0.66786 
 0.78508 0.28365 0.33210 -0.15307 -0.14572 -0.00325 -0.00113 0.71676 0.66790 
 0.78608 0.28352 0.33205 -0.15311 -0.14572 -0.00324 -0.00113 0.71689 0.66795 
 0.78708 0.28341 0.33201 -0.15315 -0.14573 -0.00323 -0.00112 0.71701 0.66799 
 0.78808 0.28328 0.33197 -0.15319 -0.14574 -0.00321 -0.00112 0.71714 0.66803 
 0.78908 0.28316 0.33193 -0.15323 -0.14575 -0.00320 -0.00111 0.71726 0.66807 
 0.79008 0.28304 0.33189 -0.15327 -0.14576 -0.00318 -0.00111 0.71739 0.66811 
 0.79108 0.28292 0.33185 -0.15331 -0.14577 -0.00317 -0.00110 0.71751 0.66816 
 0.79208 0.28280 0.33180 -0.15335 -0.14578 -0.00315 -0.00110 0.71763 0.66820 
 0.79308 0.28269 0.33176 -0.15339 -0.14578 -0.00314 -0.00109 0.71775 0.66824 
 0.79408 0.28257 0.33172 -0.15343 -0.14579 -0.00312 -0.00108 0.71787 0.66828 
 0.79508 0.28245 0.33168 -0.15347 -0.14580 -0.00311 -0.00108 0.71799 0.66832 
 0.79608 0.28233 0.33164 -0.15351 -0.14581 -0.00309 -0.00107 0.71811 0.66836 
 0.79708 0.28222 0.33160 -0.15355 -0.14582 -0.00308 -0.00107 0.71823 0.66840 
 0.79808 0.28210 0.33156 -0.15360 -0.14583 -0.00306 -0.00106 0.71835 0.66844 
 0.79908 0.28199 0.33152 -0.15364 -0.14583 -0.00304 -0.00106 0.71847 0.66848 
 0.80008 0.28187 0.33148 -0.15368 -0.14584 -0.00303 -0.00105 0.71859 0.66852 
 0.80108 0.28176 0.33144 -0.15372 -0.14585 -0.00301 -0.00105 0.71871 0.66856 
 0.80208 0.28165 0.33140 -0.15376 -0.14586 -0.00300 -0.00104 0.71882 0.66860 
 0.80308 0.28153 0.33136 -0.15381 -0.14587 -0.00298 -0.00104 0.71894 0.66864 
 0.80408 0.28142 0.33132 -0.15385 -0.14587 -0.00296 -0.00103 0.71905 0.66868 
 0.80508 0.28131 0.33128 -0.15389 -0.14588 -0.00295 -0.00103 0.71917 0.66872 
 0.80608 0.28120 0.33125 -0.15393 -0.14589 -0.00293 -0.00102 0.71928 0.66875 
 0.80708 0.28109 0.33121 -0.15397 -0.14590 -0.00292 -0.00102 0.71939 0.66879 
 0.80808 0.28098 0.33117 -0.15402 -0.14591 -0.00290 -0.00101 0.71951 0.66883 
 0.80908 0.28087 0.33113 -0.15406 -0.14591 -0.00288 -0.00101 0.71962 0.66887 
 0.81008 0.28076 0.33109 -0.15410 -0.14592 -0.00287 -0.00100 0.71973 0.66891 
 0.81108 0.28065 0.33105 -0.15415 -0.14593 -0.00285 -0.00100 0.71984 0.66895 
 0.81208 0.28055 0.33102 -0.15419 -0.14594 -0.00284 -0.00099 0.71995 0.66898 
 0.81308 0.28044 0.33098 -0.15423 -0.14594 -0.00282 -0.00099 0.72006 0.66902 
 0.81408 0.28033 0.33094 -0.15427 -0.14595 -0.00280 -0.00098 0.72017 0.66906 
 0.81508 0.28023 0.33091 -0.15432 -0.14596 -0.00279 -0.00098 0.72028 0.66909 
 0.81608 0.28012 0.33087 -0.15436 -0.14597 -0.00277 -0.00097 0.72038 0.66913 
 0.81708 0.28002 0.33083 -0.15441 -0.14597 -0.00276 -0.00097 0.72049 0.66917 
 0.81808 0.27992 0.33080 -0.15445 -0.14598 -0.00274 -0.00096 0.72060 0.66920 
 0.81908 0.27981 0.33076 -0.15449 -0.14599 -0.00273 -0.00096 0.72070 0.66924 
 0.82008 0.27971 0.33072 -0.15454 -0.14600 -0.00271 -0.00095 0.72081 0.66928 
 0.82108 0.27961 0.33069 -0.15458 -0.14600 -0.00269 -0.00095 0.72091 0.66931 
 0.82208 0.27951 0.33065 -0.15462 -0.14601 -0.00268 -0.00094 0.72101 0.66935 
 0.82308 0.27941 0.33062 -0.15467 -0.14602 -0.00266 -0.00094 0.72112 0.66938 
 0.82408 0.27930 0.33058 -0.15471 -0.14602 -0.00265 -0.00094 0.72122 0.66942 
 0.82508 0.27921 0.33055 -0.15476 -0.14603 -0.00264 -0.00093 0.72132 0.66945 
 0.82608 0.27911 0.33051 -0.15480 -0.14604 -0.00262 -0.00093 0.72142 0.66949 
 0.82708 0.27901 0.33048 -0.15484 -0.14605 -0.00261 -0.00092 0.72152 0.66952 
 0.82808 0.27891 0.33044 -0.15489 -0.14605 -0.00259 -0.00092 0.72162 0.66956 
 0.82908 0.27881 0.33041 -0.15493 -0.14606 -0.00258 -0.00091 0.72172 0.66959 
 0.83008 0.27871 0.33037 -0.15498 -0.14607 -0.00257 -0.00091 0.72182 0.66963 
 0.83108 0.27862 0.33034 -0.15502 -0.14607 -0.00255 -0.00090 0.72192 0.66966 
 0.83208 0.27852 0.33031 -0.15506 -0.14608 -0.00254 -0.00090 0.72201 0.66969 
 0.83308 0.27842 0.33027 -0.15511 -0.14609 -0.00253 -0.00089 0.72211 0.66973 
 0.83408 0.27833 0.33024 -0.15515 -0.14609 -0.00252 -0.00089 0.72221 0.66976 
 0.83508 0.27823 0.33021 -0.15520 -0.14610 -0.00251 -0.00089 0.72230 0.66980 
 0.83608 0.27814 0.33017 -0.15524 -0.14611 -0.00249 -0.00088 0.72240 0.66983 
 0.83708 0.27804 0.33014 -0.15528 -0.14611 -0.00248 -0.00088 0.72249 0.66986 
 0.83808 0.27795 0.33010 -0.15533 -0.14612 -0.00247 -0.00087 0.72259 0.66990 
 0.83908 0.27786 0.33007 -0.15537 -0.14613 -0.00246 -0.00087 0.72268 0.66993 
 0.84008 0.27776 0.33004 -0.15541 -0.14613 -0.00245 -0.00086 0.72278 0.66996 
 0.84108 0.27767 0.33001 -0.15546 -0.14614 -0.00244 -0.00086 0.72287 0.66999 
 0.84208 0.27758 0.32998 -0.15550 -0.14614 -0.00243 -0.00086 0.72296 0.67002 
 0.84308 0.27749 0.32994 -0.15554 -0.14615 -0.00242 -0.00085 0.72305 0.67006 
 0.84408 0.27739 0.32991 -0.15559 -0.14616 -0.00241 -0.00085 0.72315 0.67009 
 0.84508 0.27730 0.32988 -0.15563 -0.14616 -0.00240 -0.00084 0.72324 0.67012 
 0.84608 0.27721 0.32985 -0.15567 -0.14617 -0.00239 -0.00084 0.72333 0.67015 
 0.84708 0.27712 0.32982 -0.15571 -0.14618 -0.00239 -0.00083 0.72342 0.67018 
 0.84808 0.27703 0.32978 -0.15576 -0.14618 -0.00238 -0.00083 0.72351 0.67022 
 0.84908 0.27694 0.32975 -0.15580 -0.14619 -0.00237 -0.00083 0.72360 0.67025 
 0.85009 0.27685 0.32972 -0.15584 -0.14619 -0.00236 -0.00082 0.72369 0.67028 
 0.85109 0.27676 0.32969 -0.15588 -0.14620 -0.00236 -0.00082 0.72378 0.67031 
 0.85209 0.27667 0.32966 -0.15592 -0.14621 -0.00235 -0.00081 0.72387 0.67034 
 0.85309 0.27658 0.32963 -0.15596 -0.14621 -0.00234 -0.00081 0.72396 0.67037 
 0.85409 0.27649 0.32960 -0.15601 -0.14622 -0.00234 -0.00081 0.72405 0.67040 
 0.85509 0.27641 0.32957 -0.15605 -0.14622 -0.00233 -0.00080 0.72414 0.67043 
 0.85609 0.27632 0.32954 -0.15609 -0.14623 -0.00232 -0.00080 0.72423 0.67046 
 0.85709 0.27623 0.32951 -0.15613 -0.14624 -0.00232 -0.00079 0.72432 0.67049 
 0.85809 0.27614 0.32948 -0.15617 -0.14624 -0.00231 -0.00079 0.72441 0.67052 
 0.85909 0.27605 0.32945 -0.15621 -0.14625 -0.00231 -0.00079 0.72450 0.67055 
 0.86009 0.27597 0.32942 -0.15625 -0.14625 -0.00230 -0.00078 0.72458 0.67058 
 0.86109 0.27588 0.32939 -0.15628 -0.14626 -0.00230 -0.00078 0.72467 0.67061 
 0.86209 0.27579 0.32936 -0.15632 -0.14627 -0.00230 -0.00077 0.72476 0.67064 
 0.86309 0.27570 0.32933 -0.15636 -0.14627 -0.00229 -0.00077 0.72485 0.67067 
 0.86409 0.27562 0.32930 -0.15640 -0.14628 -0.00229 -0.00077 0.72493 0.67070 
 0.86509 0.27553 0.32927 -0.15644 -0.14628 -0.00228 -0.00076 0.72502 0.67073 
 0.86609 0.27544 0.32925 -0.15647 -0.14629 -0.00228 -0.00076 0.72511 0.67075 
 0.86709 0.27536 0.32922 -0.15651 -0.14629 -0.00228 -0.00076 0.72520 0.67078 
 0.86809 0.27527 0.32919 -0.15655 -0.14630 -0.00227 -0.00075 0.72528 0.67081 
 0.86909 0.27518 0.32916 -0.15658 -0.14630 -0.00227 -0.00075 0.72537 0.67084 
 0.87009 0.27510 0.32913 -0.15662 -0.14631 -0.00227 -0.00074 0.72546 0.67087 
 0.87109 0.27501 0.32910 -0.15666 -0.14632 -0.00226 -0.00074 0.72554 0.67090 
 0.87209 0.27492 0.32908 -0.15669 -0.14632 -0.00226 -0.00074 0.72563 0.67092 
 0.87309 0.27484 0.32905 -0.15673 -0.14633 -0.00226 -0.00073 0.72572 0.67095 
 0.87409 0.27475 0.32902 -0.15676 -0.14633 -0.00226 -0.00073 0.72580 0.67098 
 0.87509 0.27467 0.32899 -0.15680 -0.14634 -0.00225 -0.00073 0.72589 0.67101 
 0.87609 0.27458 0.32897 -0.15683 -0.14634 -0.00225 -0.00072 0.72597 0.67103 
 0.87709 0.27450 0.32894 -0.15686 -0.14635 -0.00225 -0.00072 0.72606 0.67106 
 0.87809 0.27441 0.32891 -0.15690 -0.14635 -0.00225 -0.00072 0.72615 0.67109 
 0.87909 0.27432 0.32889 -0.15693 -0.14636 -0.00225 -0.00071 0.72623 0.67111 
 0.88009 0.27424 0.32886 -0.15696 -0.14636 -0.00224 -0.00071 0.72632 0.67114 
 0.88109 0.27415 0.32883 -0.15699 -0.14637 -0.00224 -0.00070 0.72640 0.67117 
 0.88209 0.27407 0.32881 -0.15703 -0.14637 -0.00224 -0.00070 0.72649 0.67119 
 0.88309 0.27398 0.32878 -0.15706 -0.14638 -0.00224 -0.00070 0.72658 0.67122 
 0.88409 0.27389 0.32875 -0.15709 -0.14638 -0.00223 -0.00069 0.72666 0.67125 
 0.88509 0.27381 0.32873 -0.15712 -0.14639 -0.00223 -0.00069 0.72675 0.67127 
 0.88609 0.27372 0.32870 -0.15715 -0.14639 -0.00223 -0.00069 0.72683 0.67130 
 0.88709 0.27364 0.32868 -0.15718 -0.14640 -0.00223 -0.00068 0.72692 0.67132 
 0.88809 0.27355 0.32865 -0.15721 -0.14640 -0.00222 -0.00068 0.72700 0.67135 
 0.88909 0.27347 0.32863 -0.15724 -0.14641 -0.00222 -0.00068 0.72709 0.67138 
 0.89009 0.27338 0.32860 -0.15727 -0.14641 -0.00222 -0.00067 0.72717 0.67140 
 0.89109 0.27330 0.32857 -0.15730 -0.14642 -0.00221 -0.00067 0.72726 0.67143 
 0.89209 0.27322 0.32855 -0.15733 -0.14642 -0.00221 -0.00067 0.72734 0.67145 
 0.89309 0.27313 0.32852 -0.15736 -0.14643 -0.00221 -0.00066 0.72743 0.67148 
 0.89409 0.27305 0.32850 -0.15739 -0.14643 -0.00220 -0.00066 0.72751 0.67150 
 0.89509 0.27296 0.32847 -0.15741 -0.14644 -0.00220 -0.00066 0.72760 0.67153 
 0.89609 0.27288 0.32845 -0.15744 -0.14644 -0.00220 -0.00065 0.72768 0.67155 
 0.89709 0.27279 0.32842 -0.15747 -0.14645 -0.00219 -0.00065 0.72777 0.67158 
 0.89809 0.27271 0.32840 -0.15750 -0.14645 -0.00219 -0.00065 0.72785 0.67160 
 0.89909 0.27263 0.32838 -0.15752 -0.14646 -0.00218 -0.00064 0.72794 0.67162 
 0.90009 0.27254 0.32835 -0.15755 -0.14646 -0.00218 -0.00064 0.72802 0.67165 
 0.90109 0.27246 0.32833 -0.15758 -0.14647 -0.00217 -0.00064 0.72810 0.67167 
 0.90209 0.27238 0.32830 -0.15760 -0.14647 -0.00217 -0.00064 0.72819 0.67170 
 0.90309 0.27229 0.32828 -0.15763 -0.14647 -0.00216 -0.00063 0.72827 0.67172 
 0.90409 0.27221 0.32826 -0.15765 -0.14648 -0.00215 -0.00063 0.72835 0.67174 
 0.90509 0.27213 0.32823 -0.15768 -0.14648 -0.00215 -0.00063 0.72844 0.67177 
 0.90609 0.27205 0.32821 -0.15771 -0.14649 -0.00214 -0.00062 0.72852 0.67179 
 0.90709 0.27197 0.32819 -0.15773 -0.14649 -0.00213 -0.00062 0.72860 0.67182 
 0.90809 0.27188 0.32816 -0.15776 -0.14650 -0.00213 -0.00062 0.72868 0.67184 
 0.90909 0.27180 0.32814 -0.15778 -0.14650 -0.00212 -0.00061 0.72876 0.67186 
 0.91009 0.27172 0.32812 -0.15780 -0.14651 -0.00211 -0.00061 0.72884 0.67188 
 0.91109 0.27164 0.32809 -0.15783 -0.14651 -0.00211 -0.00061 0.72893 0.67191 
 0.91209 0.27156 0.32807 -0.15785 -0.14652 -0.00210 -0.00060 0.72901 0.67193 
 0.91309 0.27148 0.32805 -0.15788 -0.14652 -0.00209 -0.00060 0.72909 0.67195 
 0.91409 0.27140 0.32803 -0.15790 -0.14652 -0.00208 -0.00060 0.72917 0.67197 
 0.91509 0.27132 0.32800 -0.15793 -0.14653 -0.00207 -0.00060 0.72925 0.67200 
 0.91609 0.27124 0.32798 -0.15795 -0.14653 -0.00206 -0.00059 0.72933 0.67202 
 0.91709 0.27116 0.32796 -0.15797 -0.14654 -0.00205 -0.00059 0.72941 0.67204 
 0.91809 0.27108 0.32793 -0.15800 -0.14654 -0.00204 -0.00059 0.72948 0.67207 
 0.91909 0.27100 0.32791 -0.15802 -0.14654 -0.00203 -0.00058 0.72956 0.67209 
 0.92009 0.27092 0.32789 -0.15804 -0.14655 -0.00202 -0.00058 0.72964 0.67211 
 0.92109 0.27085 0.32787 -0.15807 -0.14655 -0.00201 -0.00058 0.72972 0.67213 
 0.92209 0.27077 0.32785 -0.15809 -0.14656 -0.00200 -0.00057 0.72979 0.67215 
 0.92309 0.27069 0.32783 -0.15811 -0.14656 -0.00199 -0.00057 0.72987 0.67217 
 0.92409 0.27062 0.32781 -0.15814 -0.14657 -0.00198 -0.00057 0.72995 0.67219 
 0.92509 0.27054 0.32778 -0.15816 -0.14657 -0.00197 -0.00057 0.73002 0.67222 
 0.92609 0.27046 0.32776 -0.15818 -0.14657 -0.00196 -0.00056 0.73010 0.67224 
 0.92709 0.27039 0.32774 -0.15821 -0.14658 -0.00195 -0.00056 0.73017 0.67226 
 0.92809 0.27031 0.32772 -0.15823 -0.14658 -0.00194 -0.00056 0.73025 0.67228 
 0.92909 0.27024 0.32770 -0.15825 -0.14658 -0.00193 -0.00056 0.73032 0.67230 
 0.93009 0.27016 0.32768 -0.15828 -0.14659 -0.00191 -0.00055 0.73039 0.67232 
 0.93109 0.27009 0.32766 -0.15830 -0.14659 -0.00190 -0.00055 0.73047 0.67234 
 0.93209 0.27002 0.32764 -0.15832 -0.14660 -0.00189 -0.00055 0.73054 0.67236 
 0.93309 0.26995 0.32762 -0.15834 -0.14660 -0.00188 -0.00054 0.73061 0.67238 
 0.93409 0.26987 0.32760 -0.15837 -0.14660 -0.00187 -0.00054 0.73068 0.67241 
 0.93509 0.26980 0.32758 -0.15839 -0.14661 -0.00185 -0.00054 0.73075 0.67243 
 0.93609 0.26973 0.32755 -0.15841 -0.14661 -0.00184 -0.00054 0.73082 0.67244 
 0.93709 0.26966 0.32754 -0.15844 -0.14662 -0.00183 -0.00053 0.73089 0.67246 
 0.93809 0.26959 0.32752 -0.15846 -0.14662 -0.00182 -0.00053 0.73096 0.67248 
 0.93909 0.26952 0.32749 -0.15848 -0.14662 -0.00180 -0.00053 0.73103 0.67251 
 0.94009 0.26945 0.32748 -0.15851 -0.14663 -0.00179 -0.00053 0.73110 0.67253 
 0.94109 0.26938 0.32745 -0.15853 -0.14663 -0.00178 -0.00052 0.73117 0.67254 
 0.94209 0.26931 0.32743 -0.15855 -0.14663 -0.00177 -0.00052 0.73123 0.67256 
 0.94309 0.26924 0.32742 -0.15858 -0.14664 -0.00175 -0.00052 0.73130 0.67258 
 0.94409 0.26918 0.32740 -0.15860 -0.14664 -0.00174 -0.00052 0.73136 0.67260 
 0.94509 0.26911 0.32738 -0.15862 -0.14664 -0.00173 -0.00051 0.73143 0.67262 
 0.94609 0.26904 0.32736 -0.15864 -0.14665 -0.00171 -0.00051 0.73149 0.67264 
 0.94709 0.26898 0.32734 -0.15867 -0.14665 -0.00170 -0.00051 0.73156 0.67266 
 0.94809 0.26891 0.32732 -0.15869 -0.14666 -0.00169 -0.00051 0.73162 0.67268 
 0.94909 0.26884 0.32730 -0.15871 -0.14666 -0.00168 -0.00050 0.73169 0.67270 
 0.95010 0.26878 0.32728 -0.15874 -0.14666 -0.00166 -0.00050 0.73175 0.67272 
 0.95110 0.26872 0.32726 -0.15876 -0.14667 -0.00165 -0.00050 0.73181 0.67274 
 0.95210 0.26865 0.32724 -0.15878 -0.14667 -0.00164 -0.00050 0.73187 0.67276 
 0.95310 0.26859 0.32722 -0.15881 -0.14667 -0.00163 -0.00049 0.73193 0.67278 
 0.95410 0.26853 0.32721 -0.15883 -0.14668 -0.00162 -0.00049 0.73200 0.67279 
 0.95510 0.26846 0.32719 -0.15885 -0.14668 -0.00160 -0.00049 0.73206 0.67281 
 0.95610 0.26840 0.32717 -0.15887 -0.14668 -0.00159 -0.00049 0.73212 0.67283 
 0.95710 0.26834 0.32715 -0.15890 -0.14669 -0.00158 -0.00048 0.73218 0.67285 
 0.95810 0.26828 0.32713 -0.15892 -0.14669 -0.00157 -0.00048 0.73223 0.67287 
 0.95910 0.26822 0.32712 -0.15894 -0.14669 -0.00156 -0.00048 0.73229 0.67288 
 0.96010 0.26816 0.32710 -0.15897 -0.14670 -0.00155 -0.00048 0.73235 0.67290 
 0.96110 0.26810 0.32708 -0.15899 -0.14670 -0.00153 -0.00047 0.73241 0.67292 
 0.96210 0.26804 0.32706 -0.15901 -0.14670 -0.00152 -0.00047 0.73247 0.67294 
 0.96310 0.26798 0.32704 -0.15904 -0.14671 -0.00151 -0.00047 0.73252 0.67296 
 0.96410 0.26792 0.32703 -0.15906 -0.14671 -0.00150 -0.00047 0.73258 0.67297 
 0.96510 0.26786 0.32701 -0.15908 -0.14671 -0.00149 -0.00046 0.73264 0.67299 
 0.96610 0.26781 0.32699 -0.15910 -0.14672 -0.00148 -0.00046 0.73269 0.67301 
 0.96710 0.26775 0.32697 -0.15913 -0.14672 -0.00147 -0.00046 0.73275 0.67303 
 0.96810 0.26769 0.32696 -0.15915 -0.14672 -0.00146 -0.00046 0.73280 0.67304 
 0.96910 0.26764 0.32694 -0.15917 -0.14673 -0.00145 -0.00046 0.73286 0.67306 
 0.97010 0.26758 0.32692 -0.15919 -0.14673 -0.00144 -0.00045 0.73291 0.67308 
 0.97110 0.26752 0.32691 -0.15921 -0.14673 -0.00143 -0.00045 0.73296 0.67309 
 0.97210 0.26747 0.32689 -0.15923 -0.14674 -0.00143 -0.00045 0.73302 0.67311 
 0.97310 0.26741 0.32687 -0.15926 -0.14674 -0.00142 -0.00045 0.73307 0.67313 
 0.97410 0.26736 0.32686 -0.15928 -0.14674 -0.00141 -0.00044 0.73312 0.67314 
 0.97510 0.26730 0.32684 -0.15930 -0.14674 -0.00140 -0.00044 0.73318 0.67316 
 0.97610 0.26725 0.32682 -0.15932 -0.14675 -0.00139 -0.00044 0.73323 0.67318 
 0.97710 0.26719 0.32681 -0.15934 -0.14675 -0.00139 -0.00044 0.73328 0.67319 
 0.97810 0.26714 0.32679 -0.15936 -0.14675 -0.00138 -0.00044 0.73333 0.67321 
 0.97910 0.26709 0.32677 -0.15938 -0.14676 -0.00137 -0.00043 0.73338 0.67323 
 0.98010 0.26703 0.32676 -0.15940 -0.14676 -0.00137 -0.00043 0.73344 0.67324 
 0.98110 0.26698 0.32674 -0.15942 -0.14676 -0.00136 -0.00043 0.73349 0.67326 
 0.98210 0.26692 0.32672 -0.15944 -0.14677 -0.00135 -0.00043 0.73354 0.67328 
 0.98310 0.26687 0.32671 -0.15946 -0.14677 -0.00135 -0.00042 0.73359 0.67329 
 0.98410 0.26682 0.32669 -0.15948 -0.14677 -0.00134 -0.00042 0.73364 0.67331 
 0.98510 0.26677 0.32668 -0.15950 -0.14677 -0.00134 -0.00042 0.73369 0.67332 
 0.98610 0.26671 0.32666 -0.15952 -0.14678 -0.00133 -0.00042 0.73374 0.67334 
 0.98710 0.26666 0.32665 -0.15954 -0.14678 -0.00133 -0.00042 0.73379 0.67336 
 0.98810 0.26661 0.32663 -0.15956 -0.14678 -0.00132 -0.00041 0.73384 0.67337 
 0.98910 0.26656 0.32661 -0.15958 -0.14679 -0.00132 -0.00041 0.73389 0.67339 
 0.99010 0.26651 0.32660 -0.15960 -0.14679 -0.00131 -0.00041 0.73394 0.67340 
 0.99110 0.26646 0.32658 -0.15962 -0.14679 -0.00131 -0.00041 0.73399 0.67342 
 0.99210 0.26641 0.32657 -0.15963 -0.14680 -0.00131 -0.00041 0.73404 0.67343 
 0.99310 0.26635 0.32655 -0.15965 -0.14680 -0.00130 -0.00040 0.73409 0.67345 
 0.99410 0.26630 0.32654 -0.15967 -0.14680 -0.00130 -0.00040 0.73414 0.67346 
 0.99510 0.26625 0.32652 -0.15969 -0.14680 -0.00129 -0.00040 0.73419 0.67348 
 0.99610 0.26620 0.32651 -0.15970 -0.14681 -0.00129 -0.00040 0.73423 0.67349 
 0.99710 0.26615 0.32649 -0.15972 -0.14681 -0.00129 -0.00040 0.73428 0.67351 
 0.99810 0.26610 0.32648 -0.15974 -0.14681 -0.00129 -0.00039 0.73433 0.67352 
 0.99910 0.26605 0.32646 -0.15975 -0.14681 -0.00128 -0.00039 0.73438 0.67354 
