 0.00000 1.00000 1.00000 0.00000 0.00000 0.00000 0.00000 0.00000 0.00000 
 0.00100 0.99965 0.99965 0.00004 0.00004 -0.01882 -0.01882 0.00035 0.00035 
 0.00200 0.99858 0.99858 0.00017 0.00017 -0.03759 -0.03759 0.00142 0.00142 
 0.00300 0.99681 0.99681 0.00038 0.00038 -0.05626 -0.05626 0.00319 0.00319 
 0.00400 0.99435 0.99435 0.00065 0.00065 -0.07479 -0.07479 0.00565 0.00565 
 0.00500 0.99118 0.99118 0.00100 0.00100 -0.09315 -0.09315 0.00882 0.00882 
 0.00600 0.98733 0.98733 0.00140 0.00140 -0.11129 -0.11129 0.01267 0.01267 
 0.00700 0.98280 0.98280 0.00186 0.00186 -0.12919 -0.12919 0.01720 0.01720 
 0.00800 0.97760 0.97760 0.00237 0.00237 -0.14680 -0.14680 0.02240 0.02240 
 0.00900 0.97174 0.97174 0.00292 0.00292 -0.16408 -0.16408 0.02826 0.02826 
 0.01000 0.96524 0.96524 0.00351 0.00351 -0.18102 -0.18102 0.03476 0.03476 
 0.01100 0.95811 0.95811 0.00413 0.00413 -0.19756 -0.19756 0.04189 0.04189 
 0.01200 0.95036 0.95036 0.00478 0.00478 -0.21369 -0.21369 0.04964 0.04964 
 0.01300 0.94201 0.94201 0.00544 0.00544 -0.22938 -0.22938 0.05799 0.05799 
 0.01400 0.93308 0.93308 0.00612 0.00612 -0.24458 -0.24458 0.06692 0.06692 
 0.01500 0.92359 0.92359 0.00680 0.00680 -0.25928 -0.25928 0.07641 0.07641 
 0.01600 0.91355 0.91355 0.00748 0.00748 -0.27346 -0.27346 0.08645 0.08645 
 0.01700 0.90299 0.90299 0.00816 0.00816 -0.28708 -0.28708 0.09701 0.09701 
 0.01800 0.89193 0.89193 0.00883 0.00883 -0.30012 -0.30012 0.10807 0.10807 
 0.01900 0.88039 0.88039 0.00948 0.00948 -0.31256 -0.31256 0.11961 0.11961 
 0.02000 0.86839 0.86839 0.01012 0.01012 -0.32439 -0.32439 0.13161 0.13161 
 0.02100 0.85596 0.85596 0.01072 0.01072 -0.33558 -0.33558 0.14405 0.14405 
 0.02200 0.84311 0.84311 0.01130 0.01130 -0.34611 -0.34611 0.15689 0.15689 
 0.02300 0.82989 0.82989 0.01184 0.01184 -0.35597 -0.35597 0.17011 0.17011 
 0.02400 0.81630 0.81630 0.01234 0.01234 -0.36515 -0.36515 0.18370 0.18370 
 0.02500 0.80238 0.80238 0.01279 0.01279 -0.37364 -0.37364 0.19762 0.19762 
 0.02600 0.78816 0.78816 0.01320 0.01320 -0.38141 -0.38141 0.21184 0.21184 
 0.02700 0.77365 0.77365 0.01355 0.01355 -0.38847 -0.38847 0.22635 0.22635 
 0.02800 0.75890 0.75890 0.01384 0.01384 -0.39480 -0.39480 0.24110 0.24110 
 0.02900 0.74391 0.74391 0.01408 0.01408 -0.40041 -0.40041 0.25609 0.25609 
 0.03000 0.72874 0.72874 0.01425 0.01425 -0.40527 -0.40527 0.27126 0.27126 
 0.03100 0.71339 0.71339 0.01435 0.01435 -0.40940 -0.40940 0.28661 0.28661 
 0.03200 0.69790 0.69790 0.01438 0.01438 -0.41278 -0.41278 0.30210 0.30210 
 0.03300 0.68230 0.68230 0.01434 0.01434 -0.41542 -0.41542 0.31770 0.31770 
 0.03400 0.66661 0.66661 0.01423 0.01423 -0.41732 -0.41732 0.33339 0.33339 
 0.03500 0.65086 0.65086 0.01404 0.01404 -0.41848 -0.41848 0.34914 0.34914 
 0.03600 0.63509 0.63509 0.01377 0.01377 -0.41891 -0.41891 0.36491 0.36491 
 0.03700 0.61931 0.61931 0.01341 0.01341 -0.41860 -0.41860 0.38069 0.38069 
 0.03800 0.60356 0.60356 0.01298 0.01298 -0.41757 -0.41757 0.39644 0.39644 
 0.03900 0.58786 0.58786 0.01246 0.01246 -0.41583 -0.41583 0.41214 0.41214 
 0.04000 0.57223 0.57223 0.01186 0.01186 -0.41339 -0.41339 0.42777 0.42777 
 0.04100 0.55672 0.55672 0.01117 0.01117 -0.41025 -0.41025 0.44328 0.44328 
 0.04200 0.54133 0.54133 0.01039 0.01039 -0.40642 -0.40642 0.45867 0.45867 
 0.04300 0.52610 0.52610 0.00953 0.00953 -0.40192 -0.40192 0.47390 0.47390 
 0.04400 0.51106 0.51106 0.00858 0.00858 -0.39677 -0.39677 0.48894 0.48894 
 0.04500 0.49622 0.49622 0.00754 0.00754 -0.39098 -0.39098 0.50378 0.50378 
 0.04600 0.48161 0.48161 0.00642 0.00642 -0.38456 -0.38456 0.51840 0.51840 
 0.04700 0.46725 0.46725 0.00521 0.00521 -0.37754 -0.37754 0.53275 0.53275 
 0.04800 0.45317 0.45317 0.00391 0.00391 -0.36993 -0.36993 0.54683 0.54683 
 0.04900 0.43938 0.43938 0.00253 0.00253 -0.36175 -0.36175 0.56062 0.56062 
 0.05001 0.42592 0.42592 0.00107 0.00107 -0.35302 -0.35302 0.57408 0.57408 
 0.05101 0.41279 0.41279 -0.00048 -0.00048 -0.34376 -0.34376 0.58721 0.58721 
 0.05201 0.40002 0.40002 -0.00211 -0.00211 -0.33399 -0.33399 0.59998 0.59998 
 0.05301 0.38763 0.38763 -0.00382 -0.00382 -0.32375 -0.32375 0.61237 0.61237 
 0.05401 0.37563 0.37563 -0.00560 -0.00560 -0.31304 -0.31304 0.62436 0.62436 
 0.05501 0.36405 0.36405 -0.00747 -0.00747 -0.30189 -0.30189 0.63595 0.63595 
 0.05601 0.35289 0.35289 -0.00941 -0.00941 -0.29034 -0.29034 0.64711 0.64711 
 0.05701 0.34218 0.34218 -0.01142 -0.01142 -0.27839 -0.27839 0.65782 0.65782 
 0.05801 0.33192 0.33192 -0.01350 -0.01350 -0.26609 -0.26609 0.66808 0.66808 
 0.05901 0.32214 0.32214 -0.01565 -0.01565 -0.25344 -0.25344 0.67786 0.67786 
 0.06001 0.31283 0.31283 -0.01787 -0.01787 -0.24049 -0.24049 0.68717 0.68717 
 0.06101 0.30402 0.30402 -0.02015 -0.02015 -0.22726 -0.22726 0.69598 0.69598 
 0.06201 0.29571 0.29571 -0.02250 -0.02250 -0.21377 -0.21377 0.70429 0.70429 
 0.06301 0.28791 0.28791 -0.02490 -0.02490 -0.20005 -0.20005 0.71208 0.71208 
 0.06401 0.28064 0.28064 -0.02735 -0.02735 -0.18613 -0.18613 0.71936 0.71936 
 0.06501 0.27389 0.27389 -0.02986 -0.02986 -0.17204 -0.17204 0.72611 0.72611 
 0.06601 0.26768 0.26768 -0.03242 -0.03242 -0.15780 -0.15780 0.73232 0.73232 
 0.06701 0.26200 0.26200 -0.03503 -0.03503 -0.14344 -0.14344 0.73799 0.73799 
 0.06801 0.25687 0.25687 -0.03768 -0.03768 -0.12898 -0.12898 0.74313 0.74313 
 0.06901 0.25229 0.25229 -0.04037 -0.04037 -0.11447 -0.11447 0.74771 0.74771 
 0.07001 0.24825 0.24825 -0.04310 -0.04310 -0.09991 -0.09991 0.75175 0.75175 
 0.07101 0.24476 0.24476 -0.04587 -0.04587 -0.08534 -0.08534 0.75524 0.75524 
 0.07201 0.24182 0.24182 -0.04867 -0.04867 -0.07079 -0.07079 0.75818 0.75818 
 0.07301 0.23942 0.23942 -0.05150 -0.05150 -0.05628 -0.05628 0.76058 0.76058 
 0.07401 0.23758 0.23758 -0.05435 -0.05435 -0.04184 -0.04184 0.76242 0.76242 
 0.07501 0.23627 0.23627 -0.05723 -0.05723 -0.02749 -0.02749 0.76373 0.76373 
 0.07601 0.23550 0.23550 -0.06013 -0.06013 -0.01326 -0.01326 0.76450 0.76450 
 0.07701 0.23527 0.23527 -0.06304 -0.06304 0.00083 0.00083 0.76473 0.76473 
 0.07801 0.23556 0.23556 -0.06597 -0.06597 0.01475 0.01475 0.76443 0.76443 
 0.07901 0.23638 0.23638 -0.06892 -0.06892 0.02847 0.02847 0.76362 0.76362 
 0.08001 0.23771 0.23771 -0.07187 -0.07187 0.04199 0.04199 0.76229 0.76229 
 0.08101 0.23954 0.23954 -0.07482 -0.07482 0.05527 0.05527 0.76046 0.76046 
 0.08201 0.24187 0.24187 -0.07778 -0.07778 0.06828 0.06828 0.75813 0.75813 
 0.08301 0.24468 0.24468 -0.08074 -0.08074 0.08102 0.08102 0.75532 0.75532 
 0.08401 0.24797 0.24797 -0.08369 -0.08369 0.09346 0.09346 0.75203 0.75203 
 0.08501 0.25172 0.25172 -0.08664 -0.08664 0.10558 0.10558 0.74828 0.74828 
 0.08601 0.25592 0.25592 -0.08958 -0.08958 0.11737 0.11737 0.74408 0.74408 
 0.08701 0.26056 0.26056 -0.09251 -0.09251 0.12879 0.12879 0.73944 0.73944 
 0.08801 0.26562 0.26562 -0.09543 -0.09543 0.13984 0.13984 0.73438 0.73438 
 0.08901 0.27109 0.27109 -0.09833 -0.09833 0.15050 0.15050 0.72891 0.72891 
 0.09001 0.27696 0.27696 -0.10121 -0.10121 0.16076 0.16076 0.72305 0.72305 
 0.09101 0.28320 0.28320 -0.10407 -0.10407 0.17060 0.17060 0.71680 0.71680 
 0.09201 0.28980 0.28980 -0.10691 -0.10691 0.18000 0.18000 0.71020 0.71020 
 0.09301 0.29675 0.29675 -0.10973 -0.10973 0.18896 0.18896 0.70325 0.70325 
 0.09401 0.30403 0.30403 -0.11252 -0.11252 0.19746 0.19746 0.69596 0.69596 
 0.09501 0.31163 0.31163 -0.11528 -0.11528 0.20549 0.20549 0.68837 0.68837 
 0.09601 0.31951 0.31951 -0.11800 -0.11800 0.21304 0.21304 0.68049 0.68049 
 0.09701 0.32767 0.32767 -0.12070 -0.12070 0.22010 0.22010 0.67233 0.67233 
 0.09801 0.33609 0.33609 -0.12336 -0.12336 0.22667 0.22667 0.66391 0.66391 
 0.09901 0.34474 0.34474 -0.12598 -0.12598 0.23273 0.23273 0.65526 0.65526 
 0.10001 0.35362 0.35362 -0.12857 -0.12857 0.23828 0.23828 0.64638 0.64638 
 0.10101 0.36269 0.36269 -0.13112 -0.13112 0.24333 0.24333 0.63731 0.63731 
 0.10201 0.37195 0.37195 -0.13363 -0.13363 0.24785 0.24785 0.62806 0.62806 
 0.10301 0.38136 0.38136 -0.13609 -0.13609 0.25185 0.25185 0.61864 0.61864 
 0.10401 0.39091 0.39091 -0.13852 -0.13852 0.25533 0.25533 0.60909 0.60909 
 0.10501 0.40059 0.40059 -0.14090 -0.14090 0.25829 0.25829 0.59941 0.59941 
 0.10601 0.41037 0.41037 -0.14323 -0.14323 0.26072 0.26072 0.58963 0.58963 
 0.10701 0.42023 0.42023 -0.14552 -0.14552 0.26263 0.26263 0.57977 0.57977 
 0.10801 0.43015 0.43015 -0.14776 -0.14776 0.26402 0.26402 0.56985 0.56985 
 0.10901 0.44011 0.44011 -0.14996 -0.14996 0.26489 0.26489 0.55988 0.55988 
 0.11001 0.45010 0.45010 -0.15210 -0.15210 0.26525 0.26525 0.54990 0.54990 
 0.11101 0.46009 0.46009 -0.15420 -0.15420 0.26509 0.26509 0.53991 0.53991 
 0.11201 0.47007 0.47007 -0.15625 -0.15625 0.26443 0.26443 0.52993 0.52993 
 0.11301 0.48001 0.48001 -0.15824 -0.15824 0.26327 0.26327 0.51999 0.51999 
 0.11401 0.48990 0.48990 -0.16019 -0.16019 0.26162 0.26162 0.51010 0.51010 
 0.11501 0.49972 0.49972 -0.16209 -0.16209 0.25948 0.25948 0.50028 0.50028 
 0.11601 0.50945 0.50945 -0.16394 -0.16394 0.25687 0.25687 0.49056 0.49056 
 0.11701 0.51906 0.51906 -0.16573 -0.16573 0.25380 0.25380 0.48094 0.48094 
 0.11801 0.52856 0.52856 -0.16748 -0.16748 0.25027 0.25027 0.47144 0.47144 
 0.11901 0.53792 0.53792 -0.16918 -0.16918 0.24629 0.24629 0.46208 0.46208 
 0.12001 0.54711 0.54711 -0.17082 -0.17082 0.24188 0.24188 0.45289 0.45289 
 0.12101 0.55614 0.55614 -0.17242 -0.17242 0.23706 0.23706 0.44386 0.44386 
 0.12201 0.56497 0.56497 -0.17397 -0.17397 0.23182 0.23182 0.43503 0.43503 
 0.12301 0.57360 0.57360 -0.17546 -0.17546 0.22620 0.22620 0.42640 0.42640 
 0.12401 0.58201 0.58201 -0.17691 -0.17691 0.22019 0.22019 0.41799 0.41799 
 0.12501 0.59018 0.59018 -0.17831 -0.17831 0.21382 0.21382 0.40982 0.40982 
 0.12601 0.59811 0.59811 -0.17966 -0.17966 0.20710 0.20710 0.40189 0.40189 
 0.12701 0.60578 0.60578 -0.18097 -0.18097 0.20004 0.20004 0.39422 0.39422 
 0.12801 0.61318 0.61318 -0.18223 -0.18223 0.19267 0.19267 0.38682 0.38682 
 0.12901 0.62030 0.62030 -0.18344 -0.18344 0.18500 0.18500 0.37970 0.37970 
 0.13001 0.62712 0.62712 -0.18461 -0.18461 0.17705 0.17705 0.37288 0.37288 
 0.13101 0.63363 0.63363 -0.18573 -0.18573 0.16882 0.16882 0.36637 0.36637 
 0.13201 0.63983 0.63983 -0.18681 -0.18681 0.16035 0.16035 0.36017 0.36017 
 0.13301 0.64571 0.64571 -0.18785 -0.18785 0.15165 0.15165 0.35429 0.35429 
 0.13401 0.65126 0.65126 -0.18885 -0.18885 0.14274 0.14274 0.34874 0.34874 
 0.13501 0.65646 0.65646 -0.18980 -0.18980 0.13364 0.13364 0.34353 0.34353 
 0.13601 0.66133 0.66133 -0.19072 -0.19072 0.12435 0.12435 0.33868 0.33868 
 0.13701 0.66583 0.66583 -0.19160 -0.19160 0.11492 0.11492 0.33417 0.33417 
 0.13801 0.66998 0.66998 -0.19244 -0.19244 0.10534 0.10534 0.33002 0.33002 
 0.13901 0.67377 0.67377 -0.19324 -0.19324 0.09565 0.09565 0.32623 0.32623 
 0.14001 0.67719 0.67719 -0.19401 -0.19401 0.08585 0.08585 0.32281 0.32281 
 0.14101 0.68024 0.68024 -0.19475 -0.19475 0.07598 0.07598 0.31976 0.31976 
 0.14201 0.68291 0.68291 -0.19546 -0.19546 0.06604 0.06604 0.31709 0.31709 
 0.14301 0.68521 0.68521 -0.19613 -0.19613 0.05606 0.05606 0.31479 0.31479 
 0.14401 0.68714 0.68714 -0.19678 -0.19678 0.04606 0.04606 0.31287 0.31287 
 0.14501 0.68868 0.68868 -0.19739 -0.19739 0.03605 0.03605 0.31132 0.31132 
 0.14601 0.68985 0.68985 -0.19798 -0.19798 0.02605 0.02605 0.31015 0.31015 
 0.14701 0.69064 0.69064 -0.19854 -0.19854 0.01609 0.01609 0.30935 0.30935 
 0.14801 0.69106 0.69106 -0.19908 -0.19908 0.00617 0.00617 0.30894 0.30894 
 0.14901 0.69111 0.69111 -0.19960 -0.19960 -0.00368 -0.00368 0.30889 0.30889 
 0.15002 0.69079 0.69079 -0.20009 -0.20009 -0.01345 -0.01345 0.30921 0.30921 
 0.15102 0.69010 0.69010 -0.20056 -0.20056 -0.02311 -0.02311 0.30990 0.30990 
 0.15202 0.68905 0.68905 -0.20102 -0.20102 -0.03266 -0.03266 0.31095 0.31095 
 0.15302 0.68764 0.68764 -0.20146 -0.20146 -0.04207 -0.04207 0.31236 0.31236 
 0.15402 0.68588 0.68588 -0.20188 -0.20188 -0.05133 -0.05133 0.31412 0.31412 
 0.15502 0.68378 0.68378 -0.20228 -0.20228 -0.06043 -0.06043 0.31622 0.31622 
 0.15602 0.68133 0.68133 -0.20268 -0.20268 -0.06934 -0.06934 0.31867 0.31867 
 0.15702 0.67855 0.67855 -0.20306 -0.20306 -0.07806 -0.07806 0.32145 0.32145 
 0.15802 0.67545 0.67545 -0.20343 -0.20343 -0.08657 -0.08657 0.32455 0.32455 
 0.15902 0.67203 0.67203 -0.20379 -0.20379 -0.09485 -0.09485 0.32797 0.32797 
 0.16002 0.66831 0.66831 -0.20414 -0.20414 -0.10290 -0.10290 0.33169 0.33169 
 0.16102 0.66428 0.66428 -0.20449 -0.20449 -0.11070 -0.11070 0.33572 0.33572 
 0.16202 0.65997 0.65997 -0.20483 -0.20483 -0.11824 -0.11824 0.34003 0.34003 
 0.16302 0.65538 0.65538 -0.20516 -0.20516 -0.12550 -0.12550 0.34462 0.34462 
 0.16402 0.65052 0.65052 -0.20550 -0.20550 -0.13248 -0.13248 0.34948 0.34948 
 0.16502 0.64540 0.64540 -0.20583 -0.20583 -0.13917 -0.13917 0.35460 0.35460 
 0.16602 0.64004 0.64004 -0.20616 -0.20616 -0.14556 -0.14556 0.35996 0.35996 
 0.16702 0.63444 0.63444 -0.20649 -0.20649 -0.15163 -0.15163 0.36556 0.36556 
 0.16802 0.62861 0.62861 -0.20683 -0.20683 -0.15738 -0.15738 0.37139 0.37139 
 0.16902 0.62258 0.62258 -0.20716 -0.20716 -0.16281 -0.16281 0.37742 0.37742 
 0.17002 0.61635 0.61635 -0.20750 -0.20750 -0.16789 -0.16789 0.38365 0.38365 
 0.17102 0.60994 0.60994 -0.20785 -0.20785 -0.17264 -0.17264 0.39006 0.39006 
 0.17202 0.60335 0.60335 -0.20820 -0.20820 -0.17705 -0.17705 0.39665 0.39665 
 0.17302 0.59660 0.59660 -0.20856 -0.20856 -0.18110 -0.18110 0.40340 0.40340 
 0.17402 0.58971 0.58971 -0.20893 -0.20893 -0.18479 -0.18479 0.41029 0.41029 
 0.17502 0.58268 0.58268 -0.20931 -0.20931 -0.18813 -0.18813 0.41732 0.41732 
 0.17602 0.57554 0.57554 -0.20970 -0.20970 -0.19110 -0.19110 0.42446 0.42446 
 0.17702 0.56829 0.56829 -0.21010 -0.21010 -0.19371 -0.19371 0.43171 0.43171 
 0.17802 0.56095 0.56095 -0.21051 -0.21051 -0.19595 -0.19595 0.43905 0.43905 
 0.17902 0.55353 0.55353 -0.21093 -0.21093 -0.19783 -0.19783 0.44647 0.44647 
 0.18002 0.54605 0.54605 -0.21137 -0.21137 -0.19934 -0.19934 0.45395 0.45395 
 0.18102 0.53851 0.53851 -0.21182 -0.21182 -0.20049 -0.20049 0.46149 0.46149 
 0.18202 0.53094 0.53094 -0.21228 -0.21228 -0.20127 -0.20127 0.46906 0.46906 
 0.18302 0.52335 0.52335 -0.21276 -0.21276 -0.20169 -0.20169 0.47665 0.47665 
 0.18402 0.51575 0.51575 -0.21326 -0.21326 -0.20175 -0.20175 0.48425 0.48425 
 0.18502 0.50816 0.50816 -0.21378 -0.21378 -0.20145 -0.20145 0.49184 0.49184 
 0.18602 0.50058 0.50058 -0.21431 -0.21431 -0.20080 -0.20080 0.49942 0.49942 
 0.18702 0.49303 0.49303 -0.21486 -0.21486 -0.19980 -0.19980 0.50697 0.50697 
 0.18802 0.48553 0.48553 -0.21542 -0.21542 -0.19846 -0.19846 0.51447 0.51447 
 0.18902 0.47808 0.47808 -0.21601 -0.21601 -0.19678 -0.19678 0.52192 0.52192 
 0.19002 0.47070 0.47070 -0.21661 -0.21661 -0.19477 -0.19477 0.52929 0.52929 
 0.19102 0.46341 0.46341 -0.21724 -0.21724 -0.19243 -0.19243 0.53659 0.53659 
 0.19202 0.45621 0.45621 -0.21788 -0.21788 -0.18977 -0.18977 0.54379 0.54379 
 0.19302 0.44912 0.44912 -0.21854 -0.21854 -0.18680 -0.18680 0.55088 0.55088 
 0.19402 0.44214 0.44214 -0.21923 -0.21923 -0.18354 -0.18354 0.55786 0.55786 
 0.19502 0.43529 0.43529 -0.21993 -0.21993 -0.17998 -0.17998 0.56471 0.56471 
 0.19602 0.42858 0.42858 -0.22065 -0.22065 -0.17613 -0.17613 0.57142 0.57142 
 0.19702 0.42202 0.42202 -0.22140 -0.22140 -0.17201 -0.17201 0.57798 0.57798 
 0.19802 0.41563 0.41563 -0.22216 -0.22216 -0.16762 -0.16762 0.58437 0.58437 
 0.19902 0.40940 0.40940 -0.22294 -0.22294 -0.16299 -0.16299 0.59060 0.59060 
 0.20002 0.40335 0.40335 -0.21896 -0.22375 -0.15730 -0.15810 0.59748 0.59665 
 0.20102 0.39740 0.39749 -0.22043 -0.22457 -0.15184 -0.15299 0.60282 0.60251 
 0.20202 0.39200 0.39182 -0.22228 -0.22542 -0.14671 -0.14766 0.60794 0.60818 
 0.20302 0.38633 0.38637 -0.22400 -0.22628 -0.14140 -0.14211 0.61317 0.61364 
 0.20402 0.38112 0.38112 -0.22543 -0.22716 -0.13614 -0.13637 0.61826 0.61888 
 0.20502 0.37656 0.37609 -0.22632 -0.22807 -0.13014 -0.13044 0.62317 0.62391 
 0.20602 0.37270 0.37129 -0.22649 -0.22899 -0.12359 -0.12435 0.62807 0.62871 
 0.20702 0.36894 0.36673 -0.22689 -0.22993 -0.11686 -0.11809 0.63292 0.63328 
 0.20802 0.36488 0.36240 -0.22748 -0.23089 -0.11018 -0.11168 0.63750 0.63760 
 0.20902 0.36072 0.35831 -0.22811 -0.23186 -0.10374 -0.10514 0.64136 0.64169 
 0.21002 0.35702 0.35448 -0.22944 -0.23286 -0.09762 -0.09849 0.64486 0.64552 
 0.21102 0.35334 0.35089 -0.23077 -0.23387 -0.09121 -0.09172 0.64830 0.64911 
 0.21202 0.34984 0.34757 -0.23210 -0.23490 -0.08479 -0.08486 0.65144 0.65243 
 0.21302 0.34704 0.34450 -0.23352 -0.23594 -0.07816 -0.07792 0.65445 0.65550 
 0.21402 0.34437 0.34170 -0.23470 -0.23700 -0.07163 -0.07091 0.65711 0.65830 
 0.21502 0.34156 0.33916 -0.23574 -0.23808 -0.06472 -0.06384 0.65968 0.66084 
 0.21602 0.33891 0.33689 -0.23672 -0.23916 -0.05759 -0.05674 0.66173 0.66311 
 0.21702 0.33687 0.33488 -0.23793 -0.24027 -0.05030 -0.04961 0.66365 0.66512 
 0.21802 0.33519 0.33315 -0.23906 -0.24138 -0.04311 -0.04246 0.66540 0.66685 
 0.21902 0.33402 0.33168 -0.23984 -0.24251 -0.03612 -0.03531 0.66731 0.66832 
 0.22002 0.33309 0.33049 -0.24050 -0.24365 -0.02870 -0.02818 0.66856 0.66951 
 0.22102 0.33231 0.32956 -0.24124 -0.24480 -0.02122 -0.02107 0.66910 0.67044 
 0.22202 0.33158 0.32890 -0.24209 -0.24596 -0.01386 -0.01400 0.66948 0.67110 
 0.22302 0.33050 0.32850 -0.24316 -0.24713 -0.00680 -0.00697 0.66984 0.67149 
 0.22402 0.33039 0.32837 -0.24441 -0.24831 -0.00001 -0.00001 0.67005 0.67163 
 0.22502 0.33063 0.32850 -0.24543 -0.24950 0.00683 0.00687 0.66982 0.67150 
 0.22602 0.33121 0.32889 -0.24671 -0.25069 0.01373 0.01367 0.66930 0.67111 
 0.22702 0.33181 0.32953 -0.24791 -0.25189 0.02056 0.02038 0.66906 0.67047 
 0.22802 0.33323 0.33043 -0.24885 -0.25310 0.02788 0.02697 0.66831 0.66958 
 0.22902 0.33421 0.33156 -0.24953 -0.25431 0.03507 0.03344 0.66725 0.66844 
 0.23002 0.33531 0.33294 -0.25024 -0.25553 0.04207 0.03979 0.66560 0.66706 
 0.23102 0.33653 0.33456 -0.25135 -0.25674 0.04791 0.04599 0.66391 0.66544 
 0.23202 0.33851 0.33641 -0.25274 -0.25796 0.05369 0.05204 0.66180 0.66359 
 0.23302 0.34035 0.33848 -0.25461 -0.25918 0.05856 0.05793 0.66034 0.66152 
 0.23402 0.34282 0.34077 -0.25601 -0.26041 0.06359 0.06365 0.65854 0.65923 
 0.23502 0.34545 0.34327 -0.25763 -0.26163 0.06839 0.06920 0.65652 0.65673 
 0.23602 0.34807 0.34598 -0.25901 -0.26285 0.07371 0.07455 0.65405 0.65402 
 0.23702 0.35036 0.34889 -0.26042 -0.26407 0.07876 0.07971 0.65136 0.65111 
 0.23802 0.35338 0.35198 -0.26111 -0.26528 0.08457 0.08467 0.64801 0.64802 
 0.23902 0.35666 0.35526 -0.26228 -0.26650 0.08940 0.08942 0.64425 0.64474 
 0.24002 0.36033 0.35872 -0.26360 -0.26770 0.09390 0.09395 0.64039 0.64128 
 0.24102 0.36396 0.36234 -0.26487 -0.26891 0.09805 0.09826 0.63656 0.63766 
 0.24202 0.36800 0.36612 -0.26594 -0.27010 0.10224 0.10234 0.63265 0.63388 
 0.24302 0.37200 0.37005 -0.26710 -0.27129 0.10618 0.10619 0.62883 0.62995 
 0.24402 0.37642 0.37412 -0.26834 -0.27247 0.10961 0.10980 0.62489 0.62588 
 0.24502 0.38083 0.37832 -0.26946 -0.27365 0.11275 0.11317 0.62072 0.62168 
 0.24602 0.38509 0.38264 -0.27048 -0.27481 0.11608 0.11629 0.61626 0.61736 
 0.24702 0.38937 0.38708 -0.27165 -0.27597 0.11885 0.11916 0.61216 0.61292 
 0.24802 0.39368 0.39162 -0.27287 -0.27711 0.12126 0.12178 0.60772 0.60838 
 0.24902 0.39786 0.39625 -0.27387 -0.27824 0.12363 0.12414 0.60302 0.60375 
 0.25003 0.40244 0.40097 -0.27499 -0.27936 0.12566 0.12625 0.59766 0.59903 
 0.25103 0.40724 0.40576 -0.27627 -0.28047 0.12723 0.12809 0.59256 0.59424 
 0.25203 0.41259 0.41062 -0.27760 -0.28156 0.12850 0.12968 0.58779 0.58939 
 0.25303 0.41770 0.41553 -0.27893 -0.28264 0.12966 0.13101 0.58302 0.58447 
 0.25403 0.42278 0.42048 -0.28049 -0.28371 0.13079 0.13208 0.57820 0.57952 
 0.25503 0.42730 0.42547 -0.28174 -0.28476 0.13174 0.13289 0.57285 0.57452 
 0.25603 0.43184 0.43049 -0.28306 -0.28580 0.13248 0.13344 0.56762 0.56951 
 0.25703 0.43679 0.43553 -0.28445 -0.28681 0.13278 0.13373 0.56275 0.56447 
 0.25803 0.44197 0.44057 -0.28553 -0.28782 0.13252 0.13377 0.55776 0.55943 
 0.25903 0.44683 0.44560 -0.28660 -0.28880 0.13220 0.13356 0.55227 0.55440 
 0.26003 0.45134 0.45062 -0.28719 -0.28977 0.13184 0.13309 0.54732 0.54937 
 0.26103 0.45596 0.45563 -0.28770 -0.29072 0.13137 0.13238 0.54284 0.54437 
 0.26203 0.46089 0.46060 -0.28831 -0.29165 0.13040 0.13143 0.53753 0.53940 
 0.26303 0.46594 0.46553 -0.28932 -0.29256 0.12900 0.13024 0.53229 0.53447 
 0.26403 0.47135 0.47041 -0.29055 -0.29346 0.12728 0.12881 0.52730 0.52959 
 0.26503 0.47667 0.47523 -0.29138 -0.29433 0.12562 0.12715 0.52289 0.52477 
 0.26603 0.48131 0.47998 -0.29210 -0.29518 0.12385 0.12527 0.51824 0.52002 
 0.26703 0.48556 0.48467 -0.29315 -0.29602 0.12186 0.12317 0.51375 0.51533 
 0.26803 0.49004 0.48926 -0.29410 -0.29683 0.11941 0.12086 0.50930 0.51074 
 0.26903 0.49464 0.49377 -0.29500 -0.29763 0.11684 0.11834 0.50497 0.50623 
 0.27003 0.49904 0.49818 -0.29558 -0.29840 0.11433 0.11562 0.50067 0.50182 
 0.27103 0.50306 0.50248 -0.29602 -0.29916 0.11171 0.11270 0.49671 0.49752 
 0.27203 0.50683 0.50667 -0.29638 -0.29989 0.10853 0.10960 0.49267 0.49334 
 0.27303 0.51079 0.51073 -0.29686 -0.30060 0.10538 0.10632 0.48880 0.48927 
 0.27403 0.51487 0.51467 -0.29708 -0.30129 0.10182 0.10287 0.48523 0.48533 
 0.27503 0.51859 0.51848 -0.29770 -0.30197 0.09797 0.09926 0.48155 0.48152 
 0.27603 0.52217 0.52215 -0.29855 -0.30262 0.09405 0.09549 0.47773 0.47785 
 0.27703 0.52587 0.52568 -0.29954 -0.30325 0.08992 0.09158 0.47396 0.47432 
 0.27803 0.52945 0.52905 -0.30043 -0.30386 0.08573 0.08753 0.47060 0.47095 
 0.27903 0.53271 0.53227 -0.30128 -0.30445 0.08143 0.08334 0.46752 0.46773 
 0.28003 0.53560 0.53533 -0.30178 -0.30502 0.07690 0.07904 0.46472 0.46467 
 0.28103 0.53804 0.53822 -0.30227 -0.30557 0.07241 0.07463 0.46224 0.46178 
 0.28203 0.54077 0.54095 -0.30248 -0.30610 0.06804 0.07011 0.46009 0.45905 
 0.28303 0.54356 0.54350 -0.30277 -0.30661 0.06347 0.06550 0.45785 0.45650 
 0.28403 0.54584 0.54588 -0.30293 -0.30710 0.05862 0.06081 0.45596 0.45412 
 0.28503 0.54806 0.54809 -0.30316 -0.30758 0.05380 0.05604 0.45403 0.45192 
 0.28603 0.55024 0.55010 -0.30357 -0.30803 0.04893 0.05121 0.45226 0.44989 
 0.28703 0.55178 0.55194 -0.30439 -0.30847 0.04392 0.04632 0.45039 0.44806 
 0.28803 0.55297 0.55359 -0.30497 -0.30889 0.03906 0.04139 0.44852 0.44640 
 0.28903 0.55433 0.55506 -0.30558 -0.30929 0.03398 0.03642 0.44678 0.44494 
 0.29003 0.55567 0.55634 -0.30610 -0.30967 0.02885 0.03142 0.44541 0.44366 
 0.29103 0.55652 0.55743 -0.30647 -0.31004 0.02368 0.02641 0.44461 0.44257 
 0.29203 0.55741 0.55833 -0.30696 -0.31039 0.01851 0.02138 0.44403 0.44167 
 0.29303 0.55841 0.55904 -0.30741 -0.31073 0.01340 0.01636 0.44336 0.44096 
 0.29403 0.55932 0.55956 -0.30740 -0.31105 0.00845 0.01135 0.44304 0.44044 
 0.29503 0.55963 0.55990 -0.30759 -0.31136 0.00333 0.00636 0.44287 0.44011 
 0.29603 0.55975 0.56004 -0.30775 -0.31165 -0.00224 0.00139 0.44274 0.43996 
 0.29703 0.55984 0.56000 -0.30804 -0.31193 -0.00739 -0.00353 0.44277 0.44000 
 0.29803 0.55953 0.55978 -0.30776 -0.31220 -0.01213 -0.00841 0.44258 0.44022 
 0.29903 0.55896 0.55937 -0.30760 -0.31245 -0.01689 -0.01324 0.44327 0.44063 
 0.30003 0.55797 0.55878 -0.30748 -0.31270 -0.02210 -0.01800 0.44419 0.44122 
 0.30103 0.55658 0.55801 -0.30763 -0.31293 -0.02692 -0.02270 0.44512 0.44199 
 0.30203 0.55544 0.55707 -0.30807 -0.31315 -0.03162 -0.02731 0.44611 0.44293 
 0.30303 0.55422 0.55595 -0.30849 -0.31336 -0.03627 -0.03184 0.44740 0.44405 
 0.30403 0.55294 0.55467 -0.30892 -0.31356 -0.04075 -0.03627 0.44876 0.44533 
 0.30503 0.55129 0.55322 -0.30897 -0.31376 -0.04499 -0.04060 0.45041 0.44678 
 0.30603 0.54965 0.55161 -0.30892 -0.31394 -0.04919 -0.04483 0.45211 0.44839 
 0.30703 0.54786 0.54985 -0.30871 -0.31412 -0.05334 -0.04894 0.45424 0.45015 
 0.30803 0.54575 0.54793 -0.30876 -0.31429 -0.05742 -0.05292 0.45611 0.45207 
 0.30903 0.54340 0.54586 -0.30863 -0.31446 -0.06109 -0.05678 0.45814 0.45414 
 0.31003 0.54121 0.54365 -0.30855 -0.31462 -0.06445 -0.06051 0.46031 0.45635 
 0.31103 0.53858 0.54130 -0.30865 -0.31477 -0.06806 -0.06410 0.46234 0.45870 
 0.31203 0.53607 0.53882 -0.30892 -0.31492 -0.07161 -0.06754 0.46477 0.46118 
 0.31303 0.53354 0.53622 -0.30898 -0.31507 -0.07484 -0.07083 0.46756 0.46378 
 0.31403 0.53097 0.53349 -0.30915 -0.31522 -0.07773 -0.07397 0.47034 0.46651 
 0.31503 0.52809 0.53065 -0.30926 -0.31536 -0.08070 -0.07695 0.47352 0.46936 
 0.31603 0.52483 0.52769 -0.30929 -0.31550 -0.08337 -0.07977 0.47696 0.47231 
 0.31703 0.52129 0.52464 -0.30924 -0.31564 -0.08621 -0.08242 0.48087 0.47536 
 0.31803 0.51797 0.52148 -0.30912 -0.31578 -0.08853 -0.08490 0.48429 0.47852 
 0.31903 0.51468 0.51824 -0.30887 -0.31592 -0.09060 -0.08721 0.48784 0.48176 
 0.32003 0.51105 0.51492 -0.30878 -0.31606 -0.09225 -0.08935 0.49120 0.48508 
 0.32103 0.50707 0.51151 -0.30890 -0.31620 -0.09414 -0.09130 0.49447 0.48849 
 0.32203 0.50339 0.50804 -0.30892 -0.31634 -0.09593 -0.09308 0.49788 0.49196 
 0.32303 0.49982 0.50450 -0.30900 -0.31649 -0.09755 -0.09468 0.50138 0.49550 
 0.32403 0.49651 0.50091 -0.30920 -0.31664 -0.09891 -0.09609 0.50467 0.49909 
 0.32503 0.49312 0.49726 -0.30935 -0.31679 -0.09995 -0.09732 0.50827 0.50274 
 0.32603 0.48914 0.49358 -0.30908 -0.31695 -0.10054 -0.09837 0.51192 0.50642 
 0.32703 0.48506 0.48985 -0.30905 -0.31711 -0.10084 -0.09924 0.51584 0.51015 
 0.32803 0.48130 0.48610 -0.30924 -0.31728 -0.10094 -0.09992 0.51978 0.51390 
 0.32903 0.47757 0.48233 -0.30940 -0.31745 -0.10127 -0.10041 0.52385 0.51767 
 0.33003 0.47348 0.47854 -0.30907 -0.31763 -0.10126 -0.10073 0.52785 0.52146 
 0.33103 0.46933 0.47474 -0.30876 -0.31782 -0.10108 -0.10086 0.53164 0.52526 
 0.33203 0.46540 0.47094 -0.30856 -0.31801 -0.10063 -0.10081 0.53528 0.52906 
 0.33303 0.46153 0.46715 -0.30838 -0.31821 -0.10049 -0.10058 0.53874 0.53285 
 0.33403 0.45771 0.46337 -0.30837 -0.31842 -0.10011 -0.10018 0.54220 0.53663 
 0.33503 0.45394 0.45960 -0.30849 -0.31863 -0.09965 -0.09961 0.54592 0.54040 
 0.33603 0.45036 0.45586 -0.30864 -0.31886 -0.09879 -0.09886 0.54975 0.54414 
 0.33703 0.44689 0.45215 -0.30906 -0.31909 -0.09753 -0.09794 0.55356 0.54785 
 0.33803 0.44356 0.44849 -0.30947 -0.31933 -0.09615 -0.09686 0.55727 0.55151 
 0.33903 0.43991 0.44486 -0.30990 -0.31958 -0.09486 -0.09562 0.56096 0.55514 
 0.34003 0.43635 0.44128 -0.30991 -0.31984 -0.09342 -0.09422 0.56468 0.55872 
 0.34103 0.43281 0.43776 -0.31006 -0.32011 -0.09188 -0.09266 0.56824 0.56224 
 0.34203 0.42948 0.43430 -0.31012 -0.32039 -0.09025 -0.09096 0.57138 0.56570 
 0.34303 0.42601 0.43091 -0.31003 -0.32068 -0.08829 -0.08911 0.57422 0.56909 
 0.34403 0.42242 0.42759 -0.30988 -0.32098 -0.08607 -0.08712 0.57741 0.57241 
 0.34503 0.41922 0.42435 -0.30994 -0.32128 -0.08376 -0.08499 0.58062 0.57565 
 0.34603 0.41605 0.42119 -0.30974 -0.32160 -0.08131 -0.08274 0.58364 0.57881 
 0.34703 0.41269 0.41812 -0.30991 -0.32193 -0.07869 -0.08036 0.58660 0.58188 
 0.34803 0.40957 0.41513 -0.31004 -0.32227 -0.07597 -0.07786 0.58958 0.58486 
 0.34903 0.40664 0.41225 -0.31042 -0.32262 -0.07323 -0.07524 0.59262 0.58775 
 0.35004 0.40366 0.40947 -0.31088 -0.32298 -0.07061 -0.07252 0.59542 0.59053 
 0.35104 0.40117 0.40679 -0.31120 -0.32336 -0.06784 -0.06969 0.59830 0.59321 
 0.35204 0.39899 0.40422 -0.31140 -0.32374 -0.06495 -0.06677 0.60121 0.59578 
 0.35304 0.39717 0.40176 -0.31142 -0.32413 -0.06175 -0.06376 0.60388 0.59824 
 0.35404 0.39521 0.39941 -0.31141 -0.32453 -0.05852 -0.06067 0.60635 0.60059 
 0.35504 0.39317 0.39719 -0.31149 -0.32494 -0.05525 -0.05750 0.60877 0.60281 
 0.35604 0.39103 0.39508 -0.31146 -0.32537 -0.05192 -0.05425 0.61081 0.60492 
 0.35704 0.38880 0.39310 -0.31178 -0.32580 -0.04858 -0.05095 0.61272 0.60690 
 0.35804 0.38666 0.39125 -0.31222 -0.32624 -0.04517 -0.04758 0.61463 0.60876 
 0.35904 0.38472 0.38952 -0.31270 -0.32669 -0.04158 -0.04417 0.61621 0.61048 
 0.36004 0.38335 0.38792 -0.31343 -0.32715 -0.03812 -0.04071 0.61773 0.61208 
 0.36104 0.38212 0.38645 -0.31407 -0.32762 -0.03465 -0.03722 0.61916 0.61355 
 0.36204 0.38093 0.38511 -0.31457 -0.32810 -0.03120 -0.03369 0.62055 0.61489 
 0.36304 0.37970 0.38391 -0.31532 -0.32859 -0.02774 -0.03014 0.62177 0.61609 
 0.36404 0.37885 0.38284 -0.31605 -0.32908 -0.02415 -0.02657 0.62253 0.61716 
 0.36504 0.37814 0.38191 -0.31658 -0.32958 -0.02058 -0.02299 0.62328 0.61809 
 0.36604 0.37750 0.38111 -0.31694 -0.33009 -0.01695 -0.01941 0.62413 0.61889 
 0.36704 0.37707 0.38045 -0.31723 -0.33061 -0.01320 -0.01583 0.62480 0.61955 
 0.36804 0.37698 0.37992 -0.31754 -0.33114 -0.00950 -0.01226 0.62510 0.62008 
 0.36904 0.37681 0.37952 -0.31786 -0.33167 -0.00566 -0.00871 0.62530 0.62048 
 0.37004 0.37657 0.37926 -0.31826 -0.33220 -0.00198 -0.00517 0.62538 0.62074 
 0.37104 0.37651 0.37913 -0.31875 -0.33275 0.00155 -0.00167 0.62528 0.62087 
 0.37204 0.37678 0.37913 -0.31919 -0.33330 0.00511 0.00180 0.62484 0.62087 
 0.37304 0.37718 0.37927 -0.31977 -0.33385 0.00870 0.00523 0.62446 0.62073 
 0.37404 0.37770 0.37953 -0.32046 -0.33441 0.01223 0.00862 0.62420 0.62047 
 0.37504 0.37821 0.37992 -0.32116 -0.33497 0.01564 0.01195 0.62382 0.62008 
 0.37604 0.37904 0.38043 -0.32162 -0.33554 0.01898 0.01523 0.62323 0.61957 
 0.37704 0.37992 0.38106 -0.32206 -0.33611 0.02222 0.01844 0.62246 0.61894 
 0.37804 0.38079 0.38182 -0.32281 -0.33668 0.02524 0.02158 0.62144 0.61818 
 0.37904 0.38193 0.38269 -0.32350 -0.33726 0.02822 0.02465 0.62032 0.61731 
 0.38004 0.38310 0.38367 -0.32411 -0.33783 0.03114 0.02765 0.61914 0.61633 
 0.38104 0.38428 0.38477 -0.32452 -0.33841 0.03395 0.03056 0.61810 0.61523 
 0.38204 0.38557 0.38597 -0.32516 -0.33899 0.03682 0.03338 0.61675 0.61403 
 0.38304 0.38710 0.38728 -0.32574 -0.33957 0.03957 0.03611 0.61546 0.61272 
 0.38404 0.38858 0.38869 -0.32633 -0.34015 0.04238 0.03874 0.61400 0.61131 
 0.38504 0.39012 0.39020 -0.32669 -0.34074 0.04502 0.04128 0.61231 0.60980 
 0.38604 0.39185 0.39180 -0.32718 -0.34131 0.04760 0.04371 0.61064 0.60820 
 0.38704 0.39382 0.39349 -0.32789 -0.34190 0.04978 0.04604 0.60894 0.60651 
 0.38804 0.39620 0.39527 -0.32877 -0.34247 0.05197 0.04825 0.60726 0.60473 
 0.38904 0.39844 0.39713 -0.32947 -0.34305 0.05392 0.05035 0.60549 0.60287 
 0.39004 0.40036 0.39906 -0.33020 -0.34362 0.05587 0.05234 0.60358 0.60094 
 0.39104 0.40228 0.40107 -0.33077 -0.34419 0.05757 0.05420 0.60162 0.59893 
 0.39204 0.40419 0.40314 -0.33133 -0.34476 0.05927 0.05595 0.59940 0.59686 
 0.39304 0.40609 0.40528 -0.33165 -0.34532 0.06086 0.05757 0.59711 0.59472 
 0.39404 0.40823 0.40748 -0.33216 -0.34588 0.06244 0.05907 0.59482 0.59252 
 0.39504 0.41059 0.40973 -0.33254 -0.34644 0.06380 0.06045 0.59249 0.59027 
 0.39604 0.41299 0.41203 -0.33305 -0.34699 0.06498 0.06169 0.58970 0.58797 
 0.39704 0.41559 0.41438 -0.33366 -0.34753 0.06602 0.06281 0.58706 0.58562 
 0.39804 0.41823 0.41676 -0.33443 -0.34807 0.06704 0.06380 0.58428 0.58323 
 0.39904 0.42094 0.41918 -0.33508 -0.34860 0.06765 0.06465 0.58166 0.58081 
 0.40004 0.42360 0.42163 -0.33589 -0.34913 0.06813 0.06538 0.57903 0.57837 
 0.40104 0.42628 0.42411 -0.33667 -0.34965 0.06860 0.06598 0.57636 0.57589 
 0.40204 0.42890 0.42660 -0.33731 -0.35016 0.06915 0.06644 0.57373 0.57340 
 0.40304 0.43160 0.42911 -0.33785 -0.35067 0.06946 0.06678 0.57116 0.57089 
 0.40404 0.43422 0.43163 -0.33856 -0.35116 0.06939 0.06699 0.56879 0.56837 
 0.40504 0.43680 0.43416 -0.33905 -0.35165 0.06910 0.06707 0.56654 0.56584 
 0.40604 0.43937 0.43669 -0.33975 -0.35213 0.06875 0.06702 0.56396 0.56331 
 0.40704 0.44196 0.43921 -0.34026 -0.35261 0.06853 0.06685 0.56135 0.56079 
 0.40804 0.44456 0.44172 -0.34078 -0.35307 0.06807 0.06655 0.55889 0.55828 
 0.40904 0.44710 0.44422 -0.34127 -0.35353 0.06746 0.06613 0.55631 0.55578 
 0.41004 0.44980 0.44670 -0.34173 -0.35397 0.06675 0.06558 0.55367 0.55330 
 0.41104 0.45248 0.44916 -0.34222 -0.35441 0.06600 0.06492 0.55123 0.55084 
 0.41204 0.45512 0.45159 -0.34290 -0.35484 0.06521 0.06414 0.54899 0.54841 
 0.41304 0.45762 0.45399 -0.34362 -0.35525 0.06418 0.06325 0.54675 0.54601 
 0.41404 0.45976 0.45636 -0.34428 -0.35566 0.06310 0.06225 0.54445 0.54364 
 0.41504 0.46199 0.45868 -0.34488 -0.35606 0.06181 0.06114 0.54217 0.54132 
 0.41604 0.46420 0.46096 -0.34547 -0.35644 0.06041 0.05992 0.54006 0.53904 
 0.41704 0.46632 0.46319 -0.34579 -0.35682 0.05894 0.05860 0.53795 0.53681 
 0.41804 0.46828 0.46538 -0.34607 -0.35719 0.05743 0.05719 0.53572 0.53462 
 0.41904 0.47022 0.46750 -0.34644 -0.35754 0.05585 0.05568 0.53358 0.53250 
 0.42004 0.47234 0.46957 -0.34680 -0.35789 0.05403 0.05407 0.53155 0.53043 
 0.42104 0.47449 0.47158 -0.34695 -0.35822 0.05217 0.05238 0.52971 0.52843 
 0.42204 0.47652 0.47352 -0.34727 -0.35855 0.05013 0.05061 0.52788 0.52648 
 0.42304 0.47841 0.47539 -0.34752 -0.35886 0.04809 0.04875 0.52602 0.52461 
 0.42404 0.48029 0.47719 -0.34779 -0.35917 0.04607 0.04682 0.52399 0.52281 
 0.42504 0.48209 0.47891 -0.34814 -0.35946 0.04389 0.04482 0.52214 0.52109 
 0.42604 0.48367 0.48056 -0.34845 -0.35974 0.04172 0.04275 0.52042 0.51944 
 0.42704 0.48508 0.48213 -0.34867 -0.36001 0.03953 0.04062 0.51881 0.51787 
 0.42804 0.48648 0.48362 -0.34889 -0.36028 0.03732 0.03843 0.51730 0.51638 
 0.42904 0.48801 0.48503 -0.34903 -0.36053 0.03520 0.03619 0.51593 0.51497 
 0.43004 0.48941 0.48635 -0.34915 -0.36077 0.03301 0.03390 0.51457 0.51365 
 0.43104 0.49069 0.48758 -0.34939 -0.36100 0.03060 0.03156 0.51345 0.51242 
 0.43204 0.49184 0.48873 -0.34958 -0.36122 0.02819 0.02919 0.51231 0.51127 
 0.43304 0.49293 0.48978 -0.34986 -0.36144 0.02570 0.02678 0.51120 0.51022 
 0.43404 0.49370 0.49074 -0.35027 -0.36164 0.02316 0.02434 0.50996 0.50926 
 0.43504 0.49455 0.49162 -0.35052 -0.36183 0.02065 0.02188 0.50903 0.50838 
 0.43604 0.49546 0.49239 -0.35062 -0.36202 0.01820 0.01939 0.50829 0.50761 
 0.43704 0.49614 0.49308 -0.35069 -0.36219 0.01574 0.01689 0.50767 0.50692 
 0.43804 0.49661 0.49367 -0.35081 -0.36236 0.01322 0.01438 0.50726 0.50633 
 0.43904 0.49701 0.49416 -0.35097 -0.36252 0.01059 0.01186 0.50711 0.50584 
 0.44004 0.49745 0.49456 -0.35113 -0.36267 0.00808 0.00934 0.50694 0.50544 
 0.44104 0.49759 0.49486 -0.35116 -0.36281 0.00554 0.00682 0.50674 0.50514 
 0.44204 0.49765 0.49507 -0.35132 -0.36295 0.00285 0.00431 0.50658 0.50493 
 0.44304 0.49765 0.49519 -0.35132 -0.36308 0.00032 0.00182 0.50640 0.50481 
 0.44404 0.49749 0.49521 -0.35138 -0.36320 -0.00224 -0.00066 0.50613 0.50479 
 0.44504 0.49721 0.49514 -0.35119 -0.36331 -0.00487 -0.00312 0.50613 0.50486 
 0.44604 0.49689 0.49497 -0.35103 -0.36342 -0.00731 -0.00556 0.50641 0.50502 
 0.44704 0.49638 0.49472 -0.35095 -0.36352 -0.00982 -0.00796 0.50689 0.50528 
 0.44804 0.49589 0.49438 -0.35114 -0.36362 -0.01225 -0.01033 0.50743 0.50562 
 0.44904 0.49543 0.49394 -0.35137 -0.36371 -0.01469 -0.01267 0.50802 0.50606 
 0.45005 0.49484 0.49342 -0.35159 -0.36379 -0.01697 -0.01496 0.50860 0.50658 
 0.45105 0.49430 0.49282 -0.35173 -0.36387 -0.01920 -0.01720 0.50932 0.50718 
 0.45205 0.49333 0.49213 -0.35167 -0.36395 -0.02140 -0.01940 0.50990 0.50787 
 0.45305 0.49233 0.49135 -0.35150 -0.36402 -0.02369 -0.02155 0.51071 0.50865 
 0.45405 0.49133 0.49050 -0.35144 -0.36408 -0.02592 -0.02363 0.51161 0.50950 
 0.45505 0.49010 0.48957 -0.35147 -0.36415 -0.02807 -0.02566 0.51253 0.51043 
 0.45605 0.48893 0.48857 -0.35151 -0.36421 -0.03000 -0.02763 0.51349 0.51143 
 0.45705 0.48770 0.48749 -0.35152 -0.36426 -0.03190 -0.02953 0.51460 0.51251 
 0.45805 0.48664 0.48635 -0.35160 -0.36432 -0.03380 -0.03136 0.51575 0.51365 
 0.45905 0.48560 0.48513 -0.35163 -0.36437 -0.03569 -0.03312 0.51723 0.51487 
 0.46005 0.48436 0.48385 -0.35178 -0.36442 -0.03748 -0.03481 0.51875 0.51615 
 0.46105 0.48312 0.48251 -0.35177 -0.36447 -0.03914 -0.03642 0.52053 0.51749 
 0.46205 0.48176 0.48111 -0.35174 -0.36452 -0.04060 -0.03795 0.52219 0.51889 
 0.46305 0.48007 0.47965 -0.35154 -0.36456 -0.04201 -0.03940 0.52398 0.52035 
 0.46405 0.47840 0.47814 -0.35145 -0.36461 -0.04338 -0.04077 0.52559 0.52186 
 0.46505 0.47661 0.47658 -0.35128 -0.36466 -0.04459 -0.04205 0.52710 0.52342 
 0.46605 0.47481 0.47497 -0.35110 -0.36470 -0.04561 -0.04325 0.52878 0.52502 
 0.46705 0.47302 0.47332 -0.35091 -0.36475 -0.04668 -0.04436 0.53046 0.52668 
 0.46805 0.47127 0.47163 -0.35100 -0.36479 -0.04782 -0.04538 0.53207 0.52837 
 0.46905 0.46954 0.46991 -0.35114 -0.36484 -0.04896 -0.04632 0.53384 0.53009 
 0.47005 0.46785 0.46814 -0.35136 -0.36489 -0.04995 -0.04716 0.53556 0.53185 
 0.47105 0.46626 0.46635 -0.35149 -0.36494 -0.05084 -0.04791 0.53731 0.53365 
 0.47205 0.46456 0.46454 -0.35170 -0.36499 -0.05143 -0.04857 0.53899 0.53546 
 0.47305 0.46254 0.46270 -0.35178 -0.36505 -0.05190 -0.04914 0.54088 0.53731 
 0.47405 0.46041 0.46083 -0.35189 -0.36511 -0.05214 -0.04961 0.54278 0.53917 
 0.47505 0.45829 0.45896 -0.35186 -0.36516 -0.05222 -0.05000 0.54496 0.54104 
 0.47605 0.45634 0.45707 -0.35178 -0.36523 -0.05234 -0.05029 0.54704 0.54293 
 0.47705 0.45429 0.45517 -0.35173 -0.36529 -0.05244 -0.05049 0.54908 0.54483 
 0.47805 0.45209 0.45327 -0.35168 -0.36536 -0.05253 -0.05060 0.55095 0.54673 
 0.47905 0.44991 0.45136 -0.35152 -0.36543 -0.05259 -0.05062 0.55278 0.54864 
 0.48005 0.44779 0.44945 -0.35152 -0.36551 -0.05259 -0.05054 0.55454 0.55055 
 0.48105 0.44566 0.44755 -0.35152 -0.36559 -0.05253 -0.05038 0.55657 0.55245 
 0.48205 0.44374 0.44566 -0.35161 -0.36567 -0.05238 -0.05013 0.55869 0.55434 
 0.48305 0.44194 0.44378 -0.35163 -0.36576 -0.05200 -0.04980 0.56089 0.55622 
 0.48405 0.44027 0.44191 -0.35187 -0.36585 -0.05165 -0.04938 0.56291 0.55809 
 0.48505 0.43851 0.44006 -0.35210 -0.36595 -0.05119 -0.04887 0.56486 0.55994 
 0.48605 0.43664 0.43823 -0.35230 -0.36605 -0.05063 -0.04829 0.56674 0.56177 
 0.48705 0.43489 0.43642 -0.35234 -0.36616 -0.05010 -0.04762 0.56860 0.56358 
 0.48805 0.43308 0.43464 -0.35246 -0.36627 -0.04946 -0.04688 0.57043 0.56536 
 0.48905 0.43131 0.43289 -0.35248 -0.36639 -0.04870 -0.04605 0.57222 0.56711 
 0.49005 0.42951 0.43117 -0.35239 -0.36651 -0.04778 -0.04516 0.57373 0.56883 
 0.49105 0.42772 0.42949 -0.35222 -0.36664 -0.04666 -0.04419 0.57535 0.57051 
 0.49205 0.42609 0.42784 -0.35213 -0.36677 -0.04552 -0.04316 0.57694 0.57216 
 0.49305 0.42453 0.42623 -0.35217 -0.36691 -0.04439 -0.04206 0.57843 0.57376 
 0.49405 0.42294 0.42467 -0.35220 -0.36705 -0.04314 -0.04089 0.57989 0.57533 
 0.49505 0.42127 0.42316 -0.35225 -0.36720 -0.04194 -0.03967 0.58148 0.57685 
 0.49605 0.41959 0.42168 -0.35256 -0.36736 -0.04082 -0.03838 0.58315 0.57832 
 0.49705 0.41788 0.42026 -0.35287 -0.36752 -0.03964 -0.03704 0.58489 0.57974 
 0.49805 0.41633 0.41889 -0.35321 -0.36768 -0.03844 -0.03565 0.58655 0.58111 
 0.49905 0.41491 0.41758 -0.35346 -0.36785 -0.03701 -0.03420 0.58806 0.58242 
 0.50005 0.41365 0.41632 -0.35368 -0.36803 -0.03541 -0.03272 0.58937 0.58368 
 0.50105 0.41234 0.41511 -0.35377 -0.36821 -0.03371 -0.03118 0.59066 0.58489 
 0.50205 0.41108 0.41397 -0.35378 -0.36840 -0.03196 -0.02961 0.59193 0.58603 
 0.50305 0.40978 0.41288 -0.35374 -0.36859 -0.03030 -0.02800 0.59319 0.58712 
 0.50405 0.40847 0.41186 -0.35390 -0.36879 -0.02881 -0.02636 0.59432 0.58814 
 0.50505 0.40729 0.41090 -0.35406 -0.36899 -0.02715 -0.02468 0.59531 0.58910 
 0.50605 0.40629 0.41000 -0.35431 -0.36920 -0.02545 -0.02298 0.59631 0.59000 
 0.50705 0.40550 0.40917 -0.35458 -0.36941 -0.02370 -0.02126 0.59724 0.59083 
 0.50805 0.40477 0.40840 -0.35493 -0.36963 -0.02193 -0.01951 0.59814 0.59160 
 0.50905 0.40408 0.40770 -0.35523 -0.36985 -0.02020 -0.01775 0.59893 0.59230 
 0.51005 0.40342 0.40706 -0.35564 -0.37007 -0.01843 -0.01598 0.59957 0.59294 
 0.51105 0.40281 0.40649 -0.35598 -0.37030 -0.01666 -0.01419 0.60011 0.59351 
 0.51205 0.40216 0.40599 -0.35623 -0.37054 -0.01484 -0.01240 0.60061 0.59401 
 0.51305 0.40162 0.40556 -0.35638 -0.37078 -0.01307 -0.01060 0.60110 0.59444 
 0.51405 0.40120 0.40519 -0.35648 -0.37102 -0.01132 -0.00881 0.60165 0.59481 
 0.51505 0.40080 0.40490 -0.35654 -0.37127 -0.00946 -0.00702 0.60208 0.59510 
 0.51605 0.40045 0.40466 -0.35664 -0.37152 -0.00757 -0.00523 0.60246 0.59534 
 0.51705 0.39999 0.40450 -0.35685 -0.37177 -0.00578 -0.00345 0.60268 0.59550 
 0.51805 0.39968 0.40440 -0.35719 -0.37203 -0.00408 -0.00169 0.60282 0.59560 
 0.51905 0.39948 0.40437 -0.35750 -0.37229 -0.00238 0.00006 0.60285 0.59563 
 0.52005 0.39943 0.40441 -0.35780 -0.37255 -0.00065 0.00179 0.60291 0.59559 
 0.52105 0.39943 0.40451 -0.35796 -0.37281 0.00111 0.00350 0.60305 0.59549 
 0.52205 0.39960 0.40467 -0.35829 -0.37308 0.00281 0.00518 0.60310 0.59533 
 0.52305 0.39973 0.40490 -0.35856 -0.37335 0.00445 0.00684 0.60296 0.59510 
 0.52405 0.39982 0.40519 -0.35884 -0.37362 0.00605 0.00846 0.60274 0.59481 
 0.52505 0.40001 0.40553 -0.35920 -0.37389 0.00758 0.01005 0.60248 0.59447 
 0.52605 0.40029 0.40594 -0.35956 -0.37417 0.00913 0.01161 0.60209 0.59406 
 0.52705 0.40058 0.40641 -0.35980 -0.37444 0.01073 0.01313 0.60166 0.59359 
 0.52805 0.40100 0.40693 -0.36002 -0.37472 0.01231 0.01461 0.60120 0.59307 
 0.52905 0.40145 0.40751 -0.36020 -0.37500 0.01385 0.01604 0.60059 0.59249 
 0.53005 0.40189 0.40814 -0.36044 -0.37528 0.01522 0.01743 0.60000 0.59186 
 0.53105 0.40230 0.40882 -0.36067 -0.37556 0.01658 0.01878 0.59939 0.59118 
 0.53205 0.40282 0.40956 -0.36086 -0.37583 0.01795 0.02007 0.59872 0.59044 
 0.53305 0.40355 0.41034 -0.36108 -0.37611 0.01926 0.02132 0.59800 0.58966 
 0.53405 0.40437 0.41116 -0.36129 -0.37639 0.02061 0.02251 0.59740 0.58884 
 0.53505 0.40522 0.41203 -0.36151 -0.37667 0.02193 0.02364 0.59681 0.58797 
 0.53605 0.40610 0.41294 -0.36171 -0.37694 0.02321 0.02472 0.59610 0.58706 
 0.53705 0.40696 0.41389 -0.36194 -0.37722 0.02436 0.02574 0.59529 0.58611 
 0.53805 0.40790 0.41488 -0.36221 -0.37749 0.02540 0.02671 0.59444 0.58512 
 0.53905 0.40877 0.41590 -0.36257 -0.37777 0.02631 0.02761 0.59350 0.58410 
 0.54005 0.40974 0.41696 -0.36294 -0.37804 0.02719 0.02845 0.59253 0.58304 
 0.54105 0.41080 0.41805 -0.36329 -0.37831 0.02799 0.02924 0.59143 0.58195 
 0.54205 0.41190 0.41916 -0.36356 -0.37857 0.02874 0.02995 0.59030 0.58084 
 0.54305 0.41301 0.42030 -0.36378 -0.37884 0.02946 0.03061 0.58914 0.57970 
 0.54405 0.41416 0.42147 -0.36401 -0.37910 0.03024 0.03120 0.58795 0.57853 
 0.54505 0.41530 0.42265 -0.36433 -0.37936 0.03091 0.03172 0.58668 0.57735 
 0.54605 0.41651 0.42386 -0.36468 -0.37961 0.03157 0.03218 0.58545 0.57614 
 0.54705 0.41767 0.42508 -0.36505 -0.37987 0.03209 0.03258 0.58428 0.57492 
 0.54805 0.41888 0.42631 -0.36543 -0.38012 0.03258 0.03291 0.58317 0.57369 
 0.54905 0.42019 0.42756 -0.36572 -0.38036 0.03300 0.03317 0.58203 0.57244 
 0.55006 0.42164 0.42881 -0.36603 -0.38061 0.03338 0.03337 0.58087 0.57119 
 0.55106 0.42299 0.43007 -0.36638 -0.38084 0.03355 0.03350 0.57960 0.56993 
 0.55206 0.42423 0.43133 -0.36671 -0.38108 0.03378 0.03357 0.57835 0.56867 
 0.55306 0.42532 0.43260 -0.36707 -0.38131 0.03384 0.03358 0.57700 0.56740 
 0.55406 0.42637 0.43386 -0.36740 -0.38154 0.03386 0.03352 0.57572 0.56614 
 0.55506 0.42752 0.43512 -0.36772 -0.38176 0.03376 0.03340 0.57458 0.56488 
 0.55606 0.42866 0.43638 -0.36795 -0.38198 0.03352 0.03322 0.57334 0.56362 
 0.55706 0.42984 0.43762 -0.36812 -0.38219 0.03322 0.03297 0.57201 0.56238 
 0.55806 0.43114 0.43886 -0.36843 -0.38240 0.03298 0.03267 0.57069 0.56114 
 0.55906 0.43242 0.44008 -0.36867 -0.38261 0.03273 0.03230 0.56939 0.55992 
 0.56006 0.43374 0.44129 -0.36890 -0.38281 0.03253 0.03188 0.56803 0.55871 
 0.56106 0.43514 0.44249 -0.36919 -0.38300 0.03230 0.03141 0.56665 0.55751 
 0.56206 0.43653 0.44366 -0.36951 -0.38319 0.03200 0.03087 0.56528 0.55634 
 0.56306 0.43783 0.44481 -0.36981 -0.38337 0.03164 0.03029 0.56409 0.55519 
 0.56406 0.43896 0.44594 -0.37005 -0.38355 0.03110 0.02965 0.56298 0.55406 
 0.56506 0.44000 0.44705 -0.37019 -0.38373 0.03049 0.02896 0.56192 0.55295 
 0.56606 0.44104 0.44812 -0.37036 -0.38390 0.02985 0.02823 0.56084 0.55188 
 0.56706 0.44210 0.44917 -0.37059 -0.38406 0.02919 0.02745 0.55985 0.55083 
 0.56806 0.44315 0.45019 -0.37077 -0.38422 0.02853 0.02662 0.55882 0.54981 
 0.56906 0.44420 0.45118 -0.37095 -0.38437 0.02775 0.02575 0.55773 0.54882 
 0.57006 0.44529 0.45213 -0.37104 -0.38452 0.02697 0.02484 0.55669 0.54787 
 0.57106 0.44636 0.45305 -0.37107 -0.38466 0.02612 0.02389 0.55571 0.54695 
 0.57206 0.44734 0.45393 -0.37116 -0.38480 0.02515 0.02290 0.55478 0.54607 
 0.57306 0.44825 0.45477 -0.37131 -0.38493 0.02417 0.02188 0.55387 0.54523 
 0.57406 0.44916 0.45558 -0.37145 -0.38506 0.02318 0.02082 0.55297 0.54442 
 0.57506 0.45006 0.45634 -0.37161 -0.38518 0.02214 0.01974 0.55214 0.54366 
 0.57606 0.45103 0.45706 -0.37186 -0.38530 0.02107 0.01863 0.55124 0.54294 
 0.57706 0.45201 0.45774 -0.37204 -0.38541 0.02002 0.01749 0.55044 0.54226 
 0.57806 0.45288 0.45838 -0.37222 -0.38552 0.01898 0.01633 0.54963 0.54162 
 0.57906 0.45370 0.45897 -0.37237 -0.38562 0.01803 0.01515 0.54886 0.54103 
 0.58006 0.45451 0.45952 -0.37254 -0.38572 0.01705 0.01395 0.54811 0.54048 
 0.58106 0.45521 0.46003 -0.37274 -0.38581 0.01597 0.01273 0.54737 0.53997 
 0.58206 0.45586 0.46048 -0.37294 -0.38590 0.01475 0.01150 0.54670 0.53952 
 0.58306 0.45650 0.46089 -0.37316 -0.38598 0.01345 0.01026 0.54621 0.53911 
 0.58406 0.45700 0.46126 -0.37334 -0.38606 0.01216 0.00901 0.54578 0.53875 
 0.58506 0.45742 0.46157 -0.37345 -0.38614 0.01084 0.00776 0.54549 0.53843 
 0.58606 0.45778 0.46184 -0.37358 -0.38621 0.00952 0.00650 0.54526 0.53816 
 0.58706 0.45813 0.46206 -0.37372 -0.38627 0.00822 0.00523 0.54498 0.53794 
 0.58806 0.45833 0.46223 -0.37384 -0.38633 0.00700 0.00397 0.54468 0.53777 
 0.58906 0.45840 0.46236 -0.37393 -0.38639 0.00577 0.00271 0.54440 0.53764 
 0.59006 0.45841 0.46244 -0.37400 -0.38645 0.00452 0.00146 0.54413 0.53756 
 0.59106 0.45835 0.46247 -0.37417 -0.38650 0.00320 0.00021 0.54390 0.53753 
 0.59206 0.45832 0.46245 -0.37426 -0.38655 0.00189 -0.00103 0.54383 0.53755 
 0.59306 0.45828 0.46239 -0.37430 -0.38659 0.00057 -0.00225 0.54391 0.53761 
 0.59406 0.45824 0.46228 -0.37432 -0.38663 -0.00071 -0.00347 0.54402 0.53772 
 0.59506 0.45823 0.46213 -0.37431 -0.38667 -0.00196 -0.00466 0.54412 0.53787 
 0.59606 0.45814 0.46193 -0.37434 -0.38671 -0.00318 -0.00584 0.54422 0.53807 
 0.59706 0.45802 0.46169 -0.37443 -0.38674 -0.00442 -0.00700 0.54441 0.53831 
 0.59806 0.45779 0.46141 -0.37445 -0.38677 -0.00561 -0.00814 0.54459 0.53860 
 0.59906 0.45754 0.46108 -0.37437 -0.38680 -0.00665 -0.00925 0.54462 0.53892 
 0.60006 0.45728 0.46071 -0.37427 -0.38682 -0.00769 -0.01034 0.54469 0.53929 
 0.60106 0.45696 0.46030 -0.37423 -0.38685 -0.00878 -0.01139 0.54492 0.53970 
 0.60206 0.45652 0.45985 -0.37428 -0.38687 -0.00994 -0.01242 0.54528 0.54015 
 0.60306 0.45607 0.45936 -0.37431 -0.38689 -0.01099 -0.01342 0.54561 0.54064 
 0.60406 0.45562 0.45884 -0.37437 -0.38691 -0.01202 -0.01439 0.54602 0.54116 
 0.60506 0.45522 0.45828 -0.37442 -0.38693 -0.01302 -0.01533 0.54644 0.54172 
 0.60606 0.45475 0.45769 -0.37449 -0.38694 -0.01415 -0.01622 0.54703 0.54231 
 0.60706 0.45433 0.45706 -0.37461 -0.38696 -0.01517 -0.01709 0.54773 0.54294 
 0.60806 0.45386 0.45640 -0.37468 -0.38698 -0.01609 -0.01791 0.54852 0.54360 
 0.60906 0.45337 0.45571 -0.37467 -0.38699 -0.01689 -0.01870 0.54924 0.54429 
 0.61006 0.45279 0.45499 -0.37459 -0.38700 -0.01776 -0.01944 0.54994 0.54501 
 0.61106 0.45211 0.45424 -0.37450 -0.38702 -0.01865 -0.02015 0.55062 0.54576 
 0.61206 0.45134 0.45347 -0.37441 -0.38703 -0.01949 -0.02081 0.55124 0.54653 
 0.61306 0.45067 0.45268 -0.37432 -0.38704 -0.02026 -0.02143 0.55181 0.54732 
 0.61406 0.44987 0.45186 -0.37433 -0.38706 -0.02097 -0.02201 0.55240 0.54814 
 0.61506 0.44913 0.45102 -0.37436 -0.38707 -0.02159 -0.02254 0.55300 0.54898 
 0.61606 0.44840 0.45016 -0.37446 -0.38708 -0.02223 -0.02303 0.55366 0.54984 
 0.61706 0.44766 0.44928 -0.37462 -0.38710 -0.02287 -0.02347 0.55448 0.55071 
 0.61806 0.44683 0.44839 -0.37474 -0.38711 -0.02345 -0.02387 0.55534 0.55161 
 0.61906 0.44599 0.44749 -0.37485 -0.38713 -0.02396 -0.02422 0.55621 0.55251 
 0.62006 0.44500 0.44657 -0.37491 -0.38715 -0.02447 -0.02453 0.55710 0.55343 
 0.62106 0.44408 0.44564 -0.37489 -0.38717 -0.02489 -0.02479 0.55805 0.55436 
 0.62206 0.44323 0.44470 -0.37487 -0.38719 -0.02527 -0.02500 0.55902 0.55530 
 0.62306 0.44239 0.44376 -0.37488 -0.38721 -0.02558 -0.02517 0.56001 0.55624 
 0.62406 0.44142 0.44281 -0.37492 -0.38723 -0.02589 -0.02529 0.56097 0.55719 
 0.62506 0.44036 0.44185 -0.37493 -0.38726 -0.02607 -0.02536 0.56201 0.55815 
 0.62606 0.43921 0.44089 -0.37491 -0.38728 -0.02618 -0.02539 0.56299 0.55910 
 0.62706 0.43809 0.43994 -0.37483 -0.38731 -0.02620 -0.02538 0.56406 0.56006 
 0.62806 0.43699 0.43898 -0.37476 -0.38734 -0.02622 -0.02532 0.56516 0.56102 
 0.62906 0.43597 0.43803 -0.37474 -0.38738 -0.02619 -0.02521 0.56618 0.56197 
 0.63006 0.43495 0.43709 -0.37480 -0.38741 -0.02616 -0.02506 0.56724 0.56292 
 0.63106 0.43397 0.43614 -0.37489 -0.38745 -0.02606 -0.02487 0.56827 0.56386 
 0.63206 0.43300 0.43521 -0.37497 -0.38749 -0.02589 -0.02464 0.56930 0.56479 
 0.63306 0.43200 0.43429 -0.37510 -0.38753 -0.02569 -0.02436 0.57025 0.56571 
 0.63406 0.43104 0.43338 -0.37524 -0.38757 -0.02548 -0.02405 0.57118 0.56662 
 0.63506 0.43012 0.43248 -0.37530 -0.38762 -0.02527 -0.02369 0.57207 0.56752 
 0.63606 0.42924 0.43159 -0.37531 -0.38767 -0.02500 -0.02330 0.57296 0.56841 
 0.63706 0.42838 0.43072 -0.37529 -0.38772 -0.02467 -0.02287 0.57386 0.56928 
 0.63806 0.42753 0.42987 -0.37523 -0.38778 -0.02431 -0.02240 0.57485 0.57013 
 0.63906 0.42667 0.42903 -0.37513 -0.38783 -0.02391 -0.02190 0.57584 0.57096 
 0.64006 0.42578 0.42822 -0.37505 -0.38789 -0.02339 -0.02136 0.57678 0.57178 
 0.64106 0.42490 0.42743 -0.37499 -0.38796 -0.02285 -0.02079 0.57770 0.57257 
 0.64206 0.42403 0.42665 -0.37493 -0.38802 -0.02230 -0.02019 0.57853 0.57335 
 0.64306 0.42317 0.42590 -0.37493 -0.38809 -0.02176 -0.01956 0.57931 0.57410 
 0.64406 0.42230 0.42518 -0.37501 -0.38816 -0.02121 -0.01890 0.58009 0.57482 
 0.64506 0.42142 0.42448 -0.37507 -0.38823 -0.02063 -0.01821 0.58085 0.57552 
 0.64606 0.42053 0.42381 -0.37518 -0.38831 -0.02003 -0.01750 0.58161 0.57619 
 0.64706 0.41967 0.42316 -0.37521 -0.38839 -0.01942 -0.01676 0.58242 0.57684 
 0.64806 0.41882 0.42255 -0.37527 -0.38847 -0.01880 -0.01600 0.58319 0.57745 
 0.64906 0.41793 0.42196 -0.37536 -0.38856 -0.01816 -0.01522 0.58384 0.57804 
 0.65007 0.41712 0.42140 -0.37544 -0.38865 -0.01745 -0.01443 0.58448 0.57860 
 0.65107 0.41641 0.42087 -0.37551 -0.38874 -0.01668 -0.01361 0.58510 0.57913 
 0.65207 0.41575 0.42037 -0.37556 -0.38883 -0.01587 -0.01278 0.58572 0.57963 
 0.65307 0.41518 0.41991 -0.37558 -0.38892 -0.01509 -0.01193 0.58632 0.58009 
 0.65407 0.41463 0.41947 -0.37566 -0.38902 -0.01440 -0.01107 0.58687 0.58052 
 0.65507 0.41406 0.41907 -0.37572 -0.38912 -0.01366 -0.01020 0.58737 0.58093 
 0.65607 0.41352 0.41871 -0.37585 -0.38922 -0.01294 -0.00932 0.58782 0.58129 
 0.65707 0.41300 0.41837 -0.37602 -0.38933 -0.01219 -0.00844 0.58820 0.58163 
 0.65807 0.41257 0.41807 -0.37618 -0.38944 -0.01140 -0.00754 0.58864 0.58193 
 0.65907 0.41218 0.41780 -0.37630 -0.38955 -0.01058 -0.00665 0.58906 0.58220 
 0.66007 0.41188 0.41757 -0.37646 -0.38966 -0.00976 -0.00575 0.58945 0.58243 
 0.66107 0.41164 0.41737 -0.37658 -0.38977 -0.00893 -0.00485 0.58981 0.58263 
 0.66207 0.41139 0.41721 -0.37670 -0.38989 -0.00815 -0.00395 0.59012 0.58279 
 0.66307 0.41116 0.41707 -0.37677 -0.39001 -0.00734 -0.00305 0.59039 0.58293 
 0.66407 0.41092 0.41698 -0.37686 -0.39013 -0.00651 -0.00216 0.59062 0.58302 
 0.66507 0.41070 0.41691 -0.37694 -0.39025 -0.00563 -0.00127 0.59078 0.58309 
 0.66607 0.41049 0.41688 -0.37698 -0.39037 -0.00474 -0.00039 0.59094 0.58312 
 0.66707 0.41029 0.41688 -0.37701 -0.39049 -0.00387 0.00048 0.59102 0.58312 
 0.66807 0.41013 0.41692 -0.37706 -0.39062 -0.00297 0.00134 0.59109 0.58308 
 0.66907 0.41003 0.41698 -0.37715 -0.39075 -0.00206 0.00219 0.59114 0.58302 
 0.67007 0.40993 0.41708 -0.37726 -0.39087 -0.00115 0.00303 0.59115 0.58292 
 0.67107 0.40990 0.41721 -0.37737 -0.39100 -0.00027 0.00385 0.59118 0.58279 
 0.67207 0.40984 0.41737 -0.37753 -0.39113 0.00061 0.00466 0.59119 0.58263 
 0.67307 0.40979 0.41756 -0.37768 -0.39126 0.00150 0.00545 0.59113 0.58244 
 0.67407 0.40974 0.41778 -0.37779 -0.39139 0.00228 0.00622 0.59103 0.58222 
 0.67507 0.40976 0.41803 -0.37789 -0.39153 0.00306 0.00697 0.59096 0.58197 
 0.67607 0.40978 0.41831 -0.37802 -0.39166 0.00381 0.00770 0.59084 0.58169 
 0.67707 0.40990 0.41861 -0.37811 -0.39179 0.00461 0.00841 0.59070 0.58139 
 0.67807 0.41006 0.41894 -0.37820 -0.39192 0.00537 0.00909 0.59052 0.58106 
 0.67907 0.41020 0.41929 -0.37832 -0.39206 0.00608 0.00975 0.59024 0.58071 
 0.68007 0.41039 0.41967 -0.37849 -0.39219 0.00676 0.01039 0.58994 0.58033 
 0.68107 0.41063 0.42008 -0.37868 -0.39232 0.00743 0.01099 0.58959 0.57992 
 0.68207 0.41092 0.42050 -0.37886 -0.39245 0.00804 0.01158 0.58918 0.57950 
 0.68307 0.41131 0.42095 -0.37904 -0.39259 0.00867 0.01213 0.58877 0.57905 
 0.68407 0.41169 0.42142 -0.37924 -0.39272 0.00922 0.01266 0.58838 0.57858 
 0.68507 0.41213 0.42190 -0.37943 -0.39285 0.00977 0.01315 0.58804 0.57810 
 0.68607 0.41259 0.42241 -0.37955 -0.39298 0.01034 0.01362 0.58769 0.57759 
 0.68707 0.41302 0.42293 -0.37965 -0.39311 0.01087 0.01406 0.58732 0.57707 
 0.68807 0.41342 0.42347 -0.37968 -0.39324 0.01139 0.01446 0.58690 0.57653 
 0.68907 0.41380 0.42402 -0.37977 -0.39337 0.01187 0.01484 0.58644 0.57598 
 0.69007 0.41416 0.42458 -0.37992 -0.39349 0.01234 0.01518 0.58596 0.57542 
 0.69107 0.41457 0.42516 -0.38006 -0.39362 0.01281 0.01549 0.58551 0.57484 
 0.69207 0.41504 0.42575 -0.38022 -0.39375 0.01327 0.01577 0.58507 0.57425 
 0.69307 0.41557 0.42635 -0.38036 -0.39387 0.01365 0.01601 0.58466 0.57365 
 0.69407 0.41609 0.42696 -0.38050 -0.39399 0.01401 0.01623 0.58416 0.57304 
 0.69507 0.41659 0.42757 -0.38066 -0.39411 0.01428 0.01641 0.58361 0.57243 
 0.69607 0.41715 0.42819 -0.38081 -0.39423 0.01457 0.01656 0.58307 0.57181 
 0.69707 0.41769 0.42882 -0.38098 -0.39435 0.01478 0.01667 0.58256 0.57118 
 0.69807 0.41823 0.42945 -0.38120 -0.39446 0.01497 0.01675 0.58200 0.57055 
 0.69907 0.41875 0.43008 -0.38142 -0.39457 0.01510 0.01680 0.58144 0.56992 
 0.70007 0.41933 0.43071 -0.38162 -0.39468 0.01525 0.01682 0.58085 0.56929 
 0.70107 0.41997 0.43135 -0.38183 -0.39479 0.01535 0.01681 0.58030 0.56865 
 0.70207 0.42060 0.43198 -0.38206 -0.39490 0.01540 0.01676 0.57970 0.56802 
 0.70307 0.42113 0.43261 -0.38230 -0.39500 0.01543 0.01668 0.57905 0.56739 
 0.70407 0.42167 0.43324 -0.38246 -0.39511 0.01551 0.01657 0.57837 0.56676 
 0.70507 0.42219 0.43386 -0.38265 -0.39521 0.01556 0.01644 0.57769 0.56614 
 0.70607 0.42271 0.43447 -0.38287 -0.39530 0.01559 0.01627 0.57696 0.56553 
 0.70707 0.42323 0.43508 -0.38301 -0.39540 0.01557 0.01607 0.57625 0.56492 
 0.70807 0.42381 0.43568 -0.38315 -0.39549 0.01550 0.01584 0.57558 0.56432 
 0.70907 0.42442 0.43628 -0.38330 -0.39558 0.01542 0.01559 0.57498 0.56372 
 0.71007 0.42502 0.43686 -0.38343 -0.39567 0.01532 0.01531 0.57435 0.56314 
 0.71107 0.42561 0.43743 -0.38360 -0.39576 0.01518 0.01500 0.57373 0.56257 
 0.71207 0.42620 0.43799 -0.38380 -0.39584 0.01499 0.01467 0.57318 0.56201 
 0.71307 0.42680 0.43853 -0.38401 -0.39592 0.01475 0.01431 0.57269 0.56147 
 0.71407 0.42735 0.43907 -0.38417 -0.39600 0.01449 0.01393 0.57217 0.56093 
 0.71507 0.42791 0.43958 -0.38428 -0.39607 0.01419 0.01352 0.57166 0.56042 
 0.71607 0.42851 0.44009 -0.38440 -0.39615 0.01389 0.01310 0.57113 0.55992 
 0.71707 0.42907 0.44057 -0.38450 -0.39621 0.01356 0.01265 0.57064 0.55943 
 0.71807 0.42963 0.44104 -0.38461 -0.39628 0.01320 0.01218 0.57018 0.55896 
 0.71907 0.43017 0.44149 -0.38471 -0.39635 0.01279 0.01170 0.56974 0.55851 
 0.72007 0.43068 0.44192 -0.38483 -0.39641 0.01238 0.01119 0.56930 0.55808 
 0.72107 0.43114 0.44233 -0.38496 -0.39647 0.01194 0.01067 0.56888 0.55767 
 0.72207 0.43159 0.44272 -0.38506 -0.39653 0.01151 0.01014 0.56846 0.55728 
 0.72307 0.43202 0.44310 -0.38519 -0.39658 0.01104 0.00959 0.56805 0.55690 
 0.72407 0.43245 0.44344 -0.38528 -0.39663 0.01055 0.00902 0.56765 0.55656 
 0.72507 0.43286 0.44377 -0.38544 -0.39668 0.01007 0.00845 0.56721 0.55623 
 0.72607 0.43324 0.44408 -0.38561 -0.39673 0.00956 0.00786 0.56677 0.55592 
 0.72707 0.43363 0.44437 -0.38576 -0.39677 0.00902 0.00726 0.56643 0.55563 
 0.72807 0.43402 0.44463 -0.38593 -0.39682 0.00845 0.00666 0.56609 0.55537 
 0.72907 0.43439 0.44487 -0.38612 -0.39686 0.00786 0.00604 0.56577 0.55513 
 0.73007 0.43471 0.44508 -0.38632 -0.39689 0.00724 0.00542 0.56546 0.55492 
 0.73107 0.43497 0.44528 -0.38653 -0.39693 0.00666 0.00480 0.56509 0.55472 
 0.73207 0.43526 0.44544 -0.38674 -0.39696 0.00609 0.00417 0.56476 0.55456 
 0.73307 0.43551 0.44559 -0.38691 -0.39699 0.00553 0.00354 0.56449 0.55441 
 0.73407 0.43567 0.44571 -0.38707 -0.39702 0.00493 0.00291 0.56427 0.55429 
 0.73507 0.43582 0.44581 -0.38718 -0.39705 0.00435 0.00227 0.56412 0.55419 
 0.73607 0.43594 0.44588 -0.38726 -0.39708 0.00375 0.00164 0.56397 0.55412 
 0.73707 0.43604 0.44593 -0.38736 -0.39710 0.00315 0.00101 0.56382 0.55407 
 0.73807 0.43607 0.44596 -0.38743 -0.39712 0.00256 0.00038 0.56373 0.55404 
 0.73907 0.43611 0.44596 -0.38750 -0.39714 0.00196 -0.00024 0.56363 0.55404 
 0.74007 0.43612 0.44594 -0.38757 -0.39716 0.00134 -0.00086 0.56350 0.55406 
 0.74107 0.43612 0.44590 -0.38765 -0.39718 0.00073 -0.00147 0.56343 0.55410 
 0.74207 0.43611 0.44583 -0.38773 -0.39719 0.00012 -0.00207 0.56343 0.55417 
 0.74307 0.43609 0.44574 -0.38782 -0.39721 -0.00048 -0.00266 0.56345 0.55426 
 0.74407 0.43612 0.44563 -0.38787 -0.39722 -0.00103 -0.00325 0.56349 0.55437 
 0.74507 0.43611 0.44550 -0.38791 -0.39723 -0.00159 -0.00382 0.56354 0.55450 
 0.74607 0.43605 0.44534 -0.38790 -0.39724 -0.00215 -0.00439 0.56360 0.55466 
 0.74707 0.43593 0.44517 -0.38791 -0.39725 -0.00274 -0.00494 0.56369 0.55483 
 0.74807 0.43583 0.44497 -0.38789 -0.39726 -0.00332 -0.00547 0.56377 0.55503 
 0.74907 0.43566 0.44475 -0.38787 -0.39726 -0.00392 -0.00600 0.56387 0.55525 
 0.75008 0.43547 0.44452 -0.38786 -0.39727 -0.00448 -0.00651 0.56405 0.55548 
 0.75108 0.43522 0.44426 -0.38789 -0.39727 -0.00504 -0.00700 0.56426 0.55574 
 0.75208 0.43500 0.44399 -0.38794 -0.39728 -0.00556 -0.00747 0.56443 0.55601 
 0.75308 0.43477 0.44370 -0.38795 -0.39728 -0.00602 -0.00793 0.56461 0.55630 
 0.75408 0.43453 0.44339 -0.38795 -0.39729 -0.00647 -0.00837 0.56482 0.55661 
 0.75508 0.43424 0.44307 -0.38799 -0.39729 -0.00699 -0.00880 0.56509 0.55693 
 0.75608 0.43397 0.44273 -0.38803 -0.39729 -0.00750 -0.00920 0.56535 0.55727 
 0.75708 0.43366 0.44238 -0.38808 -0.39730 -0.00801 -0.00958 0.56562 0.55762 
 0.75808 0.43330 0.44201 -0.38810 -0.39730 -0.00848 -0.00994 0.56593 0.55799 
 0.75908 0.43289 0.44163 -0.38809 -0.39730 -0.00892 -0.01029 0.56627 0.55837 
 0.76008 0.43253 0.44123 -0.38807 -0.39730 -0.00933 -0.01061 0.56660 0.55876 
 0.76108 0.43219 0.44083 -0.38803 -0.39731 -0.00973 -0.01091 0.56699 0.55917 
 0.76208 0.43187 0.44041 -0.38800 -0.39731 -0.01011 -0.01118 0.56737 0.55959 
 0.76308 0.43156 0.43999 -0.38799 -0.39731 -0.01046 -0.01144 0.56776 0.56001 
 0.76408 0.43122 0.43955 -0.38802 -0.39731 -0.01082 -0.01167 0.56815 0.56045 
 0.76508 0.43087 0.43911 -0.38805 -0.39732 -0.01116 -0.01188 0.56855 0.56089 
 0.76608 0.43056 0.43866 -0.38806 -0.39732 -0.01143 -0.01207 0.56897 0.56134 
 0.76708 0.43016 0.43820 -0.38809 -0.39733 -0.01171 -0.01223 0.56946 0.56180 
 0.76808 0.42977 0.43774 -0.38814 -0.39733 -0.01199 -0.01237 0.56994 0.56226 
 0.76908 0.42931 0.43727 -0.38814 -0.39734 -0.01222 -0.01249 0.57041 0.56273 
 0.77008 0.42885 0.43679 -0.38810 -0.39734 -0.01241 -0.01258 0.57091 0.56320 
 0.77108 0.42836 0.43632 -0.38804 -0.39735 -0.01259 -0.01265 0.57145 0.56368 
 0.77208 0.42785 0.43584 -0.38798 -0.39736 -0.01274 -0.01270 0.57201 0.56416 
 0.77308 0.42730 0.43536 -0.38793 -0.39737 -0.01293 -0.01273 0.57256 0.56464 
 0.77408 0.42676 0.43488 -0.38790 -0.39738 -0.01307 -0.01273 0.57309 0.56512 
 0.77508 0.42620 0.43440 -0.38785 -0.39739 -0.01318 -0.01271 0.57368 0.56560 
 0.77608 0.42561 0.43393 -0.38779 -0.39740 -0.01326 -0.01267 0.57432 0.56607 
 0.77708 0.42500 0.43345 -0.38774 -0.39741 -0.01333 -0.01260 0.57495 0.56655 
 0.77808 0.42441 0.43298 -0.38773 -0.39743 -0.01337 -0.01252 0.57553 0.56702 
 0.77908 0.42383 0.43251 -0.38775 -0.39744 -0.01341 -0.01241 0.57611 0.56749 
 0.78008 0.42329 0.43204 -0.38780 -0.39746 -0.01344 -0.01228 0.57663 0.56796 
 0.78108 0.42277 0.43158 -0.38785 -0.39748 -0.01348 -0.01213 0.57714 0.56842 
 0.78208 0.42227 0.43113 -0.38788 -0.39750 -0.01346 -0.01196 0.57763 0.56887 
 0.78308 0.42178 0.43068 -0.38792 -0.39752 -0.01339 -0.01177 0.57812 0.56932 
 0.78408 0.42131 0.43024 -0.38794 -0.39754 -0.01332 -0.01157 0.57860 0.56976 
 0.78508 0.42085 0.42981 -0.38793 -0.39756 -0.01324 -0.01134 0.57910 0.57019 
 0.78608 0.42036 0.42939 -0.38792 -0.39759 -0.01312 -0.01110 0.57960 0.57061 
 0.78708 0.41986 0.42897 -0.38789 -0.39761 -0.01298 -0.01084 0.58011 0.57103 
 0.78808 0.41937 0.42857 -0.38787 -0.39764 -0.01281 -0.01056 0.58057 0.57143 
 0.78908 0.41893 0.42818 -0.38783 -0.39767 -0.01260 -0.01026 0.58104 0.57182 
 0.79008 0.41849 0.42780 -0.38781 -0.39770 -0.01238 -0.00995 0.58152 0.57220 
 0.79108 0.41803 0.42743 -0.38781 -0.39773 -0.01217 -0.00963 0.58199 0.57257 
 0.79208 0.41759 0.42707 -0.38780 -0.39776 -0.01191 -0.00929 0.58245 0.57293 
 0.79308 0.41713 0.42673 -0.38777 -0.39780 -0.01161 -0.00894 0.58291 0.57327 
 0.79408 0.41667 0.42640 -0.38774 -0.39783 -0.01131 -0.00858 0.58339 0.57360 
 0.79508 0.41621 0.42608 -0.38771 -0.39787 -0.01102 -0.00820 0.58386 0.57392 
 0.79608 0.41576 0.42578 -0.38768 -0.39791 -0.01071 -0.00782 0.58426 0.57422 
 0.79708 0.41530 0.42549 -0.38765 -0.39795 -0.01038 -0.00742 0.58467 0.57451 
 0.79808 0.41487 0.42522 -0.38764 -0.39799 -0.01005 -0.00701 0.58508 0.57478 
 0.79908 0.41442 0.42496 -0.38766 -0.39803 -0.00970 -0.00660 0.58547 0.57503 
 0.80008 0.41403 0.42472 -0.38767 -0.39808 -0.00933 -0.00618 0.58582 0.57528 
 0.80108 0.41366 0.42450 -0.38769 -0.39812 -0.00896 -0.00575 0.58616 0.57550 
 0.80208 0.41333 0.42429 -0.38774 -0.39817 -0.00858 -0.00532 0.58648 0.57571 
 0.80308 0.41300 0.42410 -0.38778 -0.39821 -0.00818 -0.00488 0.58678 0.57590 
 0.80408 0.41265 0.42392 -0.38779 -0.39826 -0.00780 -0.00444 0.58708 0.57608 
 0.80508 0.41230 0.42377 -0.38780 -0.39831 -0.00742 -0.00399 0.58733 0.57624 
 0.80608 0.41198 0.42362 -0.38781 -0.39836 -0.00703 -0.00354 0.58756 0.57638 
 0.80708 0.41169 0.42350 -0.38785 -0.39842 -0.00664 -0.00309 0.58783 0.57650 
 0.80808 0.41141 0.42339 -0.38790 -0.39847 -0.00625 -0.00264 0.58806 0.57661 
 0.80908 0.41118 0.42330 -0.38798 -0.39852 -0.00585 -0.00219 0.58826 0.57670 
 0.81008 0.41096 0.42323 -0.38806 -0.39858 -0.00545 -0.00174 0.58842 0.57678 
 0.81108 0.41076 0.42317 -0.38814 -0.39864 -0.00505 -0.00129 0.58854 0.57683 
 0.81208 0.41059 0.42313 -0.38818 -0.39869 -0.00464 -0.00084 0.58865 0.57687 
 0.81308 0.41046 0.42310 -0.38820 -0.39875 -0.00419 -0.00040 0.58877 0.57690 
 0.81408 0.41038 0.42310 -0.38821 -0.39881 -0.00374 0.00004 0.58888 0.57690 
 0.81508 0.41032 0.42311 -0.38824 -0.39887 -0.00328 0.00047 0.58900 0.57689 
 0.81608 0.41026 0.42313 -0.38829 -0.39893 -0.00284 0.00090 0.58913 0.57687 
 0.81708 0.41019 0.42318 -0.38835 -0.39899 -0.00240 0.00132 0.58924 0.57683 
 0.81808 0.41012 0.42323 -0.38841 -0.39905 -0.00195 0.00174 0.58933 0.57677 
 0.81908 0.41003 0.42331 -0.38851 -0.39911 -0.00152 0.00215 0.58938 0.57669 
 0.82008 0.40993 0.42339 -0.38861 -0.39917 -0.00109 0.00255 0.58939 0.57661 
 0.82108 0.40985 0.42350 -0.38873 -0.39924 -0.00066 0.00294 0.58939 0.57650 
 0.82208 0.40981 0.42362 -0.38883 -0.39930 -0.00021 0.00332 0.58939 0.57638 
 0.82308 0.40980 0.42375 -0.38893 -0.39936 0.00025 0.00369 0.58940 0.57625 
 0.82408 0.40981 0.42389 -0.38902 -0.39943 0.00071 0.00405 0.58940 0.57611 
 0.82508 0.40983 0.42405 -0.38910 -0.39949 0.00117 0.00440 0.58939 0.57595 
 0.82608 0.40990 0.42422 -0.38918 -0.39955 0.00162 0.00473 0.58936 0.57578 
 0.82708 0.40998 0.42441 -0.38925 -0.39962 0.00204 0.00506 0.58931 0.57559 
 0.82808 0.41004 0.42461 -0.38932 -0.39968 0.00245 0.00537 0.58924 0.57539 
 0.82908 0.41011 0.42481 -0.38940 -0.39974 0.00284 0.00567 0.58915 0.57519 
 0.83008 0.41022 0.42503 -0.38947 -0.39981 0.00322 0.00595 0.58902 0.57497 
 0.83108 0.41033 0.42526 -0.38953 -0.39987 0.00355 0.00622 0.58889 0.57474 
 0.83208 0.41047 0.42550 -0.38962 -0.39993 0.00387 0.00648 0.58874 0.57450 
 0.83308 0.41060 0.42575 -0.38972 -0.40000 0.00417 0.00672 0.58857 0.57425 
 0.83408 0.41076 0.42601 -0.38981 -0.40006 0.00448 0.00694 0.58838 0.57399 
 0.83508 0.41092 0.42627 -0.38987 -0.40012 0.00478 0.00715 0.58819 0.57373 
 0.83608 0.41111 0.42655 -0.38994 -0.40018 0.00504 0.00735 0.58798 0.57345 
 0.83708 0.41132 0.42683 -0.39002 -0.40024 0.00527 0.00753 0.58779 0.57317 
 0.83808 0.41155 0.42711 -0.39012 -0.40031 0.00549 0.00769 0.58758 0.57289 
 0.83908 0.41181 0.42740 -0.39018 -0.40036 0.00570 0.00784 0.58739 0.57259 
 0.84008 0.41206 0.42770 -0.39027 -0.40042 0.00590 0.00797 0.58715 0.57230 
 0.84108 0.41228 0.42801 -0.39036 -0.40048 0.00610 0.00808 0.58693 0.57199 
 0.84208 0.41249 0.42831 -0.39049 -0.40054 0.00627 0.00818 0.58668 0.57169 
 0.84308 0.41270 0.42862 -0.39061 -0.40060 0.00643 0.00826 0.58645 0.57138 
 0.84408 0.41294 0.42893 -0.39072 -0.40065 0.00657 0.00833 0.58620 0.57107 
 0.84508 0.41320 0.42925 -0.39081 -0.40071 0.00672 0.00838 0.58596 0.57075 
 0.84608 0.41351 0.42956 -0.39094 -0.40076 0.00684 0.00841 0.58570 0.57044 
 0.84708 0.41381 0.42988 -0.39106 -0.40082 0.00694 0.00843 0.58546 0.57012 
 0.84808 0.41414 0.43020 -0.39120 -0.40087 0.00704 0.00843 0.58521 0.56980 
 0.84908 0.41447 0.43052 -0.39134 -0.40092 0.00711 0.00841 0.58499 0.56948 
 0.85009 0.41478 0.43083 -0.39151 -0.40097 0.00718 0.00838 0.58475 0.56917 
 0.85109 0.41506 0.43115 -0.39167 -0.40102 0.00721 0.00833 0.58453 0.56885 
 0.85209 0.41533 0.43146 -0.39182 -0.40107 0.00723 0.00827 0.58426 0.56854 
 0.85309 0.41558 0.43177 -0.39198 -0.40111 0.00720 0.00819 0.58403 0.56823 
 0.85409 0.41581 0.43208 -0.39215 -0.40116 0.00718 0.00810 0.58376 0.56792 
 0.85509 0.41605 0.43238 -0.39231 -0.40120 0.00717 0.00799 0.58347 0.56762 
 0.85609 0.41632 0.43268 -0.39246 -0.40125 0.00715 0.00787 0.58317 0.56732 
 0.85709 0.41659 0.43297 -0.39260 -0.40129 0.00710 0.00774 0.58284 0.56703 
 0.85809 0.41685 0.43326 -0.39274 -0.40133 0.00704 0.00759 0.58250 0.56674 
 0.85909 0.41710 0.43355 -0.39285 -0.40137 0.00697 0.00743 0.58219 0.56645 
 0.86009 0.41737 0.43382 -0.39295 -0.40141 0.00688 0.00726 0.58188 0.56618 
 0.86109 0.41763 0.43409 -0.39304 -0.40145 0.00677 0.00707 0.58162 0.56591 
 0.86209 0.41789 0.43435 -0.39313 -0.40148 0.00664 0.00687 0.58134 0.56564 
 0.86309 0.41816 0.43461 -0.39323 -0.40152 0.00648 0.00666 0.58108 0.56539 
 0.86409 0.41843 0.43486 -0.39336 -0.40155 0.00632 0.00644 0.58081 0.56514 
 0.86509 0.41869 0.43510 -0.39348 -0.40158 0.00611 0.00621 0.58057 0.56490 
 0.86609 0.41894 0.43533 -0.39358 -0.40161 0.00593 0.00597 0.58031 0.56468 
 0.86709 0.41917 0.43555 -0.39363 -0.40164 0.00575 0.00573 0.58005 0.56445 
 0.86809 0.41941 0.43576 -0.39369 -0.40167 0.00556 0.00547 0.57981 0.56424 
 0.86909 0.41965 0.43596 -0.39377 -0.40170 0.00533 0.00520 0.57962 0.56404 
 0.87009 0.41988 0.43615 -0.39385 -0.40172 0.00508 0.00493 0.57944 0.56385 
 0.87109 0.42012 0.43633 -0.39391 -0.40175 0.00484 0.00465 0.57926 0.56367 
 0.87209 0.42034 0.43650 -0.39398 -0.40177 0.00458 0.00437 0.57907 0.56350 
 0.87309 0.42054 0.43666 -0.39408 -0.40179 0.00428 0.00407 0.57889 0.56334 
 0.87409 0.42073 0.43681 -0.39417 -0.40181 0.00400 0.00378 0.57871 0.56319 
 0.87509 0.42090 0.43694 -0.39425 -0.40183 0.00372 0.00348 0.57855 0.56306 
 0.87609 0.42106 0.43707 -0.39433 -0.40185 0.00344 0.00317 0.57840 0.56293 
 0.87709 0.42119 0.43718 -0.39443 -0.40187 0.00314 0.00286 0.57826 0.56282 
 0.87809 0.42127 0.43728 -0.39451 -0.40188 0.00285 0.00255 0.57813 0.56272 
 0.87909 0.42133 0.43737 -0.39457 -0.40190 0.00256 0.00223 0.57801 0.56263 
 0.88009 0.42141 0.43745 -0.39463 -0.40191 0.00227 0.00192 0.57790 0.56255 
 0.88109 0.42148 0.43752 -0.39469 -0.40192 0.00196 0.00160 0.57780 0.56248 
 0.88209 0.42153 0.43757 -0.39476 -0.40194 0.00164 0.00128 0.57769 0.56243 
 0.88309 0.42156 0.43761 -0.39484 -0.40195 0.00131 0.00097 0.57761 0.56239 
 0.88409 0.42158 0.43765 -0.39491 -0.40196 0.00097 0.00065 0.57756 0.56236 
 0.88509 0.42157 0.43766 -0.39498 -0.40197 0.00062 0.00034 0.57753 0.56234 
 0.88609 0.42157 0.43767 -0.39503 -0.40198 0.00029 0.00002 0.57752 0.56233 
 0.88709 0.42156 0.43767 -0.39507 -0.40198 -0.00003 -0.00029 0.57751 0.56234 
 0.88809 0.42154 0.43765 -0.39511 -0.40199 -0.00037 -0.00059 0.57750 0.56235 
 0.88909 0.42151 0.43762 -0.39513 -0.40199 -0.00071 -0.00090 0.57754 0.56238 
 0.89009 0.42147 0.43758 -0.39514 -0.40200 -0.00105 -0.00120 0.57757 0.56242 
 0.89109 0.42140 0.43753 -0.39516 -0.40200 -0.00139 -0.00149 0.57761 0.56247 
 0.89209 0.42133 0.43747 -0.39516 -0.40201 -0.00172 -0.00178 0.57768 0.56253 
 0.89309 0.42122 0.43740 -0.39517 -0.40201 -0.00206 -0.00207 0.57777 0.56260 
 0.89409 0.42111 0.43731 -0.39520 -0.40201 -0.00241 -0.00235 0.57786 0.56269 
 0.89509 0.42100 0.43722 -0.39520 -0.40202 -0.00275 -0.00262 0.57798 0.56278 
 0.89609 0.42088 0.43711 -0.39520 -0.40202 -0.00307 -0.00289 0.57809 0.56288 
 0.89709 0.42074 0.43700 -0.39520 -0.40202 -0.00340 -0.00314 0.57823 0.56300 
 0.89809 0.42058 0.43688 -0.39518 -0.40202 -0.00374 -0.00340 0.57837 0.56312 
 0.89909 0.42041 0.43675 -0.39518 -0.40202 -0.00406 -0.00364 0.57852 0.56325 
 0.90009 0.42024 0.43660 -0.39518 -0.40202 -0.00438 -0.00387 0.57868 0.56340 
 0.90109 0.42006 0.43645 -0.39517 -0.40202 -0.00466 -0.00410 0.57885 0.56355 
 0.90209 0.41987 0.43630 -0.39514 -0.40202 -0.00492 -0.00431 0.57902 0.56370 
 0.90309 0.41964 0.43613 -0.39511 -0.40202 -0.00516 -0.00452 0.57922 0.56387 
 0.90409 0.41940 0.43596 -0.39509 -0.40202 -0.00541 -0.00472 0.57941 0.56404 
 0.90509 0.41915 0.43577 -0.39510 -0.40202 -0.00565 -0.00490 0.57962 0.56423 
 0.90609 0.41891 0.43559 -0.39510 -0.40202 -0.00589 -0.00508 0.57984 0.56441 
 0.90709 0.41865 0.43539 -0.39510 -0.40202 -0.00614 -0.00524 0.58008 0.56461 
 0.90809 0.41840 0.43519 -0.39509 -0.40202 -0.00636 -0.00540 0.58031 0.56481 
 0.90909 0.41814 0.43499 -0.39508 -0.40202 -0.00657 -0.00554 0.58056 0.56502 
 0.91009 0.41789 0.43477 -0.39507 -0.40202 -0.00676 -0.00568 0.58083 0.56523 
 0.91109 0.41763 0.43456 -0.39505 -0.40201 -0.00693 -0.00580 0.58113 0.56544 
 0.91209 0.41736 0.43434 -0.39501 -0.40201 -0.00708 -0.00591 0.58143 0.56566 
 0.91309 0.41710 0.43411 -0.39497 -0.40201 -0.00723 -0.00601 0.58177 0.56589 
 0.91409 0.41683 0.43389 -0.39492 -0.40201 -0.00736 -0.00609 0.58210 0.56612 
 0.91509 0.41656 0.43365 -0.39489 -0.40202 -0.00747 -0.00617 0.58244 0.56635 
 0.91609 0.41629 0.43342 -0.39486 -0.40202 -0.00758 -0.00623 0.58275 0.56658 
 0.91709 0.41599 0.43318 -0.39482 -0.40202 -0.00767 -0.00629 0.58306 0.56682 
 0.91809 0.41568 0.43295 -0.39477 -0.40202 -0.00774 -0.00633 0.58335 0.56705 
 0.91909 0.41538 0.43271 -0.39473 -0.40202 -0.00780 -0.00636 0.58366 0.56729 
 0.92009 0.41506 0.43247 -0.39467 -0.40202 -0.00786 -0.00638 0.58398 0.56753 
 0.92109 0.41475 0.43223 -0.39462 -0.40203 -0.00789 -0.00638 0.58433 0.56777 
 0.92209 0.41442 0.43199 -0.39456 -0.40203 -0.00792 -0.00638 0.58469 0.56801 
 0.92309 0.41410 0.43175 -0.39451 -0.40203 -0.00792 -0.00636 0.58507 0.56825 
 0.92409 0.41377 0.43151 -0.39446 -0.40204 -0.00793 -0.00633 0.58542 0.56849 
 0.92509 0.41343 0.43127 -0.39440 -0.40204 -0.00790 -0.00630 0.58576 0.56873 
 0.92609 0.41308 0.43103 -0.39435 -0.40205 -0.00787 -0.00625 0.58609 0.56897 
 0.92709 0.41275 0.43080 -0.39429 -0.40205 -0.00781 -0.00619 0.58642 0.56920 
 0.92809 0.41243 0.43057 -0.39426 -0.40206 -0.00776 -0.00612 0.58673 0.56943 
 0.92909 0.41210 0.43034 -0.39422 -0.40207 -0.00770 -0.00604 0.58702 0.56966 
 0.93009 0.41177 0.43011 -0.39419 -0.40208 -0.00765 -0.00595 0.58731 0.56989 
 0.93109 0.41144 0.42989 -0.39417 -0.40209 -0.00759 -0.00585 0.58759 0.57011 
 0.93209 0.41113 0.42967 -0.39415 -0.40210 -0.00751 -0.00574 0.58787 0.57033 
 0.93309 0.41083 0.42946 -0.39413 -0.40211 -0.00743 -0.00562 0.58815 0.57054 
 0.93409 0.41053 0.42925 -0.39413 -0.40212 -0.00735 -0.00549 0.58843 0.57075 
 0.93509 0.41025 0.42905 -0.39412 -0.40213 -0.00725 -0.00536 0.58868 0.57095 
 0.93609 0.40997 0.42885 -0.39412 -0.40214 -0.00716 -0.00521 0.58893 0.57115 
 0.93709 0.40971 0.42865 -0.39409 -0.40215 -0.00705 -0.00506 0.58917 0.57135 
 0.93809 0.40945 0.42846 -0.39407 -0.40217 -0.00692 -0.00490 0.58940 0.57154 
 0.93909 0.40921 0.42828 -0.39404 -0.40218 -0.00677 -0.00474 0.58965 0.57172 
 0.94009 0.40899 0.42811 -0.39401 -0.40220 -0.00661 -0.00456 0.58987 0.57189 
 0.94109 0.40876 0.42794 -0.39398 -0.40221 -0.00643 -0.00438 0.59011 0.57206 
 0.94209 0.40854 0.42778 -0.39396 -0.40223 -0.00624 -0.00420 0.59033 0.57222 
 0.94309 0.40833 0.42762 -0.39395 -0.40225 -0.00603 -0.00401 0.59055 0.57238 
 0.94409 0.40812 0.42748 -0.39396 -0.40226 -0.00582 -0.00381 0.59075 0.57252 
 0.94509 0.40791 0.42734 -0.39396 -0.40228 -0.00560 -0.00361 0.59094 0.57266 
 0.94609 0.40771 0.42720 -0.39394 -0.40230 -0.00537 -0.00340 0.59111 0.57280 
 0.94709 0.40751 0.42708 -0.39392 -0.40232 -0.00514 -0.00319 0.59129 0.57292 
 0.94809 0.40732 0.42696 -0.39390 -0.40234 -0.00491 -0.00298 0.59149 0.57304 
 0.94909 0.40714 0.42685 -0.39389 -0.40237 -0.00468 -0.00277 0.59168 0.57315 
 0.95010 0.40697 0.42675 -0.39388 -0.40239 -0.00445 -0.00255 0.59186 0.57325 
 0.95110 0.40679 0.42666 -0.39389 -0.40241 -0.00423 -0.00233 0.59204 0.57334 
 0.95210 0.40663 0.42658 -0.39390 -0.40243 -0.00400 -0.00210 0.59219 0.57342 
 0.95310 0.40647 0.42651 -0.39390 -0.40246 -0.00376 -0.00188 0.59233 0.57349 
 0.95410 0.40632 0.42644 -0.39391 -0.40248 -0.00352 -0.00165 0.59245 0.57356 
 0.95510 0.40617 0.42638 -0.39392 -0.40251 -0.00329 -0.00143 0.59257 0.57362 
 0.95610 0.40604 0.42633 -0.39394 -0.40253 -0.00305 -0.00120 0.59269 0.57367 
 0.95710 0.40592 0.42629 -0.39395 -0.40256 -0.00279 -0.00098 0.59280 0.57371 
 0.95810 0.40582 0.42626 -0.39398 -0.40259 -0.00254 -0.00075 0.59288 0.57374 
 0.95910 0.40572 0.42623 -0.39400 -0.40261 -0.00229 -0.00053 0.59296 0.57377 
 0.96010 0.40562 0.42622 -0.39402 -0.40264 -0.00207 -0.00030 0.59302 0.57378 
 0.96110 0.40554 0.42621 -0.39405 -0.40267 -0.00183 -0.00008 0.59307 0.57379 
 0.96210 0.40547 0.42621 -0.39409 -0.40270 -0.00160 0.00014 0.59310 0.57379 
 0.96310 0.40543 0.42622 -0.39413 -0.40272 -0.00137 0.00035 0.59312 0.57378 
 0.96410 0.40539 0.42624 -0.39418 -0.40275 -0.00113 0.00057 0.59313 0.57376 
 0.96510 0.40536 0.42626 -0.39423 -0.40278 -0.00090 0.00078 0.59314 0.57374 
 0.96610 0.40534 0.42630 -0.39429 -0.40281 -0.00069 0.00098 0.59314 0.57370 
 0.96710 0.40533 0.42634 -0.39433 -0.40284 -0.00047 0.00118 0.59313 0.57366 
 0.96810 0.40532 0.42639 -0.39438 -0.40287 -0.00024 0.00138 0.59311 0.57361 
 0.96910 0.40532 0.42644 -0.39442 -0.40290 -0.00002 0.00158 0.59308 0.57356 
 0.97010 0.40532 0.42650 -0.39447 -0.40293 0.00021 0.00176 0.59306 0.57350 
 0.97110 0.40533 0.42657 -0.39451 -0.40296 0.00042 0.00195 0.59302 0.57343 
 0.97210 0.40535 0.42665 -0.39457 -0.40299 0.00063 0.00212 0.59298 0.57335 
 0.97310 0.40536 0.42673 -0.39462 -0.40302 0.00083 0.00230 0.59292 0.57327 
 0.97410 0.40537 0.42682 -0.39466 -0.40305 0.00103 0.00246 0.59284 0.57318 
 0.97510 0.40540 0.42692 -0.39470 -0.40308 0.00122 0.00262 0.59277 0.57308 
 0.97610 0.40544 0.42702 -0.39475 -0.40311 0.00141 0.00277 0.59269 0.57298 
 0.97710 0.40548 0.42713 -0.39481 -0.40314 0.00158 0.00292 0.59262 0.57287 
 0.97810 0.40555 0.42724 -0.39487 -0.40317 0.00173 0.00306 0.59257 0.57276 
 0.97910 0.40563 0.42736 -0.39494 -0.40320 0.00188 0.00319 0.59251 0.57264 
 0.98010 0.40572 0.42748 -0.39501 -0.40324 0.00201 0.00331 0.59245 0.57252 
 0.98110 0.40580 0.42761 -0.39507 -0.40326 0.00214 0.00343 0.59238 0.57239 
 0.98210 0.40590 0.42774 -0.39513 -0.40330 0.00226 0.00354 0.59230 0.57226 
 0.98310 0.40600 0.42788 -0.39519 -0.40332 0.00239 0.00364 0.59223 0.57212 
 0.98410 0.40611 0.42801 -0.39523 -0.40335 0.00253 0.00373 0.59214 0.57199 
 0.98510 0.40621 0.42816 -0.39527 -0.40338 0.00264 0.00382 0.59206 0.57184 
 0.98610 0.40634 0.42830 -0.39531 -0.40341 0.00276 0.00390 0.59197 0.57170 
 0.98710 0.40647 0.42845 -0.39535 -0.40344 0.00286 0.00397 0.59188 0.57155 
 0.98810 0.40661 0.42860 -0.39540 -0.40347 0.00294 0.00403 0.59178 0.57140 
 0.98910 0.40674 0.42875 -0.39545 -0.40350 0.00301 0.00408 0.59167 0.57125 
 0.99010 0.40688 0.42891 -0.39549 -0.40352 0.00306 0.00412 0.59155 0.57109 
 0.99110 0.40701 0.42906 -0.39555 -0.40355 0.00310 0.00416 0.59143 0.57094 
 0.99210 0.40715 0.42922 -0.39562 -0.40358 0.00314 0.00419 0.59132 0.57078 
 0.99310 0.40729 0.42938 -0.39567 -0.40360 0.00315 0.00421 0.59121 0.57062 
 0.99410 0.40742 0.42954 -0.39572 -0.40363 0.00318 0.00422 0.59110 0.57046 
 0.99510 0.40755 0.42970 -0.39576 -0.40365 0.00318 0.00422 0.59101 0.57030 
 0.99610 0.40768 0.42986 -0.39581 -0.40368 0.00318 0.00422 0.59090 0.57014 
 0.99710 0.40781 0.43001 -0.39586 -0.40370 0.00315 0.00421 0.59078 0.56998 
 0.99810 0.40795 0.43017 -0.39592 -0.40373 0.00313 0.00419 0.59067 0.56983 
 0.99910 0.40808 0.43033 -0.39597 -0.40375 0.00310 0.00416 0.59056 0.56967 
