 0.00000 1.00000 1.00000 0.00000 0.00000 0.00000 0.00000 0.00000 0.00000 
 0.00100 0.99965 0.99965 0.00049 0.00049 -0.01881 -0.01881 0.00035 0.00035 
 0.00200 0.99858 0.99858 0.00194 0.00194 -0.03749 -0.03749 0.00142 0.00142 
 0.00300 0.99682 0.99682 0.00433 0.00433 -0.05592 -0.05592 0.00318 0.00318 
 0.00400 0.99438 0.99438 0.00762 0.00762 -0.07396 -0.07396 0.00562 0.00562 
 0.00500 0.99126 0.99126 0.01178 0.01178 -0.09152 -0.09152 0.00874 0.00874 
 0.00600 0.98749 0.98749 0.01675 0.01675 -0.10848 -0.10848 0.01251 0.01251 
 0.00700 0.98309 0.98309 0.02247 0.02247 -0.12474 -0.12474 0.01691 0.01691 
 0.00800 0.97810 0.97810 0.02887 0.02887 -0.14023 -0.14023 0.02190 0.02190 
 0.00900 0.97254 0.97254 0.03588 0.03588 -0.15485 -0.15485 0.02746 0.02746 
 0.01000 0.96644 0.96644 0.04341 0.04341 -0.16854 -0.16854 0.03356 0.03356 
 0.01100 0.95985 0.95985 0.05138 0.05138 -0.18124 -0.18124 0.04015 0.04015 
 0.01200 0.95280 0.95280 0.05972 0.05972 -0.19291 -0.19291 0.04720 0.04720 
 0.01300 0.94533 0.94533 0.06833 0.06833 -0.20352 -0.20352 0.05467 0.05467 
 0.01400 0.93748 0.93748 0.07713 0.07713 -0.21304 -0.21304 0.06252 0.06252 
 0.01500 0.92929 0.92929 0.08603 0.08603 -0.22145 -0.22145 0.07071 0.07071 
 0.01600 0.92081 0.92081 0.09496 0.09496 -0.22875 -0.22875 0.07919 0.07919 
 0.01700 0.91207 0.91207 0.10383 0.10383 -0.23496 -0.23496 0.08793 0.08793 
 0.01800 0.90312 0.90312 0.11257 0.11257 -0.24009 -0.24009 0.09688 0.09688 
 0.01900 0.89399 0.89399 0.12112 0.12112 -0.24415 -0.24415 0.10601 0.10601 
 0.02000 0.88474 0.88474 0.12940 0.12940 -0.24719 -0.24719 0.11527 0.11527 
 0.02100 0.87538 0.87538 0.13736 0.13736 -0.24925 -0.24925 0.12462 0.12462 
 0.02200 0.86597 0.86597 0.14496 0.14496 -0.25036 -0.25036 0.13403 0.13403 
 0.02300 0.85653 0.85653 0.15214 0.15214 -0.25058 -0.25058 0.14347 0.14347 
 0.02400 0.84710 0.84710 0.15887 0.15887 -0.24996 -0.24996 0.15290 0.15290 
 0.02500 0.83770 0.83770 0.16512 0.16512 -0.24856 -0.24856 0.16230 0.16230 
 0.02600 0.82838 0.82838 0.17086 0.17086 -0.24643 -0.24643 0.17162 0.17162 
 0.02700 0.81915 0.81915 0.17608 0.17608 -0.24363 -0.24363 0.18085 0.18085 
 0.02800 0.81003 0.81003 0.18076 0.18076 -0.24023 -0.24023 0.18997 0.18997 
 0.02900 0.80105 0.80105 0.18490 0.18490 -0.23628 -0.23628 0.19895 0.19895 
 0.03000 0.79223 0.79223 0.18850 0.18850 -0.23184 -0.23184 0.20777 0.20777 
 0.03100 0.78359 0.78359 0.19157 0.19157 -0.22696 -0.22696 0.21641 0.21641 
 0.03200 0.77514 0.77514 0.19411 0.19411 -0.22171 -0.22171 0.22486 0.22486 
 0.03300 0.76689 0.76689 0.19614 0.19614 -0.21614 -0.21614 0.23311 0.23311 
 0.03400 0.75885 0.75885 0.19767 0.19767 -0.21029 -0.21029 0.24114 0.24114 
 0.03500 0.75105 0.75105 0.19873 0.19873 -0.20422 -0.20422 0.24895 0.24895 
 0.03600 0.74347 0.74347 0.19934 0.19934 -0.19796 -0.19796 0.25653 0.25653 
 0.03700 0.73613 0.73613 0.19953 0.19953 -0.19156 -0.19156 0.26387 0.26387 
 0.03800 0.72904 0.72904 0.19931 0.19931 -0.18506 -0.18506 0.27096 0.27096 
 0.03900 0.72219 0.72219 0.19872 0.19872 -0.17849 -0.17849 0.27781 0.27781 
 0.04000 0.71559 0.71559 0.19778 0.19778 -0.17188 -0.17188 0.28441 0.28441 
 0.04100 0.70924 0.70924 0.19653 0.19653 -0.16525 -0.16525 0.29076 0.29076 
 0.04200 0.70314 0.70314 0.19499 0.19499 -0.15864 -0.15864 0.29686 0.29686 
 0.04300 0.69729 0.69729 0.19319 0.19319 -0.15207 -0.15207 0.30271 0.30271 
 0.04400 0.69168 0.69168 0.19115 0.19115 -0.14555 -0.14555 0.30832 0.30832 
 0.04500 0.68632 0.68632 0.18891 0.18891 -0.13910 -0.13910 0.31368 0.31368 
 0.04600 0.68120 0.68120 0.18648 0.18648 -0.13274 -0.13274 0.31880 0.31880 
 0.04700 0.67632 0.67632 0.18390 0.18390 -0.12647 -0.12647 0.32368 0.32368 
 0.04800 0.67167 0.67167 0.18118 0.18118 -0.12031 -0.12031 0.32833 0.32833 
 0.04900 0.66725 0.66725 0.17835 0.17835 -0.11427 -0.11427 0.33275 0.33275 
 0.05001 0.66306 0.66306 0.17543 0.17543 -0.10835 -0.10835 0.33694 0.33694 
 0.05101 0.65908 0.65908 0.17243 0.17243 -0.10256 -0.10256 0.34092 0.34092 
 0.05201 0.65533 0.65533 0.16938 0.16938 -0.09691 -0.09691 0.34467 0.34467 
 0.05301 0.65178 0.65178 0.16628 0.16628 -0.09139 -0.09139 0.34822 0.34822 
 0.05401 0.64844 0.64844 0.16315 0.16315 -0.08601 -0.08601 0.35156 0.35156 
 0.05501 0.64530 0.64530 0.16001 0.16001 -0.08077 -0.08077 0.35470 0.35470 
 0.05601 0.64235 0.64235 0.15687 0.15687 -0.07568 -0.07568 0.35765 0.35765 
 0.05701 0.63960 0.63960 0.15373 0.15373 -0.07073 -0.07073 0.36040 0.36040 
 0.05801 0.63702 0.63702 0.15060 0.15060 -0.06592 -0.06592 0.36298 0.36298 
 0.05901 0.63463 0.63463 0.14751 0.14751 -0.06126 -0.06126 0.36537 0.36537 
 0.06001 0.63240 0.63240 0.14444 0.14444 -0.05675 -0.05675 0.36760 0.36760 
 0.06101 0.63035 0.63035 0.14141 0.14141 -0.05238 -0.05238 0.36965 0.36965 
 0.06201 0.62845 0.62845 0.13842 0.13842 -0.04816 -0.04816 0.37155 0.37155 
 0.06301 0.62672 0.62672 0.13547 0.13547 -0.04409 -0.04409 0.37328 0.37328 
 0.06401 0.62513 0.62513 0.13258 0.13258 -0.04016 -0.04016 0.37487 0.37487 
 0.06501 0.62369 0.62369 0.12973 0.12973 -0.03638 -0.03638 0.37631 0.37631 
 0.06601 0.62239 0.62239 0.12695 0.12695 -0.03275 -0.03275 0.37761 0.37761 
 0.06701 0.62122 0.62122 0.12422 0.12422 -0.02926 -0.02926 0.37878 0.37878 
 0.06801 0.62018 0.62018 0.12155 0.12155 -0.02592 -0.02592 0.37982 0.37982 
 0.06901 0.61927 0.61927 0.11894 0.11894 -0.02272 -0.02272 0.38073 0.38073 
 0.07001 0.61847 0.61847 0.11639 0.11639 -0.01967 -0.01967 0.38153 0.38153 
 0.07101 0.61778 0.61778 0.11390 0.11390 -0.01677 -0.01677 0.38222 0.38222 
 0.07201 0.61720 0.61720 0.11147 0.11147 -0.01401 -0.01401 0.38280 0.38280 
 0.07301 0.61672 0.61672 0.10910 0.10910 -0.01140 -0.01140 0.38327 0.38327 
 0.07401 0.61634 0.61634 0.10680 0.10680 -0.00893 -0.00893 0.38366 0.38366 
 0.07501 0.61605 0.61605 0.10456 0.10456 -0.00661 -0.00661 0.38395 0.38395 
 0.07601 0.61584 0.61584 0.10238 0.10238 -0.00443 -0.00443 0.38416 0.38416 
 0.07701 0.61572 0.61572 0.10025 0.10025 -0.00240 -0.00240 0.38428 0.38428 
 0.07801 0.61566 0.61566 0.09819 0.09819 -0.00051 -0.00051 0.38434 0.38434 
 0.07901 0.61567 0.61567 0.09619 0.09619 0.00124 0.00124 0.38433 0.38433 
 0.08001 0.61575 0.61575 0.09425 0.09425 0.00285 0.00285 0.38425 0.38425 
 0.08101 0.61589 0.61589 0.09236 0.09236 0.00431 0.00431 0.38411 0.38411 
 0.08201 0.61608 0.61608 0.09053 0.09053 0.00564 0.00564 0.38392 0.38392 
 0.08301 0.61631 0.61631 0.08876 0.08876 0.00683 0.00683 0.38369 0.38369 
 0.08401 0.61659 0.61659 0.08704 0.08704 0.00788 0.00788 0.38341 0.38341 
 0.08501 0.61690 0.61690 0.08538 0.08538 0.00880 0.00880 0.38310 0.38310 
 0.08601 0.61725 0.61725 0.08377 0.08377 0.00959 0.00959 0.38275 0.38275 
 0.08701 0.61762 0.61762 0.08222 0.08222 0.01025 0.01025 0.38238 0.38238 
 0.08801 0.61802 0.61802 0.08072 0.08072 0.01078 0.01078 0.38198 0.38198 
 0.08901 0.61843 0.61843 0.07927 0.07927 0.01119 0.01119 0.38156 0.38156 
 0.09001 0.61886 0.61886 0.07787 0.07787 0.01148 0.01148 0.38114 0.38114 
 0.09101 0.61930 0.61930 0.07651 0.07651 0.01165 0.01165 0.38070 0.38070 
 0.09201 0.61974 0.61974 0.07521 0.07521 0.01170 0.01170 0.38026 0.38026 
 0.09301 0.62018 0.62018 0.07396 0.07396 0.01164 0.01164 0.37982 0.37982 
 0.09401 0.62062 0.62062 0.07275 0.07275 0.01147 0.01147 0.37938 0.37938 
 0.09501 0.62104 0.62104 0.07158 0.07158 0.01120 0.01120 0.37896 0.37896 
 0.09601 0.62146 0.62146 0.07046 0.07046 0.01083 0.01083 0.37854 0.37854 
 0.09701 0.62186 0.62186 0.06939 0.06939 0.01036 0.01036 0.37814 0.37814 
 0.09801 0.62224 0.62224 0.06835 0.06835 0.00980 0.00980 0.37776 0.37776 
 0.09901 0.62259 0.62259 0.06736 0.06736 0.00915 0.00915 0.37741 0.37741 
 0.10001 0.62293 0.62293 0.06641 0.06641 0.00842 0.00842 0.37707 0.37707 
 0.10101 0.62323 0.62323 0.06550 0.06550 0.00761 0.00761 0.37677 0.37677 
 0.10201 0.62350 0.62350 0.06462 0.06462 0.00672 0.00672 0.37650 0.37650 
 0.10301 0.62373 0.62373 0.06378 0.06378 0.00576 0.00576 0.37627 0.37627 
 0.10401 0.62393 0.62393 0.06298 0.06298 0.00474 0.00474 0.37607 0.37607 
 0.10501 0.62409 0.62409 0.06221 0.06221 0.00366 0.00366 0.37591 0.37591 
 0.10601 0.62421 0.62421 0.06148 0.06148 0.00251 0.00251 0.37579 0.37579 
 0.10701 0.62428 0.62428 0.06077 0.06077 0.00132 0.00132 0.37572 0.37572 
 0.10801 0.62430 0.62430 0.06010 0.06010 0.00008 0.00008 0.37570 0.37570 
 0.10901 0.62428 0.62428 0.05946 0.05946 -0.00120 -0.00120 0.37572 0.37572 
 0.11001 0.62421 0.62421 0.05885 0.05885 -0.00253 -0.00253 0.37579 0.37579 
 0.11101 0.62409 0.62409 0.05826 0.05826 -0.00388 -0.00388 0.37591 0.37591 
 0.11201 0.62392 0.62392 0.05770 0.05770 -0.00526 -0.00526 0.37608 0.37608 
 0.11301 0.62370 0.62370 0.05716 0.05716 -0.00667 -0.00667 0.37630 0.37630 
 0.11401 0.62342 0.62342 0.05665 0.05665 -0.00810 -0.00810 0.37658 0.37658 
 0.11501 0.62309 0.62309 0.05616 0.05616 -0.00954 -0.00954 0.37691 0.37691 
 0.11601 0.62270 0.62270 0.05569 0.05569 -0.01100 -0.01100 0.37730 0.37730 
 0.11701 0.62226 0.62226 0.05524 0.05524 -0.01246 -0.01246 0.37774 0.37774 
 0.11801 0.62176 0.62176 0.05481 0.05481 -0.01392 -0.01392 0.37824 0.37824 
 0.11901 0.62121 0.62121 0.05440 0.05440 -0.01539 -0.01539 0.37879 0.37879 
 0.12001 0.62060 0.62060 0.05400 0.05400 -0.01684 -0.01684 0.37940 0.37940 
 0.12101 0.61994 0.61994 0.05362 0.05362 -0.01829 -0.01829 0.38006 0.38006 
 0.12201 0.61922 0.61922 0.05325 0.05325 -0.01973 -0.01973 0.38078 0.38078 
 0.12301 0.61845 0.61845 0.05289 0.05289 -0.02115 -0.02115 0.38155 0.38155 
 0.12401 0.61763 0.61763 0.05255 0.05255 -0.02255 -0.02255 0.38237 0.38237 
 0.12501 0.61675 0.61675 0.05221 0.05221 -0.02393 -0.02393 0.38325 0.38325 
 0.12601 0.61583 0.61583 0.05189 0.05189 -0.02528 -0.02528 0.38417 0.38417 
 0.12701 0.61485 0.61485 0.05157 0.05157 -0.02661 -0.02661 0.38515 0.38515 
 0.12801 0.61382 0.61382 0.05126 0.05126 -0.02790 -0.02790 0.38618 0.38618 
 0.12901 0.61275 0.61275 0.05095 0.05095 -0.02916 -0.02916 0.38725 0.38725 
 0.13001 0.61163 0.61163 0.05065 0.05065 -0.03038 -0.03038 0.38837 0.38837 
 0.13101 0.61046 0.61046 0.05035 0.05035 -0.03157 -0.03157 0.38954 0.38954 
 0.13201 0.60925 0.60925 0.05006 0.05006 -0.03271 -0.03271 0.39075 0.39075 
 0.13301 0.60799 0.60799 0.04976 0.04976 -0.03381 -0.03381 0.39200 0.39200 
 0.13401 0.60670 0.60670 0.04947 0.04947 -0.03487 -0.03487 0.39330 0.39330 
 0.13501 0.60537 0.60537 0.04917 0.04917 -0.03588 -0.03588 0.39463 0.39463 
 0.13601 0.60400 0.60400 0.04888 0.04888 -0.03684 -0.03684 0.39600 0.39600 
 0.13701 0.60259 0.60259 0.04858 0.04858 -0.03776 -0.03776 0.39741 0.39741 
 0.13801 0.60115 0.60115 0.04828 0.04828 -0.03862 -0.03862 0.39885 0.39885 
 0.13901 0.59968 0.59968 0.04797 0.04797 -0.03944 -0.03944 0.40032 0.40032 
 0.14001 0.59818 0.59818 0.04766 0.04766 -0.04020 -0.04020 0.40182 0.40182 
 0.14101 0.59666 0.59666 0.04735 0.04735 -0.04091 -0.04091 0.40335 0.40335 
 0.14201 0.59510 0.59510 0.04703 0.04703 -0.04157 -0.04157 0.40490 0.40490 
 0.14301 0.59352 0.59352 0.04670 0.04670 -0.04217 -0.04217 0.40648 0.40648 
 0.14401 0.59192 0.59192 0.04636 0.04636 -0.04272 -0.04272 0.40808 0.40808 
 0.14501 0.59030 0.59030 0.04602 0.04602 -0.04322 -0.04322 0.40969 0.40969 
 0.14601 0.58867 0.58867 0.04566 0.04566 -0.04367 -0.04367 0.41133 0.41133 
 0.14701 0.58702 0.58702 0.04530 0.04530 -0.04406 -0.04406 0.41298 0.41298 
 0.14801 0.58535 0.58535 0.04493 0.04493 -0.04440 -0.04440 0.41465 0.41465 
 0.14901 0.58367 0.58367 0.04455 0.04455 -0.04469 -0.04469 0.41633 0.41633 
 0.15002 0.58198 0.58198 0.04416 0.04416 -0.04492 -0.04492 0.41802 0.41802 
 0.15102 0.58029 0.58029 0.04375 0.04375 -0.04511 -0.04511 0.41971 0.41971 
 0.15202 0.57859 0.57859 0.04334 0.04334 -0.04524 -0.04524 0.42141 0.42141 
 0.15302 0.57688 0.57688 0.04291 0.04291 -0.04533 -0.04533 0.42312 0.42312 
 0.15402 0.57517 0.57517 0.04247 0.04247 -0.04537 -0.04537 0.42483 0.42483 
 0.15502 0.57346 0.57346 0.04202 0.04202 -0.04536 -0.04536 0.42654 0.42654 
 0.15602 0.57175 0.57175 0.04156 0.04156 -0.04531 -0.04531 0.42825 0.42825 
 0.15702 0.57005 0.57005 0.04109 0.04109 -0.04521 -0.04521 0.42995 0.42995 
 0.15802 0.56835 0.56835 0.04060 0.04060 -0.04507 -0.04507 0.43165 0.43165 
 0.15902 0.56665 0.56665 0.04010 0.04010 -0.04489 -0.04489 0.43335 0.43335 
 0.16002 0.56497 0.56497 0.03959 0.03959 -0.04466 -0.04466 0.43503 0.43503 
 0.16102 0.56329 0.56329 0.03906 0.03906 -0.04440 -0.04440 0.43671 0.43671 
 0.16202 0.56162 0.56162 0.03853 0.03853 -0.04410 -0.04410 0.43838 0.43838 
 0.16302 0.55997 0.55997 0.03798 0.03798 -0.04377 -0.04377 0.44004 0.44004 
 0.16402 0.55832 0.55832 0.03741 0.03741 -0.04341 -0.04341 0.44168 0.44168 
 0.16502 0.55670 0.55670 0.03684 0.03684 -0.04301 -0.04301 0.44331 0.44331 
 0.16602 0.55508 0.55508 0.03625 0.03625 -0.04258 -0.04258 0.44492 0.44492 
 0.16702 0.55349 0.55349 0.03566 0.03566 -0.04212 -0.04212 0.44651 0.44651 
 0.16802 0.55191 0.55191 0.03505 0.03505 -0.04164 -0.04164 0.44809 0.44809 
 0.16902 0.55035 0.55035 0.03443 0.03443 -0.04113 -0.04113 0.44965 0.44965 
 0.17002 0.54881 0.54881 0.03379 0.03379 -0.04060 -0.04060 0.45119 0.45119 
 0.17102 0.54729 0.54729 0.03315 0.03315 -0.04005 -0.04005 0.45271 0.45271 
 0.17202 0.54579 0.54579 0.03250 0.03250 -0.03948 -0.03948 0.45421 0.45421 
 0.17302 0.54432 0.54432 0.03183 0.03183 -0.03889 -0.03889 0.45568 0.45568 
 0.17402 0.54286 0.54286 0.03116 0.03116 -0.03829 -0.03829 0.45714 0.45714 
 0.17502 0.54143 0.54143 0.03048 0.03048 -0.03767 -0.03767 0.45857 0.45857 
 0.17602 0.54002 0.54002 0.02978 0.02978 -0.03705 -0.03705 0.45998 0.45998 
 0.17702 0.53864 0.53864 0.02908 0.02908 -0.03641 -0.03641 0.46136 0.46136 
 0.17802 0.53728 0.53728 0.02837 0.02837 -0.03576 -0.03576 0.46272 0.46272 
 0.17902 0.53595 0.53595 0.02766 0.02766 -0.03510 -0.03510 0.46405 0.46405 
 0.18002 0.53464 0.53464 0.02693 0.02693 -0.03445 -0.03445 0.46536 0.46536 
 0.18102 0.53335 0.53335 0.02620 0.02620 -0.03378 -0.03378 0.46665 0.46665 
 0.18202 0.53209 0.53209 0.02546 0.02546 -0.03312 -0.03312 0.46791 0.46791 
 0.18302 0.53086 0.53086 0.02472 0.02472 -0.03245 -0.03245 0.46914 0.46914 
 0.18402 0.52965 0.52965 0.02397 0.02397 -0.03179 -0.03179 0.47035 0.47035 
 0.18502 0.52846 0.52846 0.02322 0.02322 -0.03112 -0.03112 0.47154 0.47154 
 0.18602 0.52730 0.52730 0.02246 0.02246 -0.03046 -0.03046 0.47270 0.47270 
 0.18702 0.52616 0.52616 0.02170 0.02170 -0.02981 -0.02981 0.47384 0.47384 
 0.18802 0.52505 0.52505 0.02093 0.02093 -0.02916 -0.02916 0.47495 0.47495 
 0.18902 0.52397 0.52397 0.02016 0.02016 -0.02852 -0.02852 0.47603 0.47603 
 0.19002 0.52290 0.52290 0.01939 0.01939 -0.02789 -0.02789 0.47709 0.47709 
 0.19102 0.52187 0.52187 0.01861 0.01861 -0.02727 -0.02727 0.47813 0.47813 
 0.19202 0.52085 0.52085 0.01784 0.01784 -0.02666 -0.02666 0.47915 0.47915 
 0.19302 0.51986 0.51986 0.01706 0.01706 -0.02606 -0.02606 0.48014 0.48014 
 0.19402 0.51889 0.51889 0.01628 0.01628 -0.02548 -0.02548 0.48111 0.48111 
 0.19502 0.51794 0.51794 0.01551 0.01551 -0.02491 -0.02491 0.48206 0.48206 
 0.19602 0.51701 0.51701 0.01473 0.01473 -0.02435 -0.02435 0.48299 0.48299 
 0.19702 0.51610 0.51610 0.01395 0.01395 -0.02381 -0.02381 0.48390 0.48390 
 0.19802 0.51521 0.51521 0.01318 0.01318 -0.02328 -0.02328 0.48479 0.48479 
 0.19902 0.51435 0.51435 0.01240 0.01240 -0.02277 -0.02277 0.48565 0.48565 
 0.20002 0.51357 0.51350 0.00906 0.01163 -0.02314 -0.02228 0.48833 0.48650 
 0.20102 0.51260 0.51267 0.00856 0.01086 -0.02231 -0.02180 0.48895 0.48733 
 0.20202 0.51167 0.51186 0.00806 0.01009 -0.02153 -0.02135 0.48963 0.48814 
 0.20302 0.51077 0.51106 0.00746 0.00933 -0.02082 -0.02091 0.49035 0.48894 
 0.20402 0.50996 0.51028 0.00673 0.00857 -0.02025 -0.02049 0.49118 0.48972 
 0.20502 0.50914 0.50952 0.00593 0.00781 -0.01976 -0.02009 0.49187 0.49048 
 0.20602 0.50833 0.50877 0.00526 0.00706 -0.01924 -0.01971 0.49242 0.49123 
 0.20702 0.50752 0.50803 0.00465 0.00631 -0.01877 -0.01934 0.49293 0.49197 
 0.20802 0.50671 0.50731 0.00384 0.00557 -0.01835 -0.01900 0.49343 0.49269 
 0.20902 0.50595 0.50660 0.00311 0.00483 -0.01793 -0.01867 0.49396 0.49340 
 0.21002 0.50513 0.50590 0.00227 0.00410 -0.01768 -0.01837 0.49454 0.49410 
 0.21102 0.50443 0.50521 0.00151 0.00337 -0.01742 -0.01808 0.49517 0.49478 
 0.21202 0.50382 0.50454 0.00068 0.00265 -0.01720 -0.01782 0.49589 0.49546 
 0.21302 0.50327 0.50387 -0.00008 0.00193 -0.01698 -0.01757 0.49657 0.49613 
 0.21402 0.50268 0.50321 -0.00092 0.00123 -0.01684 -0.01734 0.49722 0.49679 
 0.21502 0.50203 0.50257 -0.00165 0.00052 -0.01674 -0.01713 0.49791 0.49744 
 0.21602 0.50143 0.50192 -0.00242 -0.00017 -0.01663 -0.01694 0.49857 0.49808 
 0.21702 0.50072 0.50129 -0.00312 -0.00086 -0.01665 -0.01677 0.49917 0.49871 
 0.21802 0.50010 0.50066 -0.00389 -0.00154 -0.01659 -0.01661 0.49974 0.49934 
 0.21902 0.49960 0.50004 -0.00468 -0.00222 -0.01659 -0.01648 0.50032 0.49996 
 0.22002 0.49911 0.49942 -0.00561 -0.00289 -0.01657 -0.01635 0.50085 0.50058 
 0.22102 0.49860 0.49880 -0.00645 -0.00355 -0.01663 -0.01625 0.50149 0.50120 
 0.22202 0.49815 0.49819 -0.00732 -0.00420 -0.01664 -0.01616 0.50218 0.50181 
 0.22302 0.49774 0.49759 -0.00813 -0.00485 -0.01659 -0.01609 0.50284 0.50241 
 0.22402 0.49737 0.49698 -0.00895 -0.00549 -0.01653 -0.01603 0.50353 0.50302 
 0.22502 0.49697 0.49638 -0.00964 -0.00612 -0.01646 -0.01599 0.50423 0.50362 
 0.22602 0.49649 0.49578 -0.01036 -0.00674 -0.01640 -0.01596 0.50486 0.50422 
 0.22702 0.49591 0.49518 -0.01101 -0.00736 -0.01631 -0.01594 0.50547 0.50482 
 0.22802 0.49528 0.49457 -0.01168 -0.00797 -0.01615 -0.01594 0.50605 0.50543 
 0.22902 0.49464 0.49397 -0.01221 -0.00857 -0.01600 -0.01595 0.50673 0.50603 
 0.23002 0.49416 0.49337 -0.01278 -0.00917 -0.01577 -0.01597 0.50743 0.50663 
 0.23102 0.49361 0.49277 -0.01327 -0.00976 -0.01564 -0.01600 0.50817 0.50723 
 0.23202 0.49297 0.49217 -0.01386 -0.01034 -0.01557 -0.01604 0.50882 0.50783 
 0.23302 0.49231 0.49156 -0.01439 -0.01091 -0.01559 -0.01609 0.50950 0.50844 
 0.23402 0.49167 0.49095 -0.01488 -0.01148 -0.01556 -0.01615 0.51007 0.50904 
 0.23502 0.49097 0.49034 -0.01537 -0.01204 -0.01559 -0.01622 0.51058 0.50965 
 0.23602 0.49036 0.48973 -0.01587 -0.01259 -0.01557 -0.01630 0.51109 0.51027 
 0.23702 0.48967 0.48912 -0.01639 -0.01314 -0.01569 -0.01638 0.51171 0.51088 
 0.23802 0.48900 0.48850 -0.01696 -0.01368 -0.01582 -0.01647 0.51234 0.51150 
 0.23902 0.48830 0.48788 -0.01755 -0.01421 -0.01594 -0.01657 0.51295 0.51212 
 0.24002 0.48771 0.48725 -0.01809 -0.01474 -0.01599 -0.01667 0.51336 0.51275 
 0.24102 0.48703 0.48662 -0.01857 -0.01526 -0.01609 -0.01678 0.51386 0.51338 
 0.24202 0.48638 0.48599 -0.01915 -0.01578 -0.01619 -0.01689 0.51432 0.51401 
 0.24302 0.48572 0.48535 -0.01967 -0.01629 -0.01630 -0.01700 0.51483 0.51465 
 0.24402 0.48508 0.48470 -0.02021 -0.01679 -0.01635 -0.01712 0.51533 0.51529 
 0.24502 0.48437 0.48406 -0.02072 -0.01729 -0.01643 -0.01724 0.51586 0.51594 
 0.24602 0.48368 0.48341 -0.02125 -0.01779 -0.01650 -0.01736 0.51643 0.51659 
 0.24702 0.48297 0.48275 -0.02175 -0.01828 -0.01658 -0.01748 0.51706 0.51725 
 0.24802 0.48229 0.48209 -0.02228 -0.01876 -0.01669 -0.01760 0.51766 0.51791 
 0.24902 0.48151 0.48142 -0.02280 -0.01924 -0.01690 -0.01773 0.51820 0.51858 
 0.25003 0.48083 0.48075 -0.02324 -0.01972 -0.01708 -0.01785 0.51870 0.51925 
 0.25103 0.48019 0.48008 -0.02368 -0.02019 -0.01718 -0.01797 0.51928 0.51992 
 0.25203 0.47949 0.47940 -0.02420 -0.02065 -0.01736 -0.01809 0.51990 0.52060 
 0.25303 0.47874 0.47872 -0.02466 -0.02112 -0.01749 -0.01821 0.52057 0.52128 
 0.25403 0.47807 0.47803 -0.02509 -0.02157 -0.01762 -0.01833 0.52119 0.52197 
 0.25503 0.47732 0.47733 -0.02550 -0.02203 -0.01779 -0.01844 0.52190 0.52267 
 0.25603 0.47662 0.47664 -0.02594 -0.02248 -0.01802 -0.01856 0.52267 0.52336 
 0.25703 0.47594 0.47594 -0.02647 -0.02293 -0.01824 -0.01866 0.52349 0.52406 
 0.25803 0.47529 0.47523 -0.02699 -0.02338 -0.01844 -0.01877 0.52426 0.52477 
 0.25903 0.47459 0.47452 -0.02741 -0.02382 -0.01862 -0.01887 0.52513 0.52548 
 0.26003 0.47385 0.47381 -0.02788 -0.02426 -0.01878 -0.01897 0.52594 0.52619 
 0.26103 0.47298 0.47309 -0.02841 -0.02470 -0.01893 -0.01906 0.52676 0.52691 
 0.26203 0.47224 0.47237 -0.02897 -0.02513 -0.01909 -0.01915 0.52758 0.52763 
 0.26303 0.47141 0.47165 -0.02946 -0.02557 -0.01919 -0.01923 0.52846 0.52835 
 0.26403 0.47063 0.47092 -0.02990 -0.02600 -0.01928 -0.01931 0.52926 0.52908 
 0.26503 0.46976 0.47020 -0.03034 -0.02643 -0.01942 -0.01938 0.53002 0.52980 
 0.26603 0.46899 0.46946 -0.03077 -0.02686 -0.01953 -0.01945 0.53079 0.53054 
 0.26703 0.46819 0.46873 -0.03129 -0.02728 -0.01972 -0.01951 0.53158 0.53127 
 0.26803 0.46744 0.46799 -0.03175 -0.02771 -0.01983 -0.01956 0.53234 0.53200 
 0.26903 0.46668 0.46726 -0.03222 -0.02813 -0.02000 -0.01961 0.53313 0.53274 
 0.27003 0.46599 0.46652 -0.03273 -0.02855 -0.02017 -0.01965 0.53387 0.53348 
 0.27103 0.46531 0.46578 -0.03325 -0.02897 -0.02037 -0.01969 0.53462 0.53422 
 0.27203 0.46465 0.46503 -0.03373 -0.02939 -0.02049 -0.01972 0.53538 0.53497 
 0.27303 0.46391 0.46429 -0.03417 -0.02981 -0.02067 -0.01975 0.53617 0.53571 
 0.27403 0.46323 0.46355 -0.03459 -0.03023 -0.02081 -0.01976 0.53699 0.53645 
 0.27503 0.46247 0.46280 -0.03502 -0.03065 -0.02094 -0.01978 0.53783 0.53720 
 0.27603 0.46177 0.46206 -0.03549 -0.03107 -0.02110 -0.01978 0.53867 0.53794 
 0.27703 0.46113 0.46131 -0.03586 -0.03149 -0.02126 -0.01978 0.53953 0.53869 
 0.27803 0.46049 0.46057 -0.03619 -0.03190 -0.02132 -0.01978 0.54031 0.53943 
 0.27903 0.45984 0.45982 -0.03651 -0.03232 -0.02133 -0.01976 0.54103 0.54018 
 0.28003 0.45919 0.45908 -0.03693 -0.03274 -0.02133 -0.01974 0.54173 0.54092 
 0.28103 0.45850 0.45833 -0.03744 -0.03315 -0.02144 -0.01972 0.54244 0.54167 
 0.28203 0.45774 0.45759 -0.03798 -0.03357 -0.02147 -0.01969 0.54319 0.54241 
 0.28303 0.45694 0.45685 -0.03850 -0.03399 -0.02149 -0.01965 0.54393 0.54315 
 0.28403 0.45608 0.45611 -0.03899 -0.03440 -0.02151 -0.01961 0.54465 0.54389 
 0.28503 0.45527 0.45537 -0.03938 -0.03482 -0.02144 -0.01957 0.54539 0.54463 
 0.28603 0.45451 0.45464 -0.03978 -0.03524 -0.02139 -0.01951 0.54621 0.54536 
 0.28703 0.45370 0.45390 -0.04019 -0.03565 -0.02142 -0.01946 0.54697 0.54610 
 0.28803 0.45290 0.45317 -0.04066 -0.03607 -0.02141 -0.01939 0.54778 0.54683 
 0.28903 0.45208 0.45244 -0.04114 -0.03649 -0.02142 -0.01933 0.54857 0.54756 
 0.29003 0.45133 0.45171 -0.04156 -0.03691 -0.02134 -0.01926 0.54941 0.54829 
 0.29103 0.45053 0.45099 -0.04200 -0.03732 -0.02124 -0.01918 0.55021 0.54901 
 0.29203 0.44982 0.45027 -0.04246 -0.03774 -0.02120 -0.01910 0.55108 0.54973 
 0.29303 0.44911 0.44955 -0.04293 -0.03816 -0.02117 -0.01901 0.55190 0.55045 
 0.29403 0.44842 0.44884 -0.04345 -0.03858 -0.02114 -0.01893 0.55266 0.55116 
 0.29503 0.44775 0.44812 -0.04385 -0.03900 -0.02104 -0.01883 0.55342 0.55188 
 0.29603 0.44704 0.44742 -0.04428 -0.03941 -0.02098 -0.01874 0.55414 0.55258 
 0.29703 0.44632 0.44671 -0.04474 -0.03983 -0.02087 -0.01864 0.55482 0.55329 
 0.29803 0.44556 0.44601 -0.04522 -0.04025 -0.02077 -0.01854 0.55557 0.55399 
 0.29903 0.44480 0.44532 -0.04564 -0.04067 -0.02062 -0.01843 0.55627 0.55468 
 0.30003 0.44406 0.44462 -0.04611 -0.04109 -0.02047 -0.01833 0.55705 0.55538 
 0.30103 0.44329 0.44394 -0.04654 -0.04151 -0.02035 -0.01822 0.55777 0.55607 
 0.30203 0.44250 0.44325 -0.04707 -0.04193 -0.02028 -0.01811 0.55856 0.55675 
 0.30303 0.44177 0.44257 -0.04754 -0.04235 -0.02018 -0.01799 0.55936 0.55743 
 0.30403 0.44103 0.44189 -0.04798 -0.04276 -0.02007 -0.01788 0.56012 0.55810 
 0.30503 0.44025 0.44122 -0.04840 -0.04318 -0.01994 -0.01776 0.56088 0.55878 
 0.30603 0.43953 0.44056 -0.04889 -0.04360 -0.01981 -0.01764 0.56160 0.55944 
 0.30703 0.43879 0.43989 -0.04937 -0.04402 -0.01973 -0.01752 0.56236 0.56010 
 0.30803 0.43811 0.43924 -0.04983 -0.04444 -0.01960 -0.01740 0.56311 0.56076 
 0.30903 0.43739 0.43858 -0.05030 -0.04485 -0.01949 -0.01728 0.56386 0.56142 
 0.31003 0.43666 0.43794 -0.05072 -0.04527 -0.01941 -0.01716 0.56459 0.56207 
 0.31103 0.43589 0.43729 -0.05115 -0.04569 -0.01932 -0.01704 0.56531 0.56271 
 0.31203 0.43515 0.43665 -0.05162 -0.04611 -0.01919 -0.01691 0.56606 0.56335 
 0.31303 0.43443 0.43602 -0.05207 -0.04652 -0.01911 -0.01679 0.56680 0.56398 
 0.31403 0.43363 0.43539 -0.05264 -0.04694 -0.01898 -0.01667 0.56745 0.56461 
 0.31503 0.43291 0.43476 -0.05313 -0.04735 -0.01880 -0.01655 0.56816 0.56524 
 0.31603 0.43218 0.43414 -0.05364 -0.04777 -0.01863 -0.01643 0.56888 0.56586 
 0.31703 0.43137 0.43352 -0.05410 -0.04818 -0.01846 -0.01631 0.56957 0.56648 
 0.31803 0.43074 0.43291 -0.05465 -0.04859 -0.01832 -0.01619 0.57023 0.56709 
 0.31903 0.43006 0.43230 -0.05519 -0.04900 -0.01816 -0.01607 0.57089 0.56770 
 0.32003 0.42939 0.43170 -0.05570 -0.04941 -0.01799 -0.01595 0.57157 0.56830 
 0.32103 0.42868 0.43110 -0.05619 -0.04982 -0.01789 -0.01583 0.57221 0.56890 
 0.32203 0.42802 0.43051 -0.05675 -0.05023 -0.01779 -0.01572 0.57289 0.56949 
 0.32303 0.42733 0.42992 -0.05728 -0.05064 -0.01769 -0.01561 0.57355 0.57008 
 0.32403 0.42669 0.42933 -0.05784 -0.05104 -0.01758 -0.01549 0.57429 0.57067 
 0.32503 0.42597 0.42875 -0.05835 -0.05145 -0.01744 -0.01538 0.57503 0.57125 
 0.32603 0.42533 0.42817 -0.05890 -0.05185 -0.01726 -0.01527 0.57568 0.57183 
 0.32703 0.42467 0.42760 -0.05944 -0.05226 -0.01710 -0.01517 0.57631 0.57240 
 0.32803 0.42403 0.42703 -0.05989 -0.05266 -0.01692 -0.01506 0.57701 0.57297 
 0.32903 0.42341 0.42646 -0.06032 -0.05306 -0.01678 -0.01496 0.57768 0.57354 
 0.33003 0.42277 0.42590 -0.06078 -0.05346 -0.01668 -0.01486 0.57831 0.57410 
 0.33103 0.42218 0.42534 -0.06131 -0.05385 -0.01663 -0.01476 0.57894 0.57466 
 0.33203 0.42160 0.42479 -0.06183 -0.05425 -0.01651 -0.01466 0.57957 0.57521 
 0.33303 0.42101 0.42424 -0.06232 -0.05464 -0.01635 -0.01457 0.58020 0.57576 
 0.33403 0.42043 0.42369 -0.06287 -0.05504 -0.01621 -0.01448 0.58085 0.57631 
 0.33503 0.41980 0.42315 -0.06337 -0.05543 -0.01610 -0.01439 0.58150 0.57685 
 0.33603 0.41918 0.42261 -0.06380 -0.05582 -0.01594 -0.01430 0.58213 0.57739 
 0.33703 0.41860 0.42207 -0.06426 -0.05620 -0.01582 -0.01422 0.58276 0.57793 
 0.33803 0.41802 0.42154 -0.06471 -0.05659 -0.01568 -0.01413 0.58338 0.57846 
 0.33903 0.41743 0.42101 -0.06519 -0.05697 -0.01558 -0.01405 0.58400 0.57899 
 0.34003 0.41686 0.42048 -0.06568 -0.05735 -0.01547 -0.01397 0.58460 0.57952 
 0.34103 0.41627 0.41995 -0.06613 -0.05773 -0.01537 -0.01390 0.58523 0.58005 
 0.34203 0.41572 0.41943 -0.06658 -0.05811 -0.01525 -0.01383 0.58580 0.58057 
 0.34303 0.41516 0.41891 -0.06708 -0.05849 -0.01515 -0.01375 0.58634 0.58109 
 0.34403 0.41459 0.41840 -0.06750 -0.05886 -0.01506 -0.01369 0.58693 0.58161 
 0.34503 0.41402 0.41788 -0.06789 -0.05924 -0.01494 -0.01362 0.58750 0.58212 
 0.34603 0.41350 0.41737 -0.06827 -0.05961 -0.01489 -0.01356 0.58810 0.58263 
 0.34703 0.41296 0.41686 -0.06872 -0.05998 -0.01480 -0.01349 0.58860 0.58314 
 0.34803 0.41241 0.41635 -0.06912 -0.06035 -0.01472 -0.01344 0.58916 0.58365 
 0.34903 0.41186 0.41585 -0.06955 -0.06071 -0.01464 -0.01338 0.58973 0.58415 
 0.35004 0.41132 0.41534 -0.06997 -0.06107 -0.01458 -0.01332 0.59033 0.58466 
 0.35104 0.41084 0.41484 -0.07032 -0.06144 -0.01449 -0.01327 0.59088 0.58516 
 0.35204 0.41032 0.41434 -0.07074 -0.06179 -0.01437 -0.01322 0.59137 0.58566 
 0.35304 0.40973 0.41385 -0.07114 -0.06215 -0.01428 -0.01317 0.59182 0.58615 
 0.35404 0.40918 0.41335 -0.07153 -0.06251 -0.01415 -0.01312 0.59232 0.58665 
 0.35504 0.40865 0.41286 -0.07194 -0.06286 -0.01403 -0.01308 0.59285 0.58714 
 0.35604 0.40817 0.41237 -0.07238 -0.06321 -0.01392 -0.01303 0.59340 0.58763 
 0.35704 0.40770 0.41188 -0.07272 -0.06356 -0.01380 -0.01299 0.59398 0.58812 
 0.35804 0.40718 0.41139 -0.07308 -0.06391 -0.01373 -0.01295 0.59448 0.58861 
 0.35904 0.40665 0.41090 -0.07342 -0.06426 -0.01367 -0.01291 0.59496 0.58910 
 0.36004 0.40614 0.41041 -0.07376 -0.06460 -0.01363 -0.01288 0.59550 0.58959 
 0.36104 0.40556 0.40993 -0.07407 -0.06494 -0.01352 -0.01284 0.59605 0.59007 
 0.36204 0.40504 0.40945 -0.07440 -0.06528 -0.01343 -0.01281 0.59654 0.59055 
 0.36304 0.40453 0.40897 -0.07471 -0.06562 -0.01332 -0.01277 0.59700 0.59103 
 0.36404 0.40400 0.40848 -0.07507 -0.06596 -0.01325 -0.01274 0.59747 0.59152 
 0.36504 0.40343 0.40801 -0.07543 -0.06629 -0.01319 -0.01271 0.59787 0.59200 
 0.36604 0.40288 0.40753 -0.07576 -0.06663 -0.01310 -0.01268 0.59831 0.59247 
 0.36704 0.40233 0.40705 -0.07606 -0.06696 -0.01305 -0.01265 0.59882 0.59295 
 0.36804 0.40182 0.40657 -0.07641 -0.06729 -0.01299 -0.01262 0.59926 0.59343 
 0.36904 0.40127 0.40610 -0.07676 -0.06761 -0.01294 -0.01260 0.59973 0.59390 
 0.37004 0.40078 0.40562 -0.07711 -0.06794 -0.01286 -0.01257 0.60027 0.59438 
 0.37104 0.40029 0.40515 -0.07736 -0.06826 -0.01275 -0.01255 0.60077 0.59485 
 0.37204 0.39979 0.40468 -0.07765 -0.06859 -0.01265 -0.01252 0.60125 0.59532 
 0.37304 0.39924 0.40421 -0.07795 -0.06891 -0.01260 -0.01250 0.60165 0.59579 
 0.37404 0.39871 0.40374 -0.07819 -0.06922 -0.01250 -0.01247 0.60212 0.59626 
 0.37504 0.39816 0.40327 -0.07852 -0.06954 -0.01249 -0.01245 0.60253 0.59673 
 0.37604 0.39760 0.40280 -0.07880 -0.06986 -0.01250 -0.01243 0.60293 0.59720 
 0.37704 0.39705 0.40233 -0.07913 -0.07017 -0.01251 -0.01241 0.60340 0.59767 
 0.37804 0.39660 0.40186 -0.07942 -0.07048 -0.01248 -0.01238 0.60380 0.59814 
 0.37904 0.39608 0.40140 -0.07971 -0.07080 -0.01247 -0.01236 0.60424 0.59860 
 0.38004 0.39558 0.40093 -0.08004 -0.07111 -0.01243 -0.01234 0.60463 0.59907 
 0.38104 0.39507 0.40047 -0.08038 -0.07141 -0.01239 -0.01232 0.60501 0.59953 
 0.38204 0.39463 0.40000 -0.08066 -0.07172 -0.01234 -0.01230 0.60546 0.59999 
 0.38304 0.39415 0.39954 -0.08094 -0.07203 -0.01227 -0.01228 0.60598 0.60046 
 0.38404 0.39372 0.39908 -0.08125 -0.07233 -0.01223 -0.01225 0.60647 0.60092 
 0.38504 0.39328 0.39862 -0.08159 -0.07263 -0.01219 -0.01223 0.60695 0.60138 
 0.38604 0.39291 0.39816 -0.08189 -0.07293 -0.01212 -0.01221 0.60736 0.60184 
 0.38704 0.39245 0.39770 -0.08221 -0.07323 -0.01206 -0.01219 0.60781 0.60230 
 0.38804 0.39201 0.39724 -0.08249 -0.07353 -0.01196 -0.01216 0.60826 0.60276 
 0.38904 0.39150 0.39678 -0.08279 -0.07383 -0.01189 -0.01214 0.60871 0.60322 
 0.39004 0.39104 0.39632 -0.08310 -0.07412 -0.01186 -0.01212 0.60915 0.60367 
 0.39104 0.39056 0.39587 -0.08339 -0.07442 -0.01186 -0.01210 0.60961 0.60413 
 0.39204 0.39010 0.39541 -0.08368 -0.07471 -0.01181 -0.01207 0.61012 0.60459 
 0.39304 0.38965 0.39496 -0.08400 -0.07500 -0.01180 -0.01205 0.61061 0.60504 
 0.39404 0.38923 0.39451 -0.08430 -0.07530 -0.01177 -0.01202 0.61106 0.60549 
 0.39504 0.38875 0.39405 -0.08462 -0.07559 -0.01178 -0.01200 0.61151 0.60595 
 0.39604 0.38832 0.39360 -0.08491 -0.07587 -0.01176 -0.01197 0.61190 0.60640 
 0.39704 0.38786 0.39315 -0.08520 -0.07616 -0.01172 -0.01194 0.61232 0.60685 
 0.39804 0.38744 0.39270 -0.08548 -0.07645 -0.01168 -0.01192 0.61274 0.60730 
 0.39904 0.38698 0.39225 -0.08577 -0.07673 -0.01169 -0.01189 0.61315 0.60775 
 0.40004 0.38658 0.39181 -0.08608 -0.07702 -0.01170 -0.01186 0.61357 0.60819 
 0.40104 0.38618 0.39136 -0.08636 -0.07730 -0.01168 -0.01183 0.61400 0.60864 
 0.40204 0.38579 0.39092 -0.08666 -0.07759 -0.01167 -0.01180 0.61441 0.60908 
 0.40304 0.38538 0.39047 -0.08694 -0.07787 -0.01164 -0.01177 0.61484 0.60953 
 0.40404 0.38500 0.39003 -0.08722 -0.07815 -0.01162 -0.01174 0.61524 0.60997 
 0.40504 0.38457 0.38959 -0.08749 -0.07843 -0.01160 -0.01171 0.61565 0.61041 
 0.40604 0.38416 0.38915 -0.08778 -0.07871 -0.01156 -0.01168 0.61606 0.61086 
 0.40704 0.38371 0.38871 -0.08807 -0.07898 -0.01154 -0.01165 0.61646 0.61129 
 0.40804 0.38327 0.38827 -0.08835 -0.07926 -0.01151 -0.01161 0.61687 0.61173 
 0.40904 0.38283 0.38783 -0.08862 -0.07954 -0.01151 -0.01158 0.61730 0.61217 
 0.41004 0.38240 0.38739 -0.08890 -0.07981 -0.01148 -0.01155 0.61772 0.61260 
 0.41104 0.38197 0.38696 -0.08917 -0.08009 -0.01144 -0.01151 0.61814 0.61304 
 0.41204 0.38154 0.38653 -0.08946 -0.08036 -0.01142 -0.01148 0.61857 0.61347 
 0.41304 0.38109 0.38610 -0.08975 -0.08063 -0.01139 -0.01144 0.61901 0.61390 
 0.41404 0.38066 0.38567 -0.09003 -0.08090 -0.01137 -0.01140 0.61943 0.61433 
 0.41504 0.38021 0.38524 -0.09032 -0.08117 -0.01135 -0.01137 0.61986 0.61476 
 0.41604 0.37978 0.38481 -0.09062 -0.08144 -0.01134 -0.01133 0.62030 0.61519 
 0.41704 0.37933 0.38438 -0.09090 -0.08171 -0.01131 -0.01129 0.62074 0.61562 
 0.41804 0.37890 0.38396 -0.09118 -0.08198 -0.01129 -0.01125 0.62119 0.61604 
 0.41904 0.37846 0.38354 -0.09145 -0.08225 -0.01125 -0.01122 0.62162 0.61647 
 0.42004 0.37803 0.38311 -0.09174 -0.08252 -0.01122 -0.01118 0.62204 0.61689 
 0.42104 0.37757 0.38269 -0.09202 -0.08278 -0.01121 -0.01114 0.62246 0.61731 
 0.42204 0.37714 0.38227 -0.09233 -0.08305 -0.01119 -0.01110 0.62287 0.61773 
 0.42304 0.37671 0.38186 -0.09261 -0.08331 -0.01117 -0.01106 0.62329 0.61814 
 0.42404 0.37629 0.38144 -0.09289 -0.08357 -0.01114 -0.01101 0.62371 0.61856 
 0.42504 0.37586 0.38103 -0.09317 -0.08384 -0.01113 -0.01097 0.62413 0.61897 
 0.42604 0.37545 0.38061 -0.09345 -0.08410 -0.01110 -0.01093 0.62455 0.61938 
 0.42704 0.37501 0.38020 -0.09373 -0.08436 -0.01107 -0.01089 0.62496 0.61980 
 0.42804 0.37459 0.37979 -0.09403 -0.08462 -0.01104 -0.01085 0.62538 0.62021 
 0.42904 0.37414 0.37939 -0.09432 -0.08488 -0.01102 -0.01081 0.62580 0.62061 
 0.43004 0.37372 0.37898 -0.09461 -0.08514 -0.01101 -0.01076 0.62622 0.62102 
 0.43104 0.37328 0.37857 -0.09491 -0.08540 -0.01101 -0.01072 0.62665 0.62143 
 0.43204 0.37287 0.37817 -0.09522 -0.08565 -0.01098 -0.01068 0.62706 0.62183 
 0.43304 0.37246 0.37777 -0.09552 -0.08591 -0.01096 -0.01063 0.62750 0.62223 
 0.43404 0.37206 0.37737 -0.09583 -0.08616 -0.01092 -0.01059 0.62791 0.62263 
 0.43504 0.37163 0.37697 -0.09612 -0.08642 -0.01090 -0.01055 0.62833 0.62303 
 0.43604 0.37122 0.37658 -0.09643 -0.08667 -0.01088 -0.01050 0.62875 0.62342 
 0.43704 0.37077 0.37618 -0.09674 -0.08693 -0.01087 -0.01046 0.62917 0.62382 
 0.43804 0.37036 0.37579 -0.09705 -0.08718 -0.01085 -0.01042 0.62960 0.62421 
 0.43904 0.36994 0.37540 -0.09735 -0.08743 -0.01085 -0.01037 0.63003 0.62460 
 0.44004 0.36954 0.37501 -0.09767 -0.08768 -0.01082 -0.01033 0.63045 0.62499 
 0.44104 0.36912 0.37462 -0.09798 -0.08793 -0.01080 -0.01029 0.63088 0.62538 
 0.44204 0.36871 0.37423 -0.09831 -0.08818 -0.01077 -0.01024 0.63130 0.62577 
 0.44304 0.36828 0.37385 -0.09862 -0.08843 -0.01075 -0.01020 0.63172 0.62615 
 0.44404 0.36787 0.37346 -0.09894 -0.08868 -0.01073 -0.01016 0.63214 0.62654 
 0.44504 0.36743 0.37308 -0.09925 -0.08892 -0.01072 -0.01011 0.63257 0.62692 
 0.44604 0.36702 0.37270 -0.09957 -0.08917 -0.01070 -0.01007 0.63300 0.62730 
 0.44704 0.36659 0.37232 -0.09987 -0.08941 -0.01069 -0.01003 0.63344 0.62768 
 0.44804 0.36620 0.37195 -0.10020 -0.08966 -0.01067 -0.00999 0.63388 0.62806 
 0.44904 0.36582 0.37157 -0.10052 -0.08990 -0.01066 -0.00994 0.63431 0.62843 
 0.45005 0.36543 0.37120 -0.10086 -0.09014 -0.01064 -0.00990 0.63473 0.62880 
 0.45105 0.36501 0.37082 -0.10118 -0.09039 -0.01062 -0.00986 0.63513 0.62918 
 0.45205 0.36462 0.37045 -0.10150 -0.09063 -0.01059 -0.00982 0.63552 0.62955 
 0.45305 0.36421 0.37008 -0.10182 -0.09087 -0.01058 -0.00978 0.63592 0.62992 
 0.45405 0.36384 0.36972 -0.10214 -0.09111 -0.01055 -0.00974 0.63631 0.63028 
 0.45505 0.36342 0.36935 -0.10245 -0.09134 -0.01052 -0.00969 0.63672 0.63065 
 0.45605 0.36304 0.36899 -0.10278 -0.09158 -0.01050 -0.00965 0.63712 0.63101 
 0.45705 0.36264 0.36862 -0.10309 -0.09182 -0.01046 -0.00961 0.63753 0.63138 
 0.45805 0.36226 0.36826 -0.10341 -0.09205 -0.01042 -0.00957 0.63790 0.63174 
 0.45905 0.36184 0.36790 -0.10373 -0.09229 -0.01040 -0.00953 0.63830 0.63210 
 0.46005 0.36145 0.36754 -0.10404 -0.09252 -0.01036 -0.00949 0.63870 0.63246 
 0.46105 0.36104 0.36719 -0.10434 -0.09276 -0.01034 -0.00946 0.63911 0.63281 
 0.46205 0.36067 0.36683 -0.10466 -0.09299 -0.01031 -0.00942 0.63953 0.63317 
 0.46305 0.36027 0.36648 -0.10496 -0.09322 -0.01028 -0.00938 0.63993 0.63352 
 0.46405 0.35990 0.36612 -0.10527 -0.09345 -0.01025 -0.00934 0.64035 0.63388 
 0.46505 0.35952 0.36577 -0.10558 -0.09368 -0.01023 -0.00930 0.64076 0.63423 
 0.46605 0.35914 0.36542 -0.10589 -0.09391 -0.01020 -0.00927 0.64116 0.63458 
 0.46705 0.35875 0.36507 -0.10619 -0.09414 -0.01019 -0.00923 0.64155 0.63492 
 0.46805 0.35837 0.36473 -0.10651 -0.09436 -0.01018 -0.00919 0.64194 0.63527 
 0.46905 0.35798 0.36438 -0.10681 -0.09459 -0.01015 -0.00916 0.64234 0.63562 
 0.47005 0.35761 0.36404 -0.10710 -0.09482 -0.01013 -0.00912 0.64273 0.63596 
 0.47105 0.35722 0.36369 -0.10739 -0.09504 -0.01010 -0.00909 0.64312 0.63631 
 0.47205 0.35686 0.36335 -0.10768 -0.09526 -0.01008 -0.00905 0.64352 0.63665 
 0.47305 0.35648 0.36301 -0.10797 -0.09549 -0.01005 -0.00902 0.64392 0.63699 
 0.47405 0.35612 0.36267 -0.10826 -0.09571 -0.01003 -0.00898 0.64431 0.63733 
 0.47505 0.35573 0.36234 -0.10854 -0.09593 -0.01001 -0.00895 0.64470 0.63766 
 0.47605 0.35537 0.36200 -0.10883 -0.09615 -0.00999 -0.00891 0.64507 0.63800 
 0.47705 0.35498 0.36167 -0.10912 -0.09637 -0.00998 -0.00888 0.64547 0.63833 
 0.47805 0.35462 0.36133 -0.10941 -0.09659 -0.00994 -0.00885 0.64586 0.63867 
 0.47905 0.35424 0.36100 -0.10969 -0.09680 -0.00992 -0.00881 0.64625 0.63900 
 0.48005 0.35389 0.36067 -0.10996 -0.09702 -0.00989 -0.00878 0.64664 0.63933 
 0.48105 0.35351 0.36034 -0.11023 -0.09724 -0.00986 -0.00875 0.64703 0.63966 
 0.48205 0.35315 0.36001 -0.11051 -0.09745 -0.00982 -0.00872 0.64740 0.63999 
 0.48305 0.35277 0.35968 -0.11079 -0.09766 -0.00980 -0.00869 0.64778 0.64032 
 0.48405 0.35241 0.35935 -0.11107 -0.09788 -0.00977 -0.00866 0.64816 0.64065 
 0.48505 0.35205 0.35903 -0.11133 -0.09809 -0.00976 -0.00863 0.64854 0.64097 
 0.48605 0.35169 0.35870 -0.11159 -0.09830 -0.00972 -0.00860 0.64892 0.64130 
 0.48705 0.35132 0.35838 -0.11185 -0.09851 -0.00970 -0.00857 0.64930 0.64162 
 0.48805 0.35097 0.35806 -0.11212 -0.09872 -0.00967 -0.00854 0.64966 0.64194 
 0.48905 0.35060 0.35774 -0.11237 -0.09893 -0.00965 -0.00851 0.65003 0.64226 
 0.49005 0.35025 0.35742 -0.11262 -0.09914 -0.00960 -0.00848 0.65040 0.64258 
 0.49105 0.34987 0.35710 -0.11288 -0.09934 -0.00958 -0.00845 0.65077 0.64290 
 0.49205 0.34951 0.35678 -0.11314 -0.09955 -0.00955 -0.00842 0.65114 0.64322 
 0.49305 0.34914 0.35646 -0.11339 -0.09976 -0.00953 -0.00839 0.65153 0.64354 
 0.49405 0.34879 0.35615 -0.11364 -0.09996 -0.00950 -0.00836 0.65191 0.64385 
 0.49505 0.34843 0.35583 -0.11389 -0.10016 -0.00948 -0.00833 0.65229 0.64417 
 0.49605 0.34809 0.35552 -0.11415 -0.10037 -0.00943 -0.00831 0.65266 0.64448 
 0.49705 0.34773 0.35521 -0.11438 -0.10057 -0.00940 -0.00828 0.65303 0.64479 
 0.49805 0.34737 0.35490 -0.11463 -0.10077 -0.00937 -0.00825 0.65341 0.64510 
 0.49905 0.34699 0.35459 -0.11486 -0.10097 -0.00935 -0.00823 0.65377 0.64541 
 0.50005 0.34664 0.35428 -0.11510 -0.10117 -0.00932 -0.00820 0.65413 0.64572 
 0.50105 0.34628 0.35397 -0.11534 -0.10137 -0.00930 -0.00817 0.65451 0.64603 
 0.50205 0.34594 0.35366 -0.11559 -0.10157 -0.00927 -0.00814 0.65487 0.64634 
 0.50305 0.34557 0.35335 -0.11583 -0.10176 -0.00926 -0.00812 0.65524 0.64665 
 0.50405 0.34523 0.35305 -0.11607 -0.10196 -0.00923 -0.00809 0.65560 0.64695 
 0.50505 0.34488 0.35274 -0.11630 -0.10215 -0.00921 -0.00807 0.65596 0.64726 
 0.50605 0.34454 0.35244 -0.11654 -0.10235 -0.00918 -0.00804 0.65632 0.64756 
 0.50705 0.34418 0.35214 -0.11678 -0.10254 -0.00917 -0.00801 0.65668 0.64786 
 0.50805 0.34385 0.35184 -0.11701 -0.10274 -0.00914 -0.00799 0.65704 0.64816 
 0.50905 0.34350 0.35154 -0.11724 -0.10293 -0.00912 -0.00796 0.65740 0.64846 
 0.51005 0.34317 0.35124 -0.11747 -0.10312 -0.00910 -0.00794 0.65776 0.64876 
 0.51105 0.34282 0.35094 -0.11769 -0.10331 -0.00907 -0.00791 0.65813 0.64906 
 0.51205 0.34250 0.35064 -0.11792 -0.10350 -0.00905 -0.00788 0.65848 0.64936 
 0.51305 0.34215 0.35035 -0.11814 -0.10369 -0.00903 -0.00786 0.65883 0.64965 
 0.51405 0.34182 0.35005 -0.11837 -0.10388 -0.00900 -0.00783 0.65918 0.64995 
 0.51505 0.34147 0.34975 -0.11860 -0.10407 -0.00899 -0.00781 0.65953 0.65024 
 0.51605 0.34115 0.34946 -0.11882 -0.10426 -0.00896 -0.00778 0.65987 0.65054 
 0.51705 0.34081 0.34917 -0.11904 -0.10444 -0.00893 -0.00776 0.66022 0.65083 
 0.51805 0.34048 0.34888 -0.11926 -0.10463 -0.00890 -0.00773 0.66057 0.65112 
 0.51905 0.34013 0.34858 -0.11948 -0.10482 -0.00889 -0.00771 0.66092 0.65141 
 0.52005 0.33981 0.34830 -0.11970 -0.10500 -0.00887 -0.00768 0.66127 0.65170 
 0.52105 0.33946 0.34801 -0.11992 -0.10518 -0.00885 -0.00766 0.66160 0.65199 
 0.52205 0.33913 0.34772 -0.12013 -0.10537 -0.00883 -0.00763 0.66194 0.65228 
 0.52305 0.33879 0.34743 -0.12035 -0.10555 -0.00881 -0.00761 0.66228 0.65257 
 0.52405 0.33848 0.34714 -0.12057 -0.10573 -0.00878 -0.00758 0.66262 0.65285 
 0.52505 0.33814 0.34686 -0.12078 -0.10591 -0.00877 -0.00756 0.66296 0.65314 
 0.52605 0.33784 0.34658 -0.12099 -0.10609 -0.00874 -0.00753 0.66331 0.65342 
 0.52705 0.33750 0.34629 -0.12120 -0.10627 -0.00873 -0.00751 0.66365 0.65371 
 0.52805 0.33718 0.34601 -0.12141 -0.10645 -0.00870 -0.00748 0.66399 0.65399 
 0.52905 0.33683 0.34573 -0.12162 -0.10663 -0.00869 -0.00746 0.66432 0.65427 
 0.53005 0.33651 0.34545 -0.12182 -0.10681 -0.00866 -0.00744 0.66464 0.65455 
 0.53105 0.33618 0.34517 -0.12202 -0.10698 -0.00864 -0.00741 0.66497 0.65483 
 0.53205 0.33587 0.34489 -0.12222 -0.10716 -0.00860 -0.00739 0.66530 0.65511 
 0.53305 0.33554 0.34461 -0.12242 -0.10733 -0.00858 -0.00736 0.66563 0.65539 
 0.53405 0.33522 0.34434 -0.12263 -0.10751 -0.00856 -0.00734 0.66595 0.65567 
 0.53505 0.33488 0.34406 -0.12283 -0.10769 -0.00854 -0.00731 0.66628 0.65594 
 0.53605 0.33457 0.34378 -0.12304 -0.10786 -0.00852 -0.00729 0.66660 0.65622 
 0.53705 0.33423 0.34351 -0.12324 -0.10803 -0.00850 -0.00726 0.66693 0.65649 
 0.53805 0.33392 0.34324 -0.12344 -0.10820 -0.00848 -0.00724 0.66725 0.65676 
 0.53905 0.33359 0.34297 -0.12364 -0.10838 -0.00846 -0.00721 0.66757 0.65704 
 0.54005 0.33328 0.34269 -0.12384 -0.10855 -0.00844 -0.00719 0.66790 0.65731 
 0.54105 0.33295 0.34242 -0.12404 -0.10872 -0.00842 -0.00716 0.66822 0.65758 
 0.54205 0.33265 0.34215 -0.12425 -0.10889 -0.00840 -0.00714 0.66854 0.65785 
 0.54305 0.33232 0.34188 -0.12445 -0.10906 -0.00838 -0.00711 0.66884 0.65812 
 0.54405 0.33201 0.34162 -0.12465 -0.10923 -0.00835 -0.00709 0.66916 0.65838 
 0.54505 0.33169 0.34135 -0.12486 -0.10940 -0.00834 -0.00706 0.66947 0.65865 
 0.54605 0.33139 0.34109 -0.12506 -0.10956 -0.00831 -0.00704 0.66978 0.65892 
 0.54705 0.33106 0.34082 -0.12526 -0.10973 -0.00829 -0.00701 0.67010 0.65918 
 0.54805 0.33076 0.34056 -0.12546 -0.10990 -0.00826 -0.00699 0.67041 0.65944 
 0.54905 0.33044 0.34029 -0.12567 -0.11006 -0.00824 -0.00697 0.67073 0.65971 
 0.55006 0.33014 0.34003 -0.12587 -0.11023 -0.00822 -0.00694 0.67104 0.65997 
 0.55106 0.32981 0.33977 -0.12607 -0.11039 -0.00820 -0.00692 0.67135 0.66023 
 0.55206 0.32951 0.33951 -0.12626 -0.11056 -0.00817 -0.00689 0.67165 0.66049 
 0.55306 0.32918 0.33925 -0.12645 -0.11072 -0.00815 -0.00687 0.67196 0.66075 
 0.55406 0.32888 0.33899 -0.12665 -0.11088 -0.00813 -0.00684 0.67227 0.66101 
 0.55506 0.32857 0.33874 -0.12685 -0.11105 -0.00810 -0.00682 0.67258 0.66126 
 0.55606 0.32828 0.33848 -0.12706 -0.11121 -0.00808 -0.00679 0.67289 0.66152 
 0.55706 0.32797 0.33822 -0.12727 -0.11137 -0.00806 -0.00677 0.67320 0.66178 
 0.55806 0.32767 0.33797 -0.12748 -0.11153 -0.00804 -0.00674 0.67350 0.66203 
 0.55906 0.32736 0.33772 -0.12768 -0.11169 -0.00802 -0.00672 0.67380 0.66228 
 0.56006 0.32706 0.33746 -0.12788 -0.11185 -0.00800 -0.00670 0.67410 0.66254 
 0.56106 0.32674 0.33721 -0.12808 -0.11201 -0.00798 -0.00667 0.67441 0.66279 
 0.56206 0.32645 0.33696 -0.12828 -0.11217 -0.00796 -0.00665 0.67471 0.66304 
 0.56306 0.32613 0.33671 -0.12848 -0.11232 -0.00794 -0.00662 0.67502 0.66329 
 0.56406 0.32585 0.33646 -0.12869 -0.11248 -0.00792 -0.00660 0.67532 0.66354 
 0.56506 0.32554 0.33621 -0.12889 -0.11264 -0.00790 -0.00658 0.67562 0.66379 
 0.56606 0.32525 0.33597 -0.12910 -0.11279 -0.00787 -0.00655 0.67592 0.66403 
 0.56706 0.32494 0.33572 -0.12930 -0.11295 -0.00785 -0.00653 0.67622 0.66428 
 0.56806 0.32465 0.33548 -0.12950 -0.11310 -0.00783 -0.00650 0.67652 0.66453 
 0.56906 0.32434 0.33523 -0.12970 -0.11326 -0.00781 -0.00648 0.67682 0.66477 
 0.57006 0.32406 0.33499 -0.12991 -0.11341 -0.00778 -0.00646 0.67711 0.66501 
 0.57106 0.32375 0.33474 -0.13011 -0.11356 -0.00776 -0.00643 0.67741 0.66526 
 0.57206 0.32348 0.33450 -0.13032 -0.11372 -0.00773 -0.00641 0.67771 0.66550 
 0.57306 0.32317 0.33426 -0.13053 -0.11387 -0.00771 -0.00638 0.67801 0.66574 
 0.57406 0.32289 0.33402 -0.13073 -0.11402 -0.00769 -0.00636 0.67830 0.66598 
 0.57506 0.32259 0.33378 -0.13094 -0.11417 -0.00767 -0.00634 0.67860 0.66622 
 0.57606 0.32231 0.33354 -0.13114 -0.11432 -0.00765 -0.00631 0.67889 0.66646 
 0.57706 0.32201 0.33331 -0.13134 -0.11447 -0.00763 -0.00629 0.67918 0.66669 
 0.57806 0.32173 0.33307 -0.13154 -0.11462 -0.00760 -0.00627 0.67947 0.66693 
 0.57906 0.32144 0.33283 -0.13174 -0.11477 -0.00758 -0.00624 0.67976 0.66717 
 0.58006 0.32117 0.33260 -0.13194 -0.11492 -0.00755 -0.00622 0.68005 0.66740 
 0.58106 0.32087 0.33237 -0.13214 -0.11507 -0.00752 -0.00620 0.68033 0.66763 
 0.58206 0.32059 0.33213 -0.13234 -0.11522 -0.00750 -0.00618 0.68061 0.66787 
 0.58306 0.32029 0.33190 -0.13253 -0.11536 -0.00747 -0.00615 0.68090 0.66810 
 0.58406 0.32002 0.33167 -0.13273 -0.11551 -0.00745 -0.00613 0.68117 0.66833 
 0.58506 0.31972 0.33144 -0.13292 -0.11565 -0.00742 -0.00611 0.68145 0.66856 
 0.58606 0.31946 0.33121 -0.13312 -0.11580 -0.00739 -0.00609 0.68173 0.66879 
 0.58706 0.31917 0.33098 -0.13332 -0.11595 -0.00736 -0.00606 0.68201 0.66902 
 0.58806 0.31890 0.33075 -0.13352 -0.11609 -0.00733 -0.00604 0.68229 0.66925 
 0.58906 0.31861 0.33052 -0.13371 -0.11623 -0.00730 -0.00602 0.68256 0.66948 
 0.59006 0.31834 0.33030 -0.13391 -0.11638 -0.00727 -0.00600 0.68283 0.66970 
 0.59106 0.31805 0.33007 -0.13410 -0.11652 -0.00725 -0.00597 0.68310 0.66993 
 0.59206 0.31779 0.32985 -0.13430 -0.11666 -0.00722 -0.00595 0.68338 0.67015 
 0.59306 0.31750 0.32962 -0.13449 -0.11680 -0.00720 -0.00593 0.68365 0.67038 
 0.59406 0.31724 0.32940 -0.13468 -0.11694 -0.00717 -0.00591 0.68392 0.67060 
 0.59506 0.31697 0.32918 -0.13487 -0.11708 -0.00714 -0.00589 0.68419 0.67082 
 0.59606 0.31671 0.32896 -0.13506 -0.11722 -0.00711 -0.00587 0.68446 0.67104 
 0.59706 0.31643 0.32874 -0.13525 -0.11736 -0.00708 -0.00584 0.68472 0.67126 
 0.59806 0.31617 0.32852 -0.13544 -0.11750 -0.00705 -0.00582 0.68498 0.67148 
 0.59906 0.31589 0.32830 -0.13563 -0.11764 -0.00702 -0.00580 0.68524 0.67170 
 0.60006 0.31564 0.32808 -0.13582 -0.11778 -0.00699 -0.00578 0.68550 0.67192 
 0.60106 0.31536 0.32786 -0.13600 -0.11792 -0.00697 -0.00576 0.68577 0.67214 
 0.60206 0.31511 0.32765 -0.13619 -0.11805 -0.00694 -0.00574 0.68603 0.67236 
 0.60306 0.31484 0.32743 -0.13637 -0.11819 -0.00691 -0.00572 0.68629 0.67257 
 0.60406 0.31459 0.32721 -0.13656 -0.11832 -0.00688 -0.00570 0.68654 0.67279 
 0.60506 0.31432 0.32700 -0.13674 -0.11846 -0.00685 -0.00568 0.68680 0.67300 
 0.60606 0.31407 0.32679 -0.13692 -0.11859 -0.00682 -0.00566 0.68705 0.67321 
 0.60706 0.31380 0.32657 -0.13711 -0.11873 -0.00680 -0.00564 0.68729 0.67343 
 0.60806 0.31355 0.32636 -0.13729 -0.11886 -0.00677 -0.00562 0.68754 0.67364 
 0.60906 0.31328 0.32615 -0.13746 -0.11900 -0.00674 -0.00560 0.68780 0.67385 
 0.61006 0.31304 0.32594 -0.13765 -0.11913 -0.00671 -0.00558 0.68804 0.67406 
 0.61106 0.31278 0.32573 -0.13782 -0.11926 -0.00668 -0.00556 0.68829 0.67427 
 0.61206 0.31253 0.32552 -0.13800 -0.11939 -0.00665 -0.00554 0.68854 0.67448 
 0.61306 0.31227 0.32531 -0.13818 -0.11952 -0.00663 -0.00552 0.68878 0.67469 
 0.61406 0.31203 0.32511 -0.13835 -0.11965 -0.00660 -0.00550 0.68903 0.67489 
 0.61506 0.31176 0.32490 -0.13853 -0.11979 -0.00657 -0.00548 0.68927 0.67510 
 0.61606 0.31152 0.32469 -0.13870 -0.11991 -0.00654 -0.00546 0.68950 0.67531 
 0.61706 0.31127 0.32449 -0.13887 -0.12004 -0.00651 -0.00544 0.68974 0.67551 
 0.61806 0.31103 0.32428 -0.13905 -0.12017 -0.00648 -0.00542 0.68998 0.67572 
 0.61906 0.31078 0.32408 -0.13922 -0.12030 -0.00646 -0.00540 0.69022 0.67592 
 0.62006 0.31054 0.32388 -0.13939 -0.12043 -0.00643 -0.00538 0.69046 0.67612 
 0.62106 0.31029 0.32367 -0.13956 -0.12056 -0.00641 -0.00536 0.69070 0.67633 
 0.62206 0.31005 0.32347 -0.13973 -0.12069 -0.00637 -0.00534 0.69093 0.67653 
 0.62306 0.30980 0.32327 -0.13990 -0.12081 -0.00635 -0.00532 0.69116 0.67673 
 0.62406 0.30957 0.32307 -0.14006 -0.12094 -0.00632 -0.00531 0.69139 0.67693 
 0.62506 0.30932 0.32287 -0.14023 -0.12106 -0.00629 -0.00529 0.69163 0.67713 
 0.62606 0.30910 0.32267 -0.14039 -0.12119 -0.00626 -0.00527 0.69186 0.67733 
 0.62706 0.30885 0.32248 -0.14055 -0.12131 -0.00624 -0.00525 0.69209 0.67753 
 0.62806 0.30863 0.32228 -0.14071 -0.12144 -0.00621 -0.00523 0.69232 0.67772 
 0.62906 0.30838 0.32208 -0.14087 -0.12156 -0.00619 -0.00521 0.69255 0.67792 
 0.63006 0.30816 0.32188 -0.14104 -0.12168 -0.00616 -0.00519 0.69277 0.67812 
 0.63106 0.30791 0.32169 -0.14119 -0.12181 -0.00614 -0.00518 0.69300 0.67831 
 0.63206 0.30769 0.32149 -0.14135 -0.12193 -0.00612 -0.00516 0.69322 0.67851 
 0.63306 0.30745 0.32130 -0.14150 -0.12205 -0.00609 -0.00514 0.69344 0.67870 
 0.63406 0.30723 0.32111 -0.14166 -0.12217 -0.00607 -0.00512 0.69367 0.67889 
 0.63506 0.30699 0.32092 -0.14181 -0.12229 -0.00604 -0.00510 0.69389 0.67909 
 0.63606 0.30678 0.32072 -0.14197 -0.12241 -0.00602 -0.00509 0.69411 0.67928 
 0.63706 0.30654 0.32053 -0.14212 -0.12253 -0.00600 -0.00507 0.69433 0.67947 
 0.63806 0.30632 0.32034 -0.14227 -0.12265 -0.00598 -0.00505 0.69454 0.67966 
 0.63906 0.30608 0.32015 -0.14241 -0.12277 -0.00596 -0.00503 0.69476 0.67985 
 0.64006 0.30587 0.31996 -0.14256 -0.12289 -0.00593 -0.00501 0.69498 0.68004 
 0.64106 0.30564 0.31977 -0.14271 -0.12301 -0.00592 -0.00500 0.69520 0.68023 
 0.64206 0.30542 0.31959 -0.14286 -0.12313 -0.00589 -0.00498 0.69542 0.68041 
 0.64306 0.30519 0.31940 -0.14300 -0.12324 -0.00588 -0.00496 0.69564 0.68060 
 0.64406 0.30497 0.31921 -0.14315 -0.12336 -0.00586 -0.00494 0.69585 0.68079 
 0.64506 0.30474 0.31903 -0.14328 -0.12348 -0.00584 -0.00493 0.69607 0.68097 
 0.64606 0.30452 0.31884 -0.14343 -0.12359 -0.00582 -0.00491 0.69628 0.68116 
 0.64706 0.30429 0.31866 -0.14357 -0.12371 -0.00581 -0.00489 0.69649 0.68134 
 0.64806 0.30408 0.31847 -0.14371 -0.12383 -0.00579 -0.00488 0.69671 0.68153 
 0.64906 0.30385 0.31829 -0.14384 -0.12394 -0.00577 -0.00486 0.69692 0.68171 
 0.65007 0.30364 0.31811 -0.14398 -0.12405 -0.00575 -0.00484 0.69714 0.68189 
 0.65107 0.30341 0.31792 -0.14412 -0.12417 -0.00574 -0.00482 0.69735 0.68208 
 0.65207 0.30320 0.31774 -0.14425 -0.12428 -0.00572 -0.00481 0.69756 0.68226 
 0.65307 0.30297 0.31756 -0.14439 -0.12440 -0.00571 -0.00479 0.69777 0.68244 
 0.65407 0.30276 0.31738 -0.14452 -0.12451 -0.00569 -0.00477 0.69798 0.68262 
 0.65507 0.30253 0.31720 -0.14465 -0.12462 -0.00568 -0.00476 0.69819 0.68280 
 0.65607 0.30232 0.31702 -0.14478 -0.12473 -0.00566 -0.00474 0.69840 0.68298 
 0.65707 0.30210 0.31684 -0.14491 -0.12484 -0.00565 -0.00472 0.69861 0.68316 
 0.65807 0.30189 0.31667 -0.14504 -0.12496 -0.00563 -0.00471 0.69882 0.68333 
 0.65907 0.30167 0.31649 -0.14516 -0.12507 -0.00562 -0.00469 0.69902 0.68351 
 0.66007 0.30146 0.31631 -0.14529 -0.12518 -0.00560 -0.00467 0.69923 0.68369 
 0.66107 0.30124 0.31614 -0.14542 -0.12529 -0.00559 -0.00466 0.69944 0.68386 
 0.66207 0.30103 0.31596 -0.14555 -0.12540 -0.00558 -0.00464 0.69965 0.68404 
 0.66307 0.30081 0.31579 -0.14568 -0.12551 -0.00557 -0.00462 0.69985 0.68421 
 0.66407 0.30060 0.31561 -0.14581 -0.12561 -0.00555 -0.00461 0.70006 0.68439 
 0.66507 0.30038 0.31544 -0.14593 -0.12572 -0.00555 -0.00459 0.70027 0.68456 
 0.66607 0.30018 0.31527 -0.14606 -0.12583 -0.00553 -0.00458 0.70047 0.68473 
 0.66707 0.29996 0.31510 -0.14619 -0.12594 -0.00552 -0.00456 0.70068 0.68490 
 0.66807 0.29976 0.31493 -0.14632 -0.12604 -0.00551 -0.00454 0.70088 0.68507 
 0.66907 0.29954 0.31475 -0.14644 -0.12615 -0.00550 -0.00453 0.70108 0.68525 
 0.67007 0.29934 0.31458 -0.14657 -0.12626 -0.00549 -0.00451 0.70129 0.68542 
 0.67107 0.29913 0.31441 -0.14669 -0.12636 -0.00548 -0.00450 0.70149 0.68559 
 0.67207 0.29893 0.31424 -0.14682 -0.12647 -0.00547 -0.00448 0.70170 0.68576 
 0.67307 0.29871 0.31408 -0.14694 -0.12657 -0.00546 -0.00446 0.70190 0.68592 
 0.67407 0.29851 0.31391 -0.14706 -0.12668 -0.00545 -0.00445 0.70210 0.68609 
 0.67507 0.29830 0.31374 -0.14719 -0.12678 -0.00544 -0.00443 0.70231 0.68626 
 0.67607 0.29810 0.31357 -0.14731 -0.12689 -0.00543 -0.00442 0.70251 0.68643 
 0.67707 0.29788 0.31341 -0.14743 -0.12699 -0.00543 -0.00440 0.70271 0.68659 
 0.67807 0.29768 0.31324 -0.14756 -0.12710 -0.00541 -0.00438 0.70292 0.68676 
 0.67907 0.29747 0.31308 -0.14768 -0.12720 -0.00541 -0.00437 0.70312 0.68692 
 0.68007 0.29727 0.31291 -0.14780 -0.12730 -0.00539 -0.00435 0.70332 0.68709 
 0.68107 0.29706 0.31275 -0.14792 -0.12740 -0.00539 -0.00434 0.70352 0.68725 
 0.68207 0.29686 0.31259 -0.14805 -0.12751 -0.00537 -0.00432 0.70373 0.68741 
 0.68307 0.29665 0.31242 -0.14817 -0.12761 -0.00537 -0.00431 0.70393 0.68758 
 0.68407 0.29645 0.31226 -0.14830 -0.12771 -0.00536 -0.00429 0.70413 0.68774 
 0.68507 0.29624 0.31210 -0.14842 -0.12781 -0.00535 -0.00428 0.70433 0.68790 
 0.68607 0.29605 0.31194 -0.14854 -0.12791 -0.00534 -0.00426 0.70453 0.68806 
 0.68707 0.29584 0.31178 -0.14866 -0.12801 -0.00533 -0.00425 0.70473 0.68822 
 0.68807 0.29564 0.31162 -0.14878 -0.12811 -0.00532 -0.00423 0.70493 0.68838 
 0.68907 0.29543 0.31146 -0.14890 -0.12821 -0.00531 -0.00422 0.70513 0.68854 
 0.69007 0.29524 0.31130 -0.14903 -0.12831 -0.00530 -0.00420 0.70533 0.68870 
 0.69107 0.29503 0.31115 -0.14915 -0.12840 -0.00529 -0.00419 0.70553 0.68885 
 0.69207 0.29483 0.31099 -0.14927 -0.12850 -0.00528 -0.00417 0.70573 0.68901 
 0.69307 0.29463 0.31083 -0.14939 -0.12860 -0.00527 -0.00416 0.70593 0.68917 
 0.69407 0.29443 0.31067 -0.14951 -0.12870 -0.00526 -0.00414 0.70612 0.68933 
 0.69507 0.29422 0.31052 -0.14963 -0.12880 -0.00525 -0.00413 0.70632 0.68948 
 0.69607 0.29403 0.31036 -0.14975 -0.12889 -0.00524 -0.00411 0.70652 0.68964 
 0.69707 0.29383 0.31021 -0.14987 -0.12899 -0.00523 -0.00410 0.70672 0.68979 
 0.69807 0.29363 0.31006 -0.15000 -0.12909 -0.00521 -0.00408 0.70692 0.68995 
 0.69907 0.29343 0.30990 -0.15012 -0.12918 -0.00521 -0.00407 0.70711 0.69010 
 0.70007 0.29324 0.30975 -0.15024 -0.12928 -0.00519 -0.00405 0.70731 0.69025 
 0.70107 0.29303 0.30960 -0.15036 -0.12937 -0.00518 -0.00404 0.70750 0.69040 
 0.70207 0.29284 0.30944 -0.15048 -0.12947 -0.00517 -0.00402 0.70770 0.69056 
 0.70307 0.29264 0.30929 -0.15060 -0.12956 -0.00516 -0.00401 0.70789 0.69071 
 0.70407 0.29245 0.30914 -0.15073 -0.12965 -0.00514 -0.00399 0.70809 0.69086 
 0.70507 0.29225 0.30899 -0.15085 -0.12975 -0.00513 -0.00398 0.70828 0.69101 
 0.70607 0.29206 0.30884 -0.15097 -0.12984 -0.00511 -0.00397 0.70847 0.69116 
 0.70707 0.29186 0.30869 -0.15109 -0.12993 -0.00510 -0.00395 0.70867 0.69131 
 0.70807 0.29168 0.30855 -0.15121 -0.13003 -0.00508 -0.00394 0.70886 0.69146 
 0.70907 0.29148 0.30840 -0.15133 -0.13012 -0.00507 -0.00392 0.70905 0.69160 
 0.71007 0.29129 0.30825 -0.15146 -0.13021 -0.00505 -0.00391 0.70924 0.69175 
 0.71107 0.29109 0.30810 -0.15158 -0.13030 -0.00504 -0.00389 0.70943 0.69190 
 0.71207 0.29091 0.30796 -0.15170 -0.13039 -0.00502 -0.00388 0.70962 0.69204 
 0.71307 0.29071 0.30781 -0.15182 -0.13048 -0.00501 -0.00387 0.70981 0.69219 
 0.71407 0.29053 0.30766 -0.15195 -0.13057 -0.00499 -0.00385 0.71000 0.69234 
 0.71507 0.29033 0.30752 -0.15206 -0.13067 -0.00497 -0.00384 0.71019 0.69248 
 0.71607 0.29015 0.30738 -0.15219 -0.13076 -0.00496 -0.00382 0.71037 0.69263 
 0.71707 0.28995 0.30723 -0.15231 -0.13084 -0.00494 -0.00381 0.71056 0.69277 
 0.71807 0.28977 0.30709 -0.15243 -0.13093 -0.00492 -0.00380 0.71075 0.69291 
 0.71907 0.28958 0.30695 -0.15255 -0.13102 -0.00490 -0.00378 0.71093 0.69305 
 0.72007 0.28940 0.30680 -0.15267 -0.13111 -0.00488 -0.00377 0.71112 0.69320 
 0.72107 0.28921 0.30666 -0.15279 -0.13120 -0.00487 -0.00376 0.71130 0.69334 
 0.72207 0.28903 0.30652 -0.15291 -0.13129 -0.00485 -0.00374 0.71149 0.69348 
 0.72307 0.28884 0.30638 -0.15303 -0.13138 -0.00483 -0.00373 0.71167 0.69362 
 0.72407 0.28866 0.30624 -0.15315 -0.13146 -0.00481 -0.00372 0.71185 0.69376 
 0.72507 0.28847 0.30610 -0.15327 -0.13155 -0.00479 -0.00370 0.71203 0.69390 
 0.72607 0.28830 0.30596 -0.15339 -0.13164 -0.00477 -0.00369 0.71221 0.69404 
 0.72707 0.28811 0.30582 -0.15351 -0.13172 -0.00475 -0.00368 0.71239 0.69418 
 0.72807 0.28794 0.30568 -0.15363 -0.13181 -0.00473 -0.00366 0.71257 0.69432 
 0.72907 0.28775 0.30555 -0.15375 -0.13190 -0.00471 -0.00365 0.71275 0.69446 
 0.73007 0.28758 0.30541 -0.15387 -0.13198 -0.00469 -0.00364 0.71293 0.69459 
 0.73107 0.28740 0.30527 -0.15399 -0.13207 -0.00467 -0.00362 0.71310 0.69473 
 0.73207 0.28723 0.30513 -0.15411 -0.13215 -0.00465 -0.00361 0.71328 0.69486 
 0.73307 0.28704 0.30500 -0.15423 -0.13224 -0.00463 -0.00360 0.71346 0.69500 
 0.73407 0.28687 0.30486 -0.15435 -0.13232 -0.00460 -0.00359 0.71363 0.69514 
 0.73507 0.28670 0.30473 -0.15447 -0.13240 -0.00458 -0.00357 0.71381 0.69527 
 0.73607 0.28653 0.30459 -0.15459 -0.13249 -0.00456 -0.00356 0.71398 0.69541 
 0.73707 0.28635 0.30446 -0.15471 -0.13257 -0.00454 -0.00355 0.71415 0.69554 
 0.73807 0.28618 0.30433 -0.15483 -0.13265 -0.00451 -0.00353 0.71432 0.69567 
 0.73907 0.28600 0.30419 -0.15494 -0.13274 -0.00449 -0.00352 0.71449 0.69581 
 0.74007 0.28584 0.30406 -0.15506 -0.13282 -0.00447 -0.00351 0.71466 0.69594 
 0.74107 0.28567 0.30393 -0.15518 -0.13290 -0.00445 -0.00350 0.71483 0.69607 
 0.74207 0.28550 0.30380 -0.15530 -0.13298 -0.00443 -0.00348 0.71500 0.69620 
 0.74307 0.28533 0.30367 -0.15542 -0.13306 -0.00441 -0.00347 0.71517 0.69633 
 0.74407 0.28517 0.30354 -0.15554 -0.13315 -0.00438 -0.00346 0.71534 0.69646 
 0.74507 0.28500 0.30341 -0.15565 -0.13323 -0.00436 -0.00345 0.71550 0.69659 
 0.74607 0.28483 0.30328 -0.15577 -0.13331 -0.00434 -0.00343 0.71567 0.69672 
 0.74707 0.28467 0.30315 -0.15589 -0.13339 -0.00432 -0.00342 0.71583 0.69685 
 0.74807 0.28451 0.30302 -0.15600 -0.13347 -0.00430 -0.00341 0.71600 0.69698 
 0.74907 0.28434 0.30289 -0.15612 -0.13355 -0.00428 -0.00340 0.71616 0.69711 
 0.75008 0.28418 0.30276 -0.15624 -0.13363 -0.00425 -0.00339 0.71632 0.69724 
 0.75108 0.28402 0.30264 -0.15635 -0.13371 -0.00423 -0.00337 0.71648 0.69736 
 0.75208 0.28386 0.30251 -0.15647 -0.13379 -0.00421 -0.00336 0.71664 0.69749 
 0.75308 0.28370 0.30238 -0.15658 -0.13386 -0.00419 -0.00335 0.71680 0.69762 
 0.75408 0.28354 0.30226 -0.15670 -0.13394 -0.00417 -0.00334 0.71696 0.69774 
 0.75508 0.28338 0.30213 -0.15681 -0.13402 -0.00415 -0.00333 0.71712 0.69787 
 0.75608 0.28323 0.30201 -0.15693 -0.13410 -0.00413 -0.00331 0.71728 0.69799 
 0.75708 0.28307 0.30188 -0.15704 -0.13418 -0.00411 -0.00330 0.71743 0.69812 
 0.75808 0.28292 0.30176 -0.15715 -0.13425 -0.00409 -0.00329 0.71759 0.69824 
 0.75908 0.28276 0.30163 -0.15727 -0.13433 -0.00407 -0.00328 0.71774 0.69837 
 0.76008 0.28260 0.30151 -0.15738 -0.13441 -0.00405 -0.00327 0.71790 0.69849 
 0.76108 0.28245 0.30139 -0.15749 -0.13448 -0.00404 -0.00325 0.71805 0.69861 
 0.76208 0.28230 0.30127 -0.15760 -0.13456 -0.00401 -0.00324 0.71820 0.69873 
 0.76308 0.28214 0.30114 -0.15771 -0.13464 -0.00400 -0.00323 0.71836 0.69886 
 0.76408 0.28199 0.30102 -0.15782 -0.13471 -0.00398 -0.00322 0.71851 0.69898 
 0.76508 0.28184 0.30090 -0.15793 -0.13479 -0.00396 -0.00321 0.71866 0.69910 
 0.76608 0.28169 0.30078 -0.15804 -0.13486 -0.00394 -0.00320 0.71881 0.69922 
 0.76708 0.28154 0.30066 -0.15815 -0.13493 -0.00392 -0.00319 0.71896 0.69934 
 0.76808 0.28139 0.30054 -0.15826 -0.13501 -0.00391 -0.00317 0.71911 0.69946 
 0.76908 0.28124 0.30042 -0.15837 -0.13508 -0.00389 -0.00316 0.71925 0.69958 
 0.77008 0.28110 0.30030 -0.15847 -0.13516 -0.00387 -0.00315 0.71940 0.69970 
 0.77108 0.28095 0.30018 -0.15858 -0.13523 -0.00386 -0.00314 0.71955 0.69982 
 0.77208 0.28080 0.30007 -0.15869 -0.13531 -0.00384 -0.00313 0.71969 0.69993 
 0.77308 0.28065 0.29995 -0.15879 -0.13538 -0.00383 -0.00312 0.71984 0.70005 
 0.77408 0.28051 0.29983 -0.15890 -0.13545 -0.00381 -0.00311 0.71999 0.70017 
 0.77508 0.28037 0.29971 -0.15900 -0.13552 -0.00380 -0.00310 0.72013 0.70029 
 0.77608 0.28023 0.29960 -0.15910 -0.13560 -0.00378 -0.00308 0.72028 0.70040 
 0.77708 0.28008 0.29948 -0.15921 -0.13567 -0.00377 -0.00307 0.72042 0.70052 
 0.77808 0.27994 0.29937 -0.15931 -0.13574 -0.00375 -0.00306 0.72056 0.70063 
 0.77908 0.27979 0.29925 -0.15941 -0.13581 -0.00374 -0.00305 0.72070 0.70075 
 0.78008 0.27966 0.29914 -0.15952 -0.13588 -0.00373 -0.00304 0.72085 0.70086 
 0.78108 0.27951 0.29902 -0.15962 -0.13595 -0.00372 -0.00303 0.72099 0.70098 
 0.78208 0.27938 0.29891 -0.15972 -0.13602 -0.00370 -0.00302 0.72113 0.70109 
 0.78308 0.27923 0.29879 -0.15982 -0.13609 -0.00369 -0.00301 0.72127 0.70121 
 0.78408 0.27910 0.29868 -0.15992 -0.13616 -0.00368 -0.00300 0.72141 0.70132 
 0.78508 0.27895 0.29857 -0.16002 -0.13623 -0.00367 -0.00299 0.72155 0.70143 
 0.78608 0.27882 0.29846 -0.16012 -0.13630 -0.00366 -0.00298 0.72169 0.70154 
 0.78708 0.27868 0.29834 -0.16022 -0.13637 -0.00365 -0.00297 0.72183 0.70166 
 0.78808 0.27854 0.29823 -0.16031 -0.13644 -0.00363 -0.00296 0.72197 0.70177 
 0.78908 0.27840 0.29812 -0.16041 -0.13651 -0.00362 -0.00294 0.72211 0.70188 
 0.79008 0.27827 0.29801 -0.16051 -0.13658 -0.00361 -0.00293 0.72225 0.70199 
 0.79108 0.27813 0.29790 -0.16061 -0.13665 -0.00360 -0.00292 0.72238 0.70210 
 0.79208 0.27800 0.29779 -0.16070 -0.13672 -0.00359 -0.00291 0.72252 0.70221 
 0.79308 0.27786 0.29768 -0.16080 -0.13678 -0.00359 -0.00290 0.72266 0.70232 
 0.79408 0.27773 0.29757 -0.16090 -0.13685 -0.00358 -0.00289 0.72279 0.70243 
 0.79508 0.27759 0.29746 -0.16099 -0.13692 -0.00357 -0.00288 0.72293 0.70254 
 0.79608 0.27746 0.29735 -0.16109 -0.13699 -0.00356 -0.00287 0.72307 0.70265 
 0.79708 0.27732 0.29725 -0.16118 -0.13705 -0.00355 -0.00286 0.72320 0.70275 
 0.79808 0.27719 0.29714 -0.16128 -0.13712 -0.00354 -0.00285 0.72334 0.70286 
 0.79908 0.27706 0.29703 -0.16137 -0.13719 -0.00353 -0.00284 0.72347 0.70297 
 0.80008 0.27693 0.29692 -0.16146 -0.13725 -0.00352 -0.00283 0.72361 0.70308 
 0.80108 0.27679 0.29682 -0.16156 -0.13732 -0.00352 -0.00282 0.72374 0.70318 
 0.80208 0.27666 0.29671 -0.16165 -0.13739 -0.00351 -0.00281 0.72388 0.70329 
 0.80308 0.27653 0.29661 -0.16174 -0.13745 -0.00350 -0.00280 0.72401 0.70339 
 0.80408 0.27640 0.29650 -0.16184 -0.13752 -0.00349 -0.00279 0.72415 0.70350 
 0.80508 0.27627 0.29640 -0.16193 -0.13758 -0.00349 -0.00278 0.72428 0.70360 
 0.80608 0.27614 0.29629 -0.16202 -0.13765 -0.00348 -0.00277 0.72441 0.70371 
 0.80708 0.27601 0.29619 -0.16211 -0.13771 -0.00347 -0.00276 0.72455 0.70381 
 0.80808 0.27588 0.29608 -0.16220 -0.13778 -0.00346 -0.00275 0.72468 0.70392 
 0.80908 0.27575 0.29598 -0.16229 -0.13784 -0.00346 -0.00274 0.72481 0.70402 
 0.81008 0.27562 0.29588 -0.16238 -0.13790 -0.00345 -0.00273 0.72495 0.70412 
 0.81108 0.27549 0.29577 -0.16247 -0.13797 -0.00344 -0.00272 0.72508 0.70423 
 0.81208 0.27536 0.29567 -0.16256 -0.13803 -0.00343 -0.00271 0.72521 0.70433 
 0.81308 0.27523 0.29557 -0.16265 -0.13809 -0.00342 -0.00270 0.72534 0.70443 
 0.81408 0.27511 0.29547 -0.16274 -0.13816 -0.00342 -0.00269 0.72548 0.70453 
 0.81508 0.27497 0.29537 -0.16283 -0.13822 -0.00341 -0.00268 0.72561 0.70463 
 0.81608 0.27485 0.29527 -0.16292 -0.13828 -0.00340 -0.00267 0.72574 0.70473 
 0.81708 0.27472 0.29517 -0.16300 -0.13834 -0.00339 -0.00266 0.72587 0.70483 
 0.81808 0.27460 0.29507 -0.16309 -0.13841 -0.00338 -0.00265 0.72600 0.70493 
 0.81908 0.27447 0.29497 -0.16318 -0.13847 -0.00338 -0.00264 0.72613 0.70503 
 0.82008 0.27435 0.29487 -0.16327 -0.13853 -0.00337 -0.00263 0.72626 0.70513 
 0.82108 0.27422 0.29477 -0.16336 -0.13859 -0.00336 -0.00263 0.72639 0.70523 
 0.82208 0.27409 0.29467 -0.16344 -0.13865 -0.00335 -0.00262 0.72652 0.70533 
 0.82308 0.27397 0.29457 -0.16353 -0.13871 -0.00334 -0.00261 0.72665 0.70543 
 0.82408 0.27384 0.29447 -0.16362 -0.13877 -0.00333 -0.00260 0.72678 0.70553 
 0.82508 0.27372 0.29437 -0.16371 -0.13883 -0.00332 -0.00259 0.72690 0.70562 
 0.82608 0.27360 0.29428 -0.16379 -0.13889 -0.00331 -0.00258 0.72703 0.70572 
 0.82708 0.27347 0.29418 -0.16388 -0.13895 -0.00331 -0.00257 0.72716 0.70582 
 0.82808 0.27335 0.29408 -0.16397 -0.13901 -0.00330 -0.00256 0.72729 0.70592 
 0.82908 0.27322 0.29399 -0.16405 -0.13907 -0.00329 -0.00255 0.72742 0.70601 
 0.83008 0.27310 0.29389 -0.16414 -0.13913 -0.00328 -0.00254 0.72754 0.70611 
 0.83108 0.27298 0.29380 -0.16422 -0.13919 -0.00327 -0.00253 0.72767 0.70620 
 0.83208 0.27286 0.29370 -0.16431 -0.13925 -0.00325 -0.00252 0.72780 0.70630 
 0.83308 0.27274 0.29361 -0.16440 -0.13931 -0.00325 -0.00251 0.72792 0.70639 
 0.83408 0.27262 0.29351 -0.16448 -0.13937 -0.00323 -0.00251 0.72805 0.70649 
 0.83508 0.27249 0.29342 -0.16457 -0.13943 -0.00322 -0.00250 0.72817 0.70658 
 0.83608 0.27238 0.29332 -0.16466 -0.13948 -0.00321 -0.00249 0.72830 0.70668 
 0.83708 0.27226 0.29323 -0.16474 -0.13954 -0.00320 -0.00248 0.72842 0.70677 
 0.83808 0.27214 0.29314 -0.16483 -0.13960 -0.00319 -0.00247 0.72854 0.70686 
 0.83908 0.27202 0.29304 -0.16491 -0.13966 -0.00318 -0.00246 0.72867 0.70696 
 0.84008 0.27190 0.29295 -0.16500 -0.13972 -0.00316 -0.00245 0.72879 0.70705 
 0.84108 0.27178 0.29286 -0.16509 -0.13977 -0.00315 -0.00244 0.72891 0.70714 
 0.84208 0.27167 0.29277 -0.16517 -0.13983 -0.00314 -0.00243 0.72904 0.70723 
 0.84308 0.27155 0.29268 -0.16526 -0.13989 -0.00313 -0.00243 0.72916 0.70732 
 0.84408 0.27143 0.29258 -0.16534 -0.13994 -0.00311 -0.00242 0.72928 0.70742 
 0.84508 0.27132 0.29249 -0.16543 -0.14000 -0.00310 -0.00241 0.72940 0.70751 
 0.84608 0.27120 0.29240 -0.16552 -0.14006 -0.00309 -0.00240 0.72952 0.70760 
 0.84708 0.27108 0.29231 -0.16560 -0.14011 -0.00307 -0.00239 0.72964 0.70769 
 0.84808 0.27097 0.29222 -0.16569 -0.14017 -0.00306 -0.00238 0.72976 0.70778 
 0.84908 0.27086 0.29213 -0.16577 -0.14022 -0.00305 -0.00237 0.72988 0.70787 
 0.85009 0.27075 0.29204 -0.16586 -0.14028 -0.00303 -0.00237 0.72999 0.70796 
 0.85109 0.27063 0.29195 -0.16595 -0.14033 -0.00302 -0.00236 0.73011 0.70805 
 0.85209 0.27052 0.29187 -0.16603 -0.14039 -0.00300 -0.00235 0.73023 0.70813 
 0.85309 0.27041 0.29178 -0.16612 -0.14044 -0.00299 -0.00234 0.73034 0.70822 
 0.85409 0.27030 0.29169 -0.16621 -0.14050 -0.00297 -0.00233 0.73046 0.70831 
 0.85509 0.27019 0.29160 -0.16629 -0.14055 -0.00296 -0.00232 0.73057 0.70840 
 0.85609 0.27008 0.29151 -0.16638 -0.14061 -0.00294 -0.00232 0.73069 0.70849 
 0.85709 0.26997 0.29143 -0.16647 -0.14066 -0.00293 -0.00231 0.73080 0.70857 
 0.85809 0.26986 0.29134 -0.16655 -0.14071 -0.00291 -0.00230 0.73092 0.70866 
 0.85909 0.26975 0.29125 -0.16664 -0.14077 -0.00290 -0.00229 0.73103 0.70875 
 0.86009 0.26964 0.29117 -0.16673 -0.14082 -0.00288 -0.00228 0.73114 0.70883 
 0.86109 0.26953 0.29108 -0.16681 -0.14087 -0.00287 -0.00227 0.73125 0.70892 
 0.86209 0.26943 0.29100 -0.16690 -0.14092 -0.00285 -0.00227 0.73136 0.70900 
 0.86309 0.26932 0.29091 -0.16699 -0.14098 -0.00284 -0.00226 0.73147 0.70909 
 0.86409 0.26922 0.29083 -0.16707 -0.14103 -0.00282 -0.00225 0.73158 0.70917 
 0.86509 0.26911 0.29074 -0.16716 -0.14108 -0.00281 -0.00224 0.73169 0.70926 
 0.86609 0.26901 0.29066 -0.16725 -0.14114 -0.00279 -0.00223 0.73180 0.70934 
 0.86709 0.26890 0.29057 -0.16733 -0.14119 -0.00278 -0.00223 0.73191 0.70943 
 0.86809 0.26880 0.29049 -0.16742 -0.14124 -0.00276 -0.00222 0.73202 0.70951 
 0.86909 0.26870 0.29041 -0.16751 -0.14129 -0.00275 -0.00221 0.73212 0.70959 
 0.87009 0.26860 0.29032 -0.16759 -0.14134 -0.00273 -0.00220 0.73223 0.70968 
 0.87109 0.26850 0.29024 -0.16768 -0.14139 -0.00271 -0.00219 0.73234 0.70976 
 0.87209 0.26840 0.29016 -0.16777 -0.14144 -0.00270 -0.00219 0.73244 0.70984 
 0.87309 0.26829 0.29008 -0.16785 -0.14150 -0.00268 -0.00218 0.73255 0.70992 
 0.87409 0.26820 0.28999 -0.16793 -0.14155 -0.00267 -0.00217 0.73265 0.71001 
 0.87509 0.26809 0.28991 -0.16802 -0.14160 -0.00265 -0.00216 0.73275 0.71009 
 0.87609 0.26799 0.28983 -0.16810 -0.14165 -0.00264 -0.00215 0.73285 0.71017 
 0.87709 0.26789 0.28975 -0.16819 -0.14170 -0.00262 -0.00215 0.73296 0.71025 
 0.87809 0.26780 0.28967 -0.16827 -0.14175 -0.00261 -0.00214 0.73306 0.71033 
 0.87909 0.26769 0.28959 -0.16835 -0.14180 -0.00259 -0.00213 0.73316 0.71041 
 0.88009 0.26760 0.28951 -0.16844 -0.14185 -0.00258 -0.00212 0.73326 0.71049 
 0.88109 0.26750 0.28943 -0.16852 -0.14189 -0.00257 -0.00212 0.73336 0.71057 
 0.88209 0.26741 0.28935 -0.16860 -0.14194 -0.00255 -0.00211 0.73345 0.71065 
 0.88309 0.26731 0.28927 -0.16868 -0.14199 -0.00254 -0.00210 0.73355 0.71073 
 0.88409 0.26721 0.28919 -0.16877 -0.14204 -0.00252 -0.00209 0.73365 0.71081 
 0.88509 0.26712 0.28911 -0.16885 -0.14209 -0.00251 -0.00209 0.73375 0.71089 
 0.88609 0.26702 0.28903 -0.16893 -0.14214 -0.00249 -0.00208 0.73384 0.71097 
 0.88709 0.26693 0.28896 -0.16901 -0.14219 -0.00248 -0.00207 0.73394 0.71104 
 0.88809 0.26684 0.28888 -0.16909 -0.14224 -0.00247 -0.00206 0.73403 0.71112 
 0.88909 0.26674 0.28880 -0.16917 -0.14228 -0.00246 -0.00206 0.73413 0.71120 
 0.89009 0.26665 0.28872 -0.16926 -0.14233 -0.00244 -0.00205 0.73422 0.71128 
 0.89109 0.26655 0.28865 -0.16934 -0.14238 -0.00243 -0.00204 0.73431 0.71135 
 0.89209 0.26647 0.28857 -0.16942 -0.14243 -0.00242 -0.00203 0.73441 0.71143 
 0.89309 0.26637 0.28849 -0.16950 -0.14247 -0.00241 -0.00203 0.73450 0.71151 
 0.89409 0.26628 0.28842 -0.16958 -0.14252 -0.00239 -0.00202 0.73459 0.71158 
 0.89509 0.26619 0.28834 -0.16965 -0.14257 -0.00238 -0.00201 0.73468 0.71166 
 0.89609 0.26610 0.28826 -0.16973 -0.14261 -0.00237 -0.00201 0.73478 0.71174 
 0.89709 0.26601 0.28819 -0.16981 -0.14266 -0.00236 -0.00200 0.73487 0.71181 
 0.89809 0.26592 0.28812 -0.16989 -0.14271 -0.00235 -0.00199 0.73496 0.71188 
 0.89909 0.26583 0.28804 -0.16997 -0.14275 -0.00234 -0.00198 0.73505 0.71196 
 0.90009 0.26574 0.28797 -0.17004 -0.14280 -0.00233 -0.00198 0.73514 0.71203 
 0.90109 0.26565 0.28789 -0.17012 -0.14285 -0.00232 -0.00197 0.73522 0.71211 
 0.90209 0.26557 0.28782 -0.17020 -0.14289 -0.00231 -0.00196 0.73531 0.71218 
 0.90309 0.26548 0.28774 -0.17027 -0.14294 -0.00230 -0.00196 0.73540 0.71226 
 0.90409 0.26539 0.28767 -0.17035 -0.14298 -0.00229 -0.00195 0.73549 0.71233 
 0.90509 0.26530 0.28760 -0.17042 -0.14303 -0.00228 -0.00194 0.73558 0.71240 
 0.90609 0.26522 0.28752 -0.17050 -0.14307 -0.00227 -0.00193 0.73567 0.71248 
 0.90709 0.26513 0.28745 -0.17057 -0.14312 -0.00227 -0.00193 0.73575 0.71255 
 0.90809 0.26505 0.28738 -0.17065 -0.14316 -0.00226 -0.00192 0.73584 0.71262 
 0.90909 0.26496 0.28731 -0.17072 -0.14321 -0.00225 -0.00191 0.73592 0.71269 
 0.91009 0.26487 0.28723 -0.17079 -0.14325 -0.00224 -0.00191 0.73601 0.71277 
 0.91109 0.26479 0.28716 -0.17086 -0.14330 -0.00224 -0.00190 0.73610 0.71284 
 0.91209 0.26470 0.28709 -0.17094 -0.14334 -0.00223 -0.00189 0.73618 0.71291 
 0.91309 0.26462 0.28702 -0.17101 -0.14339 -0.00222 -0.00189 0.73627 0.71298 
 0.91409 0.26453 0.28695 -0.17108 -0.14343 -0.00222 -0.00188 0.73635 0.71305 
 0.91509 0.26445 0.28688 -0.17115 -0.14347 -0.00221 -0.00187 0.73644 0.71312 
 0.91609 0.26437 0.28681 -0.17122 -0.14352 -0.00220 -0.00187 0.73652 0.71319 
 0.91709 0.26428 0.28674 -0.17129 -0.14356 -0.00220 -0.00186 0.73660 0.71326 
 0.91809 0.26420 0.28667 -0.17136 -0.14360 -0.00219 -0.00185 0.73669 0.71333 
 0.91909 0.26411 0.28660 -0.17143 -0.14364 -0.00219 -0.00185 0.73677 0.71340 
 0.92009 0.26403 0.28653 -0.17149 -0.14369 -0.00218 -0.00184 0.73686 0.71347 
 0.92109 0.26395 0.28646 -0.17156 -0.14373 -0.00218 -0.00183 0.73694 0.71354 
 0.92209 0.26387 0.28639 -0.17163 -0.14377 -0.00217 -0.00183 0.73702 0.71361 
 0.92309 0.26378 0.28632 -0.17170 -0.14382 -0.00217 -0.00182 0.73711 0.71368 
 0.92409 0.26370 0.28625 -0.17176 -0.14386 -0.00216 -0.00181 0.73719 0.71375 
 0.92509 0.26361 0.28619 -0.17183 -0.14390 -0.00216 -0.00181 0.73727 0.71381 
 0.92609 0.26353 0.28612 -0.17189 -0.14394 -0.00215 -0.00180 0.73735 0.71388 
 0.92709 0.26345 0.28605 -0.17196 -0.14398 -0.00215 -0.00179 0.73744 0.71395 
 0.92809 0.26337 0.28598 -0.17202 -0.14403 -0.00215 -0.00179 0.73752 0.71402 
 0.92909 0.26329 0.28591 -0.17209 -0.14407 -0.00214 -0.00178 0.73760 0.71409 
 0.93009 0.26321 0.28585 -0.17215 -0.14411 -0.00214 -0.00177 0.73768 0.71415 
 0.93109 0.26312 0.28578 -0.17221 -0.14415 -0.00214 -0.00177 0.73776 0.71422 
 0.93209 0.26304 0.28571 -0.17228 -0.14419 -0.00213 -0.00176 0.73785 0.71429 
 0.93309 0.26296 0.28565 -0.17234 -0.14423 -0.00213 -0.00176 0.73793 0.71435 
 0.93409 0.26288 0.28558 -0.17240 -0.14427 -0.00212 -0.00175 0.73801 0.71442 
 0.93509 0.26280 0.28552 -0.17246 -0.14431 -0.00212 -0.00174 0.73809 0.71448 
 0.93609 0.26272 0.28545 -0.17252 -0.14435 -0.00212 -0.00174 0.73817 0.71455 
 0.93709 0.26264 0.28538 -0.17258 -0.14439 -0.00211 -0.00173 0.73825 0.71462 
 0.93809 0.26256 0.28532 -0.17264 -0.14443 -0.00211 -0.00172 0.73833 0.71468 
 0.93909 0.26247 0.28525 -0.17270 -0.14447 -0.00211 -0.00172 0.73841 0.71474 
 0.94009 0.26239 0.28519 -0.17276 -0.14451 -0.00210 -0.00171 0.73849 0.71481 
 0.94109 0.26231 0.28513 -0.17282 -0.14455 -0.00210 -0.00171 0.73857 0.71487 
 0.94209 0.26223 0.28506 -0.17288 -0.14459 -0.00209 -0.00170 0.73866 0.71494 
 0.94309 0.26215 0.28500 -0.17293 -0.14463 -0.00209 -0.00169 0.73873 0.71500 
 0.94409 0.26207 0.28493 -0.17299 -0.14467 -0.00209 -0.00169 0.73882 0.71506 
 0.94509 0.26199 0.28487 -0.17305 -0.14471 -0.00208 -0.00168 0.73890 0.71513 
 0.94609 0.26191 0.28481 -0.17310 -0.14475 -0.00208 -0.00168 0.73898 0.71519 
 0.94709 0.26183 0.28475 -0.17316 -0.14479 -0.00207 -0.00167 0.73905 0.71525 
 0.94809 0.26175 0.28468 -0.17322 -0.14483 -0.00207 -0.00166 0.73913 0.71532 
 0.94909 0.26167 0.28462 -0.17327 -0.14487 -0.00207 -0.00166 0.73921 0.71538 
 0.95010 0.26160 0.28456 -0.17333 -0.14491 -0.00206 -0.00165 0.73929 0.71544 
 0.95110 0.26151 0.28449 -0.17338 -0.14494 -0.00206 -0.00165 0.73937 0.71550 
 0.95210 0.26144 0.28443 -0.17344 -0.14498 -0.00205 -0.00164 0.73945 0.71557 
 0.95310 0.26136 0.28437 -0.17349 -0.14502 -0.00204 -0.00163 0.73953 0.71563 
 0.95410 0.26128 0.28431 -0.17354 -0.14506 -0.00204 -0.00163 0.73961 0.71569 
 0.95510 0.26120 0.28425 -0.17360 -0.14510 -0.00203 -0.00162 0.73968 0.71575 
 0.95610 0.26112 0.28419 -0.17365 -0.14513 -0.00203 -0.00162 0.73976 0.71581 
 0.95710 0.26104 0.28413 -0.17370 -0.14517 -0.00202 -0.00161 0.73984 0.71587 
 0.95810 0.26097 0.28407 -0.17376 -0.14521 -0.00201 -0.00160 0.73992 0.71593 
 0.95910 0.26089 0.28401 -0.17381 -0.14525 -0.00201 -0.00160 0.73999 0.71599 
 0.96010 0.26081 0.28395 -0.17386 -0.14528 -0.00200 -0.00159 0.74007 0.71605 
 0.96110 0.26074 0.28389 -0.17391 -0.14532 -0.00200 -0.00159 0.74015 0.71611 
 0.96210 0.26066 0.28383 -0.17396 -0.14536 -0.00199 -0.00158 0.74023 0.71617 
 0.96310 0.26058 0.28377 -0.17401 -0.14539 -0.00198 -0.00158 0.74030 0.71623 
 0.96410 0.26051 0.28371 -0.17407 -0.14543 -0.00197 -0.00157 0.74038 0.71629 
 0.96510 0.26043 0.28365 -0.17412 -0.14547 -0.00197 -0.00156 0.74045 0.71635 
 0.96610 0.26036 0.28359 -0.17417 -0.14550 -0.00196 -0.00156 0.74053 0.71641 
 0.96710 0.26028 0.28353 -0.17422 -0.14554 -0.00195 -0.00155 0.74060 0.71647 
 0.96810 0.26021 0.28347 -0.17427 -0.14558 -0.00194 -0.00155 0.74068 0.71653 
 0.96910 0.26013 0.28341 -0.17432 -0.14561 -0.00193 -0.00154 0.74075 0.71659 
 0.97010 0.26006 0.28336 -0.17437 -0.14565 -0.00192 -0.00154 0.74083 0.71664 
 0.97110 0.25998 0.28330 -0.17442 -0.14568 -0.00191 -0.00153 0.74090 0.71670 
 0.97210 0.25991 0.28324 -0.17447 -0.14572 -0.00190 -0.00153 0.74097 0.71676 
 0.97310 0.25983 0.28318 -0.17452 -0.14575 -0.00190 -0.00152 0.74105 0.71682 
 0.97410 0.25976 0.28313 -0.17457 -0.14579 -0.00188 -0.00151 0.74112 0.71687 
 0.97510 0.25969 0.28307 -0.17461 -0.14582 -0.00188 -0.00151 0.74119 0.71693 
 0.97610 0.25962 0.28301 -0.17466 -0.14586 -0.00186 -0.00150 0.74126 0.71699 
 0.97710 0.25954 0.28296 -0.17471 -0.14589 -0.00185 -0.00150 0.74133 0.71704 
 0.97810 0.25947 0.28290 -0.17476 -0.14593 -0.00184 -0.00149 0.74140 0.71710 
 0.97910 0.25940 0.28284 -0.17481 -0.14596 -0.00183 -0.00149 0.74147 0.71716 
 0.98010 0.25933 0.28279 -0.17486 -0.14600 -0.00182 -0.00148 0.74154 0.71721 
 0.98110 0.25926 0.28273 -0.17491 -0.14603 -0.00181 -0.00148 0.74161 0.71727 
 0.98210 0.25919 0.28268 -0.17495 -0.14607 -0.00180 -0.00147 0.74168 0.71732 
 0.98310 0.25912 0.28262 -0.17500 -0.14610 -0.00179 -0.00147 0.74175 0.71738 
 0.98410 0.25905 0.28257 -0.17505 -0.14613 -0.00177 -0.00146 0.74182 0.71743 
 0.98510 0.25898 0.28251 -0.17510 -0.14617 -0.00176 -0.00146 0.74188 0.71749 
 0.98610 0.25892 0.28246 -0.17514 -0.14620 -0.00175 -0.00145 0.74195 0.71754 
 0.98710 0.25885 0.28240 -0.17519 -0.14624 -0.00174 -0.00145 0.74202 0.71760 
 0.98810 0.25878 0.28235 -0.17524 -0.14627 -0.00173 -0.00144 0.74208 0.71765 
 0.98910 0.25871 0.28229 -0.17529 -0.14630 -0.00171 -0.00144 0.74215 0.71771 
 0.99010 0.25865 0.28224 -0.17533 -0.14634 -0.00170 -0.00143 0.74221 0.71776 
 0.99110 0.25858 0.28219 -0.17538 -0.14637 -0.00169 -0.00143 0.74228 0.71781 
 0.99210 0.25852 0.28213 -0.17543 -0.14640 -0.00168 -0.00142 0.74234 0.71787 
 0.99310 0.25845 0.28208 -0.17547 -0.14644 -0.00166 -0.00141 0.74241 0.71792 
 0.99410 0.25839 0.28203 -0.17552 -0.14647 -0.00165 -0.00141 0.74247 0.71798 
 0.99510 0.25832 0.28197 -0.17557 -0.14650 -0.00164 -0.00140 0.74253 0.71803 
 0.99610 0.25826 0.28192 -0.17561 -0.14653 -0.00163 -0.00140 0.74259 0.71808 
 0.99710 0.25819 0.28187 -0.17566 -0.14657 -0.00161 -0.00139 0.74265 0.71813 
 0.99810 0.25813 0.28181 -0.17571 -0.14660 -0.00160 -0.00139 0.74271 0.71819 
 0.99910 0.25807 0.28176 -0.17575 -0.14663 -0.00159 -0.00138 0.74277 0.71824 
