 0.00000 1.00000 1.00000 0.00000 0.00000 0.00000 0.00000 0.00000 0.00000 
 0.00100 0.99965 0.99965 0.00049 0.00049 -0.01880 -0.01880 0.00035 0.00035 
 0.00200 0.99858 0.99858 0.00193 0.00193 -0.03747 -0.03747 0.00141 0.00141 
 0.00300 0.99683 0.99683 0.00430 0.00430 -0.05589 -0.05589 0.00317 0.00317 
 0.00400 0.99438 0.99438 0.00757 0.00757 -0.07397 -0.07397 0.00562 0.00562 
 0.00500 0.99126 0.99126 0.01170 0.01170 -0.09162 -0.09162 0.00874 0.00874 
 0.00600 0.98748 0.98748 0.01663 0.01663 -0.10875 -0.10875 0.01252 0.01252 
 0.00700 0.98307 0.98307 0.02232 0.02232 -0.12528 -0.12528 0.01693 0.01693 
 0.00800 0.97805 0.97805 0.02872 0.02872 -0.14113 -0.14113 0.02195 0.02195 
 0.00900 0.97245 0.97245 0.03575 0.03575 -0.15624 -0.15624 0.02755 0.02755 
 0.01000 0.96629 0.96629 0.04335 0.04335 -0.17054 -0.17054 0.03371 0.03371 
 0.01100 0.95961 0.95961 0.05147 0.05147 -0.18399 -0.18399 0.04039 0.04039 
 0.01200 0.95244 0.95244 0.06001 0.06001 -0.19653 -0.19653 0.04756 0.04756 
 0.01300 0.94481 0.94481 0.06893 0.06893 -0.20815 -0.20815 0.05519 0.05519 
 0.01400 0.93677 0.93677 0.07814 0.07814 -0.21879 -0.21879 0.06323 0.06323 
 0.01500 0.92834 0.92834 0.08758 0.08758 -0.22845 -0.22845 0.07166 0.07166 
 0.01600 0.91957 0.91957 0.09717 0.09717 -0.23711 -0.23711 0.08043 0.08043 
 0.01700 0.91049 0.91049 0.10685 0.10685 -0.24476 -0.24476 0.08951 0.08951 
 0.01800 0.90114 0.90114 0.11655 0.11655 -0.25140 -0.25140 0.09886 0.09886 
 0.01900 0.89156 0.89156 0.12621 0.12621 -0.25704 -0.25704 0.10844 0.10844 
 0.02000 0.88178 0.88178 0.13575 0.13575 -0.26169 -0.26169 0.11822 0.11822 
 0.02100 0.87185 0.87185 0.14513 0.14513 -0.26537 -0.26537 0.12815 0.12815 
 0.02200 0.86180 0.86180 0.15429 0.15429 -0.26810 -0.26810 0.13820 0.13820 
 0.02300 0.85166 0.85166 0.16318 0.16318 -0.26992 -0.26992 0.14834 0.14834 
 0.02400 0.84147 0.84147 0.17174 0.17174 -0.27084 -0.27084 0.15853 0.15853 
 0.02500 0.83127 0.83127 0.17994 0.17994 -0.27092 -0.27092 0.16873 0.16873 
 0.02600 0.82107 0.82107 0.18774 0.18774 -0.27019 -0.27019 0.17893 0.17893 
 0.02700 0.81092 0.81092 0.19510 0.19510 -0.26869 -0.26869 0.18908 0.18908 
 0.02800 0.80083 0.80083 0.20199 0.20199 -0.26647 -0.26647 0.19917 0.19917 
 0.02900 0.79085 0.79085 0.20839 0.20839 -0.26357 -0.26357 0.20915 0.20915 
 0.03000 0.78098 0.78098 0.21428 0.21428 -0.26005 -0.26005 0.21902 0.21902 
 0.03100 0.77126 0.77126 0.21963 0.21963 -0.25596 -0.25596 0.22874 0.22874 
 0.03200 0.76170 0.76170 0.22443 0.22443 -0.25134 -0.25134 0.23830 0.23830 
 0.03300 0.75233 0.75233 0.22869 0.22869 -0.24625 -0.24625 0.24767 0.24767 
 0.03400 0.74316 0.74316 0.23238 0.23238 -0.24073 -0.24073 0.25684 0.25684 
 0.03500 0.73420 0.73420 0.23552 0.23552 -0.23484 -0.23484 0.26580 0.26580 
 0.03600 0.72547 0.72547 0.23810 0.23810 -0.22862 -0.22862 0.27453 0.27453 
 0.03700 0.71698 0.71698 0.24013 0.24013 -0.22213 -0.22213 0.28303 0.28303 
 0.03800 0.70873 0.70873 0.24161 0.24161 -0.21541 -0.21541 0.29127 0.29127 
 0.03900 0.70075 0.70075 0.24257 0.24257 -0.20851 -0.20851 0.29925 0.29925 
 0.04000 0.69302 0.69302 0.24301 0.24301 -0.20146 -0.20146 0.30698 0.30698 
 0.04100 0.68557 0.68557 0.24295 0.24295 -0.19431 -0.19431 0.31443 0.31443 
 0.04200 0.67838 0.67838 0.24241 0.24241 -0.18710 -0.18710 0.32162 0.32162 
 0.04300 0.67147 0.67147 0.24141 0.24141 -0.17987 -0.17987 0.32853 0.32853 
 0.04400 0.66483 0.66483 0.23997 0.23997 -0.17265 -0.17265 0.33517 0.33517 
 0.04500 0.65846 0.65846 0.23812 0.23812 -0.16546 -0.16546 0.34154 0.34154 
 0.04600 0.65236 0.65236 0.23587 0.23587 -0.15835 -0.15835 0.34764 0.34764 
 0.04700 0.64653 0.64653 0.23327 0.23327 -0.15134 -0.15134 0.35347 0.35347 
 0.04800 0.64096 0.64096 0.23031 0.23031 -0.14445 -0.14445 0.35904 0.35904 
 0.04900 0.63565 0.63565 0.22705 0.22705 -0.13770 -0.13770 0.36435 0.36435 
 0.05001 0.63058 0.63058 0.22350 0.22350 -0.13112 -0.13112 0.36942 0.36942 
 0.05101 0.62576 0.62576 0.21968 0.21968 -0.12472 -0.12472 0.37424 0.37424 
 0.05201 0.62118 0.62118 0.21563 0.21563 -0.11852 -0.11852 0.37882 0.37882 
 0.05301 0.61683 0.61683 0.21137 0.21137 -0.11252 -0.11252 0.38317 0.38317 
 0.05401 0.61270 0.61270 0.20692 0.20692 -0.10675 -0.10675 0.38730 0.38730 
 0.05501 0.60879 0.60879 0.20231 0.20231 -0.10120 -0.10120 0.39121 0.39121 
 0.05601 0.60507 0.60507 0.19757 0.19757 -0.09589 -0.09589 0.39493 0.39493 
 0.05701 0.60156 0.60156 0.19270 0.19270 -0.09081 -0.09081 0.39844 0.39844 
 0.05801 0.59823 0.59823 0.18775 0.18775 -0.08598 -0.08598 0.40177 0.40177 
 0.05901 0.59508 0.59508 0.18271 0.18271 -0.08140 -0.08140 0.40492 0.40492 
 0.06001 0.59209 0.59209 0.17763 0.17763 -0.07706 -0.07706 0.40791 0.40791 
 0.06101 0.58927 0.58927 0.17251 0.17251 -0.07296 -0.07296 0.41073 0.41073 
 0.06201 0.58659 0.58659 0.16737 0.16737 -0.06911 -0.06911 0.41341 0.41341 
 0.06301 0.58406 0.58406 0.16223 0.16223 -0.06550 -0.06550 0.41594 0.41594 
 0.06401 0.58165 0.58165 0.15710 0.15710 -0.06212 -0.06212 0.41835 0.41835 
 0.06501 0.57937 0.57937 0.15200 0.15200 -0.05897 -0.05897 0.42063 0.42063 
 0.06601 0.57721 0.57721 0.14694 0.14694 -0.05604 -0.05604 0.42279 0.42279 
 0.06701 0.57515 0.57515 0.14193 0.14193 -0.05333 -0.05333 0.42485 0.42485 
 0.06801 0.57319 0.57319 0.13698 0.13698 -0.05083 -0.05083 0.42681 0.42681 
 0.06901 0.57132 0.57132 0.13211 0.13211 -0.04854 -0.04854 0.42868 0.42868 
 0.07001 0.56953 0.56953 0.12731 0.12731 -0.04644 -0.04644 0.43047 0.43047 
 0.07101 0.56781 0.56781 0.12259 0.12259 -0.04453 -0.04453 0.43219 0.43219 
 0.07201 0.56617 0.56617 0.11797 0.11797 -0.04279 -0.04279 0.43383 0.43383 
 0.07301 0.56459 0.56459 0.11345 0.11345 -0.04123 -0.04123 0.43541 0.43541 
 0.07401 0.56306 0.56306 0.10903 0.10903 -0.03984 -0.03984 0.43694 0.43694 
 0.07501 0.56158 0.56158 0.10472 0.10472 -0.03860 -0.03860 0.43842 0.43842 
 0.07601 0.56015 0.56015 0.10051 0.10051 -0.03750 -0.03750 0.43985 0.43985 
 0.07701 0.55876 0.55876 0.09641 0.09641 -0.03655 -0.03655 0.44124 0.44124 
 0.07801 0.55740 0.55740 0.09243 0.09243 -0.03573 -0.03573 0.44260 0.44260 
 0.07901 0.55606 0.55606 0.08856 0.08856 -0.03503 -0.03503 0.44394 0.44394 
 0.08001 0.55475 0.55475 0.08480 0.08480 -0.03445 -0.03445 0.44525 0.44525 
 0.08101 0.55347 0.55347 0.08115 0.08115 -0.03397 -0.03397 0.44653 0.44653 
 0.08201 0.55219 0.55219 0.07762 0.07762 -0.03360 -0.03360 0.44781 0.44781 
 0.08301 0.55093 0.55093 0.07419 0.07419 -0.03332 -0.03332 0.44907 0.44907 
 0.08401 0.54968 0.54968 0.07088 0.07088 -0.03313 -0.03313 0.45032 0.45032 
 0.08501 0.54844 0.54844 0.06767 0.06767 -0.03303 -0.03303 0.45156 0.45156 
 0.08601 0.54719 0.54719 0.06457 0.06457 -0.03299 -0.03299 0.45281 0.45281 
 0.08701 0.54595 0.54595 0.06157 0.06157 -0.03303 -0.03303 0.45405 0.45405 
 0.08801 0.54470 0.54470 0.05867 0.05867 -0.03314 -0.03314 0.45530 0.45530 
 0.08901 0.54345 0.54345 0.05587 0.05587 -0.03330 -0.03330 0.45655 0.45655 
 0.09001 0.54219 0.54219 0.05316 0.05316 -0.03353 -0.03353 0.45781 0.45781 
 0.09101 0.54092 0.54092 0.05054 0.05054 -0.03380 -0.03380 0.45908 0.45908 
 0.09201 0.53965 0.53965 0.04801 0.04801 -0.03411 -0.03411 0.46035 0.46035 
 0.09301 0.53835 0.53835 0.04557 0.04557 -0.03447 -0.03447 0.46165 0.46165 
 0.09401 0.53705 0.53705 0.04320 0.04320 -0.03487 -0.03487 0.46295 0.46295 
 0.09501 0.53573 0.53573 0.04092 0.04092 -0.03530 -0.03530 0.46427 0.46427 
 0.09601 0.53439 0.53439 0.03871 0.03871 -0.03577 -0.03577 0.46561 0.46561 
 0.09701 0.53303 0.53303 0.03657 0.03657 -0.03626 -0.03626 0.46697 0.46697 
 0.09801 0.53166 0.53166 0.03450 0.03450 -0.03678 -0.03678 0.46834 0.46834 
 0.09901 0.53026 0.53026 0.03249 0.03249 -0.03731 -0.03731 0.46974 0.46974 
 0.10001 0.52884 0.52884 0.03055 0.03055 -0.03787 -0.03787 0.47116 0.47116 
 0.10101 0.52741 0.52741 0.02867 0.02867 -0.03845 -0.03845 0.47259 0.47259 
 0.10201 0.52595 0.52595 0.02684 0.02684 -0.03904 -0.03904 0.47405 0.47405 
 0.10301 0.52446 0.52446 0.02507 0.02507 -0.03965 -0.03965 0.47554 0.47554 
 0.10401 0.52296 0.52296 0.02334 0.02334 -0.04026 -0.04026 0.47704 0.47704 
 0.10501 0.52143 0.52143 0.02167 0.02167 -0.04089 -0.04089 0.47857 0.47857 
 0.10601 0.51988 0.51988 0.02004 0.02004 -0.04152 -0.04152 0.48012 0.48012 
 0.10701 0.51830 0.51830 0.01845 0.01845 -0.04215 -0.04215 0.48170 0.48170 
 0.10801 0.51670 0.51670 0.01690 0.01690 -0.04279 -0.04279 0.48330 0.48330 
 0.10901 0.51508 0.51508 0.01539 0.01539 -0.04343 -0.04343 0.48492 0.48492 
 0.11001 0.51343 0.51343 0.01392 0.01392 -0.04408 -0.04408 0.48657 0.48657 
 0.11101 0.51176 0.51176 0.01248 0.01248 -0.04472 -0.04472 0.48824 0.48824 
 0.11201 0.51006 0.51006 0.01107 0.01107 -0.04536 -0.04536 0.48994 0.48994 
 0.11301 0.50834 0.50834 0.00969 0.00969 -0.04599 -0.04599 0.49166 0.49166 
 0.11401 0.50660 0.50660 0.00834 0.00834 -0.04662 -0.04662 0.49340 0.49340 
 0.11501 0.50483 0.50483 0.00701 0.00701 -0.04725 -0.04725 0.49517 0.49517 
 0.11601 0.50304 0.50304 0.00571 0.00571 -0.04787 -0.04787 0.49696 0.49696 
 0.11701 0.50122 0.50122 0.00443 0.00443 -0.04847 -0.04847 0.49878 0.49878 
 0.11801 0.49938 0.49938 0.00317 0.00317 -0.04908 -0.04908 0.50062 0.50062 
 0.11901 0.49752 0.49752 0.00193 0.00193 -0.04967 -0.04967 0.50248 0.50248 
 0.12001 0.49564 0.49564 0.00071 0.00071 -0.05024 -0.05024 0.50436 0.50436 
 0.12101 0.49374 0.49374 -0.00050 -0.00050 -0.05081 -0.05081 0.50626 0.50626 
 0.12201 0.49181 0.49181 -0.00169 -0.00169 -0.05137 -0.05137 0.50819 0.50819 
 0.12301 0.48987 0.48987 -0.00287 -0.00287 -0.05191 -0.05191 0.51013 0.51013 
 0.12401 0.48790 0.48790 -0.00403 -0.00403 -0.05243 -0.05243 0.51210 0.51210 
 0.12501 0.48592 0.48592 -0.00518 -0.00518 -0.05294 -0.05294 0.51408 0.51408 
 0.12601 0.48391 0.48391 -0.00633 -0.00633 -0.05344 -0.05344 0.51609 0.51609 
 0.12701 0.48189 0.48189 -0.00746 -0.00746 -0.05391 -0.05391 0.51811 0.51811 
 0.12801 0.47985 0.47985 -0.00858 -0.00858 -0.05437 -0.05437 0.52015 0.52015 
 0.12901 0.47780 0.47780 -0.00970 -0.00970 -0.05482 -0.05482 0.52221 0.52221 
 0.13001 0.47572 0.47572 -0.01080 -0.01080 -0.05524 -0.05524 0.52428 0.52428 
 0.13101 0.47363 0.47363 -0.01191 -0.01191 -0.05564 -0.05564 0.52637 0.52637 
 0.13201 0.47153 0.47153 -0.01300 -0.01300 -0.05603 -0.05603 0.52847 0.52847 
 0.13301 0.46941 0.46941 -0.01410 -0.01410 -0.05639 -0.05639 0.53059 0.53059 
 0.13401 0.46728 0.46728 -0.01518 -0.01518 -0.05673 -0.05673 0.53272 0.53272 
 0.13501 0.46514 0.46514 -0.01627 -0.01627 -0.05705 -0.05705 0.53486 0.53486 
 0.13601 0.46298 0.46298 -0.01735 -0.01735 -0.05735 -0.05735 0.53702 0.53702 
 0.13701 0.46082 0.46082 -0.01843 -0.01843 -0.05763 -0.05763 0.53918 0.53918 
 0.13801 0.45864 0.45864 -0.01951 -0.01951 -0.05789 -0.05789 0.54136 0.54136 
 0.13901 0.45645 0.45645 -0.02059 -0.02059 -0.05812 -0.05812 0.54354 0.54354 
 0.14001 0.45426 0.45426 -0.02166 -0.02166 -0.05833 -0.05833 0.54574 0.54574 
 0.14101 0.45206 0.45206 -0.02274 -0.02274 -0.05852 -0.05852 0.54794 0.54794 
 0.14201 0.44985 0.44985 -0.02381 -0.02381 -0.05868 -0.05868 0.55015 0.55015 
 0.14301 0.44764 0.44764 -0.02489 -0.02489 -0.05882 -0.05882 0.55236 0.55236 
 0.14401 0.44542 0.44542 -0.02597 -0.02597 -0.05894 -0.05894 0.55458 0.55458 
 0.14501 0.44320 0.44320 -0.02705 -0.02705 -0.05903 -0.05903 0.55680 0.55680 
 0.14601 0.44097 0.44097 -0.02813 -0.02813 -0.05911 -0.05911 0.55903 0.55903 
 0.14701 0.43875 0.43875 -0.02921 -0.02921 -0.05916 -0.05916 0.56125 0.56125 
 0.14801 0.43652 0.43652 -0.03030 -0.03030 -0.05918 -0.05918 0.56348 0.56348 
 0.14901 0.43429 0.43429 -0.03138 -0.03138 -0.05918 -0.05918 0.56571 0.56571 
 0.15002 0.43206 0.43206 -0.03247 -0.03247 -0.05917 -0.05917 0.56794 0.56794 
 0.15102 0.42983 0.42983 -0.03356 -0.03356 -0.05912 -0.05912 0.57017 0.57017 
 0.15202 0.42760 0.42760 -0.03466 -0.03466 -0.05906 -0.05906 0.57240 0.57240 
 0.15302 0.42538 0.42538 -0.03576 -0.03576 -0.05897 -0.05897 0.57462 0.57462 
 0.15402 0.42316 0.42316 -0.03686 -0.03686 -0.05887 -0.05887 0.57684 0.57684 
 0.15502 0.42095 0.42095 -0.03796 -0.03796 -0.05874 -0.05874 0.57905 0.57905 
 0.15602 0.41874 0.41874 -0.03907 -0.03907 -0.05859 -0.05859 0.58127 0.58127 
 0.15702 0.41653 0.41653 -0.04018 -0.04018 -0.05842 -0.05842 0.58347 0.58347 
 0.15802 0.41433 0.41433 -0.04130 -0.04130 -0.05824 -0.05824 0.58567 0.58567 
 0.15902 0.41214 0.41214 -0.04241 -0.04241 -0.05803 -0.05803 0.58786 0.58786 
 0.16002 0.40996 0.40996 -0.04353 -0.04353 -0.05780 -0.05780 0.59004 0.59004 
 0.16102 0.40779 0.40779 -0.04466 -0.04466 -0.05756 -0.05756 0.59221 0.59221 
 0.16202 0.40562 0.40562 -0.04579 -0.04579 -0.05730 -0.05730 0.59438 0.59438 
 0.16302 0.40347 0.40347 -0.04692 -0.04692 -0.05702 -0.05702 0.59653 0.59653 
 0.16402 0.40133 0.40133 -0.04805 -0.04805 -0.05672 -0.05672 0.59867 0.59867 
 0.16502 0.39920 0.39920 -0.04919 -0.04919 -0.05641 -0.05641 0.60080 0.60080 
 0.16602 0.39708 0.39708 -0.05033 -0.05033 -0.05609 -0.05609 0.60292 0.60292 
 0.16702 0.39497 0.39497 -0.05147 -0.05147 -0.05575 -0.05575 0.60503 0.60503 
 0.16802 0.39288 0.39288 -0.05261 -0.05261 -0.05539 -0.05539 0.60712 0.60712 
 0.16902 0.39080 0.39080 -0.05376 -0.05376 -0.05503 -0.05503 0.60920 0.60920 
 0.17002 0.38873 0.38873 -0.05491 -0.05491 -0.05465 -0.05465 0.61127 0.61127 
 0.17102 0.38668 0.38668 -0.05606 -0.05606 -0.05426 -0.05426 0.61332 0.61332 
 0.17202 0.38464 0.38464 -0.05722 -0.05722 -0.05386 -0.05386 0.61536 0.61536 
 0.17302 0.38262 0.38262 -0.05837 -0.05837 -0.05345 -0.05345 0.61738 0.61738 
 0.17402 0.38062 0.38062 -0.05953 -0.05953 -0.05303 -0.05303 0.61938 0.61938 
 0.17502 0.37863 0.37863 -0.06069 -0.06069 -0.05260 -0.05260 0.62137 0.62137 
 0.17602 0.37665 0.37665 -0.06184 -0.06184 -0.05216 -0.05216 0.62335 0.62335 
 0.17702 0.37470 0.37470 -0.06300 -0.06300 -0.05172 -0.05172 0.62530 0.62530 
 0.17802 0.37276 0.37276 -0.06416 -0.06416 -0.05126 -0.05126 0.62724 0.62724 
 0.17902 0.37084 0.37084 -0.06532 -0.06532 -0.05081 -0.05081 0.62916 0.62916 
 0.18002 0.36893 0.36893 -0.06648 -0.06648 -0.05035 -0.05035 0.63107 0.63107 
 0.18102 0.36704 0.36704 -0.06764 -0.06764 -0.04988 -0.04988 0.63296 0.63296 
 0.18202 0.36517 0.36517 -0.06880 -0.06880 -0.04941 -0.04941 0.63483 0.63483 
 0.18302 0.36332 0.36332 -0.06996 -0.06996 -0.04894 -0.04894 0.63668 0.63668 
 0.18402 0.36148 0.36148 -0.07111 -0.07111 -0.04847 -0.04847 0.63852 0.63852 
 0.18502 0.35967 0.35967 -0.07227 -0.07227 -0.04799 -0.04799 0.64033 0.64033 
 0.18602 0.35787 0.35787 -0.07342 -0.07342 -0.04752 -0.04752 0.64213 0.64213 
 0.18702 0.35609 0.35609 -0.07457 -0.07457 -0.04704 -0.04704 0.64391 0.64391 
 0.18802 0.35432 0.35432 -0.07572 -0.07572 -0.04656 -0.04656 0.64568 0.64568 
 0.18902 0.35258 0.35258 -0.07686 -0.07686 -0.04609 -0.04609 0.64742 0.64742 
 0.19002 0.35085 0.35085 -0.07801 -0.07801 -0.04561 -0.04561 0.64915 0.64915 
 0.19102 0.34914 0.34914 -0.07914 -0.07914 -0.04514 -0.04514 0.65086 0.65086 
 0.19202 0.34745 0.34745 -0.08028 -0.08028 -0.04467 -0.04467 0.65255 0.65255 
 0.19302 0.34577 0.34577 -0.08141 -0.08141 -0.04421 -0.04421 0.65422 0.65422 
 0.19402 0.34412 0.34412 -0.08253 -0.08253 -0.04375 -0.04375 0.65588 0.65588 
 0.19502 0.34248 0.34248 -0.08365 -0.08365 -0.04329 -0.04329 0.65752 0.65752 
 0.19602 0.34086 0.34086 -0.08477 -0.08477 -0.04284 -0.04284 0.65914 0.65914 
 0.19702 0.33925 0.33925 -0.08588 -0.08588 -0.04239 -0.04239 0.66075 0.66075 
 0.19802 0.33766 0.33766 -0.08699 -0.08699 -0.04195 -0.04195 0.66234 0.66234 
 0.19902 0.33609 0.33609 -0.08809 -0.08809 -0.04151 -0.04151 0.66391 0.66391 
 0.20002 0.33322 0.33454 -0.08933 -0.08918 -0.04399 -0.04109 0.66709 0.66546 
 0.20102 0.33196 0.33299 -0.09043 -0.09027 -0.04316 -0.04066 0.66848 0.66700 
 0.20202 0.33062 0.33147 -0.09152 -0.09135 -0.04240 -0.04025 0.66986 0.66853 
 0.20302 0.32910 0.32996 -0.09249 -0.09242 -0.04164 -0.03984 0.67122 0.67004 
 0.20402 0.32755 0.32847 -0.09343 -0.09349 -0.04094 -0.03944 0.67255 0.67153 
 0.20502 0.32604 0.32699 -0.09435 -0.09454 -0.04024 -0.03905 0.67386 0.67301 
 0.20602 0.32442 0.32553 -0.09531 -0.09560 -0.03956 -0.03867 0.67509 0.67447 
 0.20702 0.32296 0.32408 -0.09629 -0.09664 -0.03900 -0.03829 0.67649 0.67592 
 0.20802 0.32148 0.32264 -0.09717 -0.09767 -0.03844 -0.03792 0.67793 0.67736 
 0.20902 0.32010 0.32122 -0.09804 -0.09870 -0.03793 -0.03757 0.67932 0.67878 
 0.21002 0.31870 0.31981 -0.09891 -0.09972 -0.03751 -0.03722 0.68069 0.68019 
 0.21102 0.31736 0.31842 -0.09982 -0.10073 -0.03707 -0.03688 0.68204 0.68158 
 0.21202 0.31593 0.31703 -0.10073 -0.10173 -0.03665 -0.03654 0.68339 0.68297 
 0.21302 0.31453 0.31566 -0.10162 -0.10272 -0.03621 -0.03622 0.68477 0.68434 
 0.21402 0.31314 0.31430 -0.10251 -0.10370 -0.03573 -0.03591 0.68608 0.68570 
 0.21502 0.31170 0.31296 -0.10342 -0.10468 -0.03532 -0.03561 0.68743 0.68704 
 0.21602 0.31033 0.31162 -0.10432 -0.10564 -0.03488 -0.03531 0.68873 0.68838 
 0.21702 0.30896 0.31029 -0.10524 -0.10659 -0.03456 -0.03503 0.69004 0.68971 
 0.21802 0.30761 0.30898 -0.10612 -0.10754 -0.03407 -0.03475 0.69128 0.69102 
 0.21902 0.30632 0.30768 -0.10707 -0.10847 -0.03367 -0.03449 0.69257 0.69232 
 0.22002 0.30497 0.30638 -0.10798 -0.10940 -0.03321 -0.03423 0.69388 0.69362 
 0.22102 0.30366 0.30510 -0.10893 -0.11031 -0.03282 -0.03398 0.69523 0.69490 
 0.22202 0.30237 0.30382 -0.10985 -0.11121 -0.03232 -0.03374 0.69647 0.69618 
 0.22302 0.30112 0.30256 -0.11078 -0.11211 -0.03195 -0.03351 0.69776 0.69744 
 0.22402 0.29996 0.30130 -0.11166 -0.11299 -0.03149 -0.03329 0.69902 0.69870 
 0.22502 0.29873 0.30005 -0.11258 -0.11387 -0.03109 -0.03308 0.70033 0.69995 
 0.22602 0.29745 0.29880 -0.11345 -0.11473 -0.03074 -0.03287 0.70152 0.70120 
 0.22702 0.29623 0.29757 -0.11431 -0.11558 -0.03040 -0.03268 0.70278 0.70243 
 0.22802 0.29500 0.29634 -0.11520 -0.11643 -0.03004 -0.03249 0.70399 0.70366 
 0.22902 0.29376 0.29512 -0.11608 -0.11726 -0.02973 -0.03231 0.70526 0.70488 
 0.23002 0.29259 0.29391 -0.11697 -0.11808 -0.02942 -0.03214 0.70642 0.70609 
 0.23102 0.29142 0.29270 -0.11783 -0.11889 -0.02914 -0.03197 0.70758 0.70730 
 0.23202 0.29022 0.29150 -0.11873 -0.11969 -0.02887 -0.03181 0.70870 0.70850 
 0.23302 0.28904 0.29030 -0.11959 -0.12049 -0.02863 -0.03166 0.70977 0.70970 
 0.23402 0.28789 0.28911 -0.12039 -0.12127 -0.02833 -0.03152 0.71086 0.71089 
 0.23502 0.28672 0.28793 -0.12124 -0.12204 -0.02809 -0.03138 0.71200 0.71207 
 0.23602 0.28565 0.28675 -0.12207 -0.12280 -0.02781 -0.03125 0.71312 0.71325 
 0.23702 0.28459 0.28557 -0.12287 -0.12355 -0.02752 -0.03112 0.71425 0.71443 
 0.23802 0.28362 0.28440 -0.12366 -0.12429 -0.02722 -0.03100 0.71532 0.71560 
 0.23902 0.28259 0.28324 -0.12447 -0.12502 -0.02689 -0.03089 0.71646 0.71676 
 0.24002 0.28160 0.28208 -0.12533 -0.12574 -0.02660 -0.03078 0.71755 0.71792 
 0.24102 0.28061 0.28092 -0.12615 -0.12645 -0.02634 -0.03067 0.71868 0.71908 
 0.24202 0.27961 0.27976 -0.12703 -0.12716 -0.02620 -0.03057 0.71970 0.72023 
 0.24302 0.27860 0.27862 -0.12788 -0.12785 -0.02607 -0.03048 0.72072 0.72138 
 0.24402 0.27760 0.27747 -0.12868 -0.12853 -0.02594 -0.03038 0.72176 0.72253 
 0.24502 0.27670 0.27633 -0.12947 -0.12920 -0.02580 -0.03030 0.72278 0.72367 
 0.24602 0.27578 0.27519 -0.13026 -0.12987 -0.02567 -0.03021 0.72378 0.72481 
 0.24702 0.27480 0.27405 -0.13105 -0.13053 -0.02551 -0.03013 0.72482 0.72595 
 0.24802 0.27386 0.27292 -0.13183 -0.13117 -0.02542 -0.03005 0.72589 0.72708 
 0.24902 0.27298 0.27178 -0.13266 -0.13181 -0.02536 -0.02998 0.72695 0.72821 
 0.25003 0.27205 0.27066 -0.13347 -0.13244 -0.02528 -0.02990 0.72788 0.72934 
 0.25103 0.27111 0.26953 -0.13425 -0.13306 -0.02520 -0.02983 0.72886 0.73047 
 0.25203 0.27016 0.26841 -0.13503 -0.13367 -0.02510 -0.02976 0.72981 0.73159 
 0.25303 0.26922 0.26729 -0.13579 -0.13428 -0.02500 -0.02970 0.73075 0.73271 
 0.25403 0.26829 0.26617 -0.13652 -0.13488 -0.02497 -0.02963 0.73172 0.73383 
 0.25503 0.26729 0.26506 -0.13717 -0.13546 -0.02487 -0.02957 0.73267 0.73494 
 0.25603 0.26632 0.26394 -0.13788 -0.13605 -0.02485 -0.02950 0.73360 0.73606 
 0.25703 0.26536 0.26283 -0.13865 -0.13662 -0.02483 -0.02944 0.73453 0.73717 
 0.25803 0.26445 0.26173 -0.13947 -0.13719 -0.02489 -0.02938 0.73545 0.73827 
 0.25903 0.26353 0.26062 -0.14020 -0.13775 -0.02478 -0.02932 0.73632 0.73938 
 0.26003 0.26258 0.25952 -0.14088 -0.13830 -0.02467 -0.02925 0.73715 0.74048 
 0.26103 0.26161 0.25842 -0.14155 -0.13884 -0.02457 -0.02919 0.73800 0.74158 
 0.26203 0.26071 0.25732 -0.14217 -0.13938 -0.02451 -0.02913 0.73884 0.74268 
 0.26303 0.25984 0.25622 -0.14281 -0.13991 -0.02451 -0.02907 0.73973 0.74378 
 0.26403 0.25899 0.25513 -0.14348 -0.14044 -0.02455 -0.02900 0.74060 0.74487 
 0.26503 0.25817 0.25404 -0.14419 -0.14096 -0.02458 -0.02894 0.74150 0.74596 
 0.26603 0.25741 0.25295 -0.14481 -0.14147 -0.02458 -0.02888 0.74243 0.74705 
 0.26703 0.25659 0.25186 -0.14539 -0.14198 -0.02454 -0.02881 0.74338 0.74814 
 0.26803 0.25576 0.25078 -0.14594 -0.14248 -0.02456 -0.02874 0.74431 0.74922 
 0.26903 0.25495 0.24970 -0.14653 -0.14297 -0.02461 -0.02867 0.74526 0.75030 
 0.27003 0.25406 0.24862 -0.14708 -0.14347 -0.02464 -0.02860 0.74618 0.75138 
 0.27103 0.25321 0.24754 -0.14758 -0.14395 -0.02468 -0.02853 0.74705 0.75246 
 0.27203 0.25228 0.24647 -0.14808 -0.14443 -0.02474 -0.02846 0.74798 0.75353 
 0.27303 0.25137 0.24540 -0.14858 -0.14491 -0.02478 -0.02838 0.74888 0.75460 
 0.27403 0.25045 0.24433 -0.14907 -0.14538 -0.02481 -0.02830 0.74983 0.75567 
 0.27503 0.24956 0.24326 -0.14955 -0.14584 -0.02486 -0.02822 0.75076 0.75674 
 0.27603 0.24864 0.24220 -0.15007 -0.14630 -0.02492 -0.02814 0.75172 0.75780 
 0.27703 0.24769 0.24114 -0.15055 -0.14676 -0.02501 -0.02806 0.75264 0.75886 
 0.27803 0.24673 0.24009 -0.15102 -0.14721 -0.02502 -0.02797 0.75359 0.75991 
 0.27903 0.24582 0.23903 -0.15144 -0.14766 -0.02501 -0.02789 0.75458 0.76097 
 0.28003 0.24495 0.23799 -0.15189 -0.14810 -0.02501 -0.02780 0.75556 0.76201 
 0.28103 0.24411 0.23694 -0.15231 -0.14854 -0.02505 -0.02770 0.75647 0.76306 
 0.28203 0.24315 0.23590 -0.15276 -0.14898 -0.02507 -0.02761 0.75731 0.76410 
 0.28303 0.24217 0.23486 -0.15316 -0.14941 -0.02512 -0.02751 0.75816 0.76514 
 0.28403 0.24117 0.23383 -0.15361 -0.14984 -0.02518 -0.02741 0.75908 0.76617 
 0.28503 0.24020 0.23280 -0.15397 -0.15026 -0.02524 -0.02731 0.76000 0.76721 
 0.28603 0.23926 0.23177 -0.15438 -0.15069 -0.02532 -0.02721 0.76098 0.76823 
 0.28703 0.23830 0.23075 -0.15481 -0.15110 -0.02542 -0.02710 0.76193 0.76926 
 0.28803 0.23742 0.22973 -0.15527 -0.15152 -0.02548 -0.02699 0.76296 0.77027 
 0.28903 0.23655 0.22871 -0.15561 -0.15193 -0.02551 -0.02688 0.76393 0.77129 
 0.29003 0.23565 0.22770 -0.15596 -0.15234 -0.02552 -0.02677 0.76485 0.77230 
 0.29103 0.23471 0.22670 -0.15628 -0.15274 -0.02556 -0.02665 0.76579 0.77331 
 0.29203 0.23379 0.22569 -0.15665 -0.15315 -0.02560 -0.02654 0.76682 0.77431 
 0.29303 0.23285 0.22470 -0.15705 -0.15354 -0.02567 -0.02642 0.76786 0.77531 
 0.29403 0.23184 0.22370 -0.15744 -0.15394 -0.02567 -0.02630 0.76889 0.77630 
 0.29503 0.23093 0.22271 -0.15781 -0.15434 -0.02568 -0.02617 0.76990 0.77729 
 0.29603 0.22998 0.22173 -0.15820 -0.15473 -0.02572 -0.02605 0.77093 0.77827 
 0.29703 0.22903 0.22075 -0.15853 -0.15512 -0.02576 -0.02592 0.77194 0.77925 
 0.29803 0.22801 0.21978 -0.15890 -0.15550 -0.02581 -0.02579 0.77301 0.78022 
 0.29903 0.22698 0.21881 -0.15922 -0.15588 -0.02582 -0.02566 0.77400 0.78119 
 0.30003 0.22600 0.21784 -0.15959 -0.15627 -0.02585 -0.02553 0.77503 0.78216 
 0.30103 0.22504 0.21688 -0.15993 -0.15665 -0.02585 -0.02540 0.77605 0.78312 
 0.30203 0.22410 0.21593 -0.16029 -0.15702 -0.02587 -0.02526 0.77710 0.78407 
 0.30303 0.22316 0.21498 -0.16061 -0.15739 -0.02589 -0.02513 0.77813 0.78502 
 0.30403 0.22223 0.21404 -0.16093 -0.15776 -0.02587 -0.02499 0.77914 0.78596 
 0.30503 0.22126 0.21310 -0.16120 -0.15813 -0.02581 -0.02485 0.78013 0.78690 
 0.30603 0.22034 0.21216 -0.16151 -0.15850 -0.02576 -0.02471 0.78107 0.78784 
 0.30703 0.21944 0.21124 -0.16182 -0.15887 -0.02570 -0.02457 0.78209 0.78876 
 0.30803 0.21850 0.21031 -0.16217 -0.15923 -0.02568 -0.02443 0.78309 0.78969 
 0.30903 0.21761 0.20939 -0.16252 -0.15959 -0.02567 -0.02429 0.78409 0.79061 
 0.31003 0.21673 0.20848 -0.16282 -0.15994 -0.02564 -0.02414 0.78508 0.79152 
 0.31103 0.21582 0.20758 -0.16312 -0.16030 -0.02553 -0.02400 0.78602 0.79242 
 0.31203 0.21493 0.20667 -0.16342 -0.16065 -0.02547 -0.02386 0.78701 0.79332 
 0.31303 0.21408 0.20578 -0.16369 -0.16100 -0.02539 -0.02371 0.78799 0.79422 
 0.31403 0.21309 0.20489 -0.16399 -0.16135 -0.02532 -0.02357 0.78896 0.79511 
 0.31503 0.21220 0.20400 -0.16428 -0.16170 -0.02520 -0.02342 0.78999 0.79600 
 0.31603 0.21133 0.20312 -0.16459 -0.16204 -0.02507 -0.02327 0.79102 0.79688 
 0.31703 0.21039 0.20225 -0.16492 -0.16238 -0.02497 -0.02313 0.79193 0.79775 
 0.31803 0.20949 0.20138 -0.16527 -0.16272 -0.02489 -0.02298 0.79288 0.79862 
 0.31903 0.20859 0.20052 -0.16564 -0.16306 -0.02474 -0.02284 0.79383 0.79948 
 0.32003 0.20766 0.19966 -0.16592 -0.16339 -0.02459 -0.02269 0.79474 0.80034 
 0.32103 0.20674 0.19881 -0.16624 -0.16373 -0.02445 -0.02255 0.79565 0.80119 
 0.32203 0.20582 0.19796 -0.16655 -0.16406 -0.02432 -0.02240 0.79657 0.80204 
 0.32303 0.20492 0.19712 -0.16686 -0.16438 -0.02419 -0.02226 0.79749 0.80288 
 0.32403 0.20405 0.19628 -0.16720 -0.16471 -0.02405 -0.02211 0.79846 0.80372 
 0.32503 0.20314 0.19545 -0.16748 -0.16503 -0.02388 -0.02197 0.79940 0.80455 
 0.32603 0.20224 0.19463 -0.16784 -0.16535 -0.02373 -0.02182 0.80026 0.80537 
 0.32703 0.20137 0.19381 -0.16820 -0.16567 -0.02355 -0.02168 0.80113 0.80619 
 0.32803 0.20046 0.19299 -0.16851 -0.16599 -0.02337 -0.02154 0.80207 0.80700 
 0.32903 0.19961 0.19219 -0.16885 -0.16630 -0.02320 -0.02140 0.80300 0.80781 
 0.33003 0.19870 0.19138 -0.16915 -0.16661 -0.02304 -0.02126 0.80386 0.80862 
 0.33103 0.19785 0.19059 -0.16950 -0.16692 -0.02288 -0.02112 0.80470 0.80941 
 0.33203 0.19701 0.18979 -0.16982 -0.16723 -0.02267 -0.02098 0.80554 0.81021 
 0.33303 0.19613 0.18900 -0.17016 -0.16753 -0.02247 -0.02084 0.80643 0.81100 
 0.33403 0.19525 0.18822 -0.17051 -0.16783 -0.02237 -0.02071 0.80731 0.81178 
 0.33503 0.19442 0.18744 -0.17081 -0.16813 -0.02215 -0.02057 0.80818 0.81256 
 0.33603 0.19355 0.18667 -0.17112 -0.16842 -0.02197 -0.02044 0.80900 0.81333 
 0.33703 0.19271 0.18590 -0.17147 -0.16872 -0.02181 -0.02030 0.80983 0.81410 
 0.33803 0.19185 0.18514 -0.17182 -0.16901 -0.02164 -0.02017 0.81055 0.81486 
 0.33903 0.19101 0.18438 -0.17211 -0.16930 -0.02148 -0.02004 0.81132 0.81562 
 0.34003 0.19020 0.18363 -0.17245 -0.16959 -0.02132 -0.01991 0.81208 0.81637 
 0.34103 0.18939 0.18288 -0.17280 -0.16987 -0.02111 -0.01978 0.81284 0.81712 
 0.34203 0.18854 0.18214 -0.17315 -0.17015 -0.02096 -0.01966 0.81357 0.81786 
 0.34303 0.18775 0.18140 -0.17353 -0.17043 -0.02077 -0.01953 0.81432 0.81860 
 0.34403 0.18692 0.18067 -0.17389 -0.17070 -0.02060 -0.01941 0.81511 0.81933 
 0.34503 0.18612 0.17994 -0.17426 -0.17097 -0.02040 -0.01929 0.81590 0.82006 
 0.34603 0.18535 0.17922 -0.17460 -0.17125 -0.02021 -0.01917 0.81663 0.82078 
 0.34703 0.18461 0.17850 -0.17498 -0.17151 -0.02004 -0.01905 0.81729 0.82150 
 0.34803 0.18386 0.17778 -0.17533 -0.17178 -0.01984 -0.01893 0.81802 0.82222 
 0.34903 0.18308 0.17707 -0.17567 -0.17204 -0.01967 -0.01881 0.81878 0.82293 
 0.35004 0.18226 0.17636 -0.17600 -0.17230 -0.01946 -0.01869 0.81954 0.82364 
 0.35104 0.18156 0.17566 -0.17635 -0.17256 -0.01930 -0.01858 0.82026 0.82434 
 0.35204 0.18080 0.17496 -0.17670 -0.17281 -0.01912 -0.01847 0.82094 0.82504 
 0.35304 0.18002 0.17427 -0.17703 -0.17306 -0.01897 -0.01836 0.82167 0.82573 
 0.35404 0.17922 0.17358 -0.17739 -0.17331 -0.01882 -0.01825 0.82233 0.82642 
 0.35504 0.17855 0.17289 -0.17776 -0.17356 -0.01863 -0.01814 0.82305 0.82710 
 0.35604 0.17784 0.17221 -0.17816 -0.17380 -0.01844 -0.01803 0.82374 0.82779 
 0.35704 0.17710 0.17154 -0.17850 -0.17404 -0.01827 -0.01792 0.82445 0.82846 
 0.35804 0.17636 0.17086 -0.17886 -0.17428 -0.01812 -0.01782 0.82513 0.82914 
 0.35904 0.17569 0.17019 -0.17920 -0.17452 -0.01796 -0.01772 0.82575 0.82981 
 0.36004 0.17496 0.16953 -0.17957 -0.17475 -0.01784 -0.01762 0.82642 0.83047 
 0.36104 0.17425 0.16887 -0.17993 -0.17498 -0.01770 -0.01752 0.82712 0.83113 
 0.36204 0.17358 0.16821 -0.18031 -0.17521 -0.01755 -0.01742 0.82778 0.83179 
 0.36304 0.17293 0.16755 -0.18068 -0.17544 -0.01741 -0.01732 0.82847 0.83245 
 0.36404 0.17226 0.16690 -0.18108 -0.17566 -0.01731 -0.01722 0.82910 0.83310 
 0.36504 0.17159 0.16626 -0.18142 -0.17588 -0.01719 -0.01713 0.82970 0.83374 
 0.36604 0.17091 0.16561 -0.18182 -0.17610 -0.01706 -0.01703 0.83029 0.83439 
 0.36704 0.17022 0.16497 -0.18221 -0.17631 -0.01694 -0.01694 0.83090 0.83503 
 0.36804 0.16949 0.16434 -0.18259 -0.17652 -0.01685 -0.01685 0.83149 0.83566 
 0.36904 0.16880 0.16370 -0.18295 -0.17674 -0.01675 -0.01676 0.83206 0.83630 
 0.37004 0.16810 0.16307 -0.18331 -0.17694 -0.01664 -0.01667 0.83272 0.83693 
 0.37104 0.16747 0.16245 -0.18364 -0.17715 -0.01653 -0.01658 0.83337 0.83755 
 0.37204 0.16683 0.16182 -0.18401 -0.17735 -0.01642 -0.01649 0.83398 0.83818 
 0.37304 0.16620 0.16121 -0.18437 -0.17755 -0.01631 -0.01640 0.83458 0.83879 
 0.37404 0.16552 0.16059 -0.18472 -0.17775 -0.01625 -0.01632 0.83515 0.83941 
 0.37504 0.16488 0.15998 -0.18512 -0.17794 -0.01615 -0.01623 0.83569 0.84002 
 0.37604 0.16427 0.15937 -0.18549 -0.17814 -0.01606 -0.01615 0.83622 0.84063 
 0.37704 0.16364 0.15876 -0.18586 -0.17833 -0.01600 -0.01607 0.83678 0.84124 
 0.37804 0.16301 0.15815 -0.18617 -0.17852 -0.01589 -0.01599 0.83730 0.84184 
 0.37904 0.16239 0.15756 -0.18650 -0.17870 -0.01580 -0.01590 0.83787 0.84244 
 0.38004 0.16174 0.15696 -0.18689 -0.17889 -0.01573 -0.01582 0.83838 0.84304 
 0.38104 0.16113 0.15636 -0.18725 -0.17907 -0.01569 -0.01574 0.83889 0.84364 
 0.38204 0.16050 0.15577 -0.18751 -0.17925 -0.01558 -0.01567 0.83943 0.84423 
 0.38304 0.15988 0.15518 -0.18786 -0.17943 -0.01554 -0.01559 0.84003 0.84482 
 0.38404 0.15924 0.15460 -0.18823 -0.17960 -0.01553 -0.01551 0.84059 0.84540 
 0.38504 0.15868 0.15401 -0.18851 -0.17977 -0.01543 -0.01543 0.84111 0.84599 
 0.38604 0.15812 0.15343 -0.18878 -0.17994 -0.01532 -0.01536 0.84169 0.84657 
 0.38704 0.15756 0.15286 -0.18905 -0.18011 -0.01523 -0.01528 0.84225 0.84714 
 0.38804 0.15702 0.15228 -0.18928 -0.18028 -0.01514 -0.01521 0.84283 0.84772 
 0.38904 0.15642 0.15171 -0.18953 -0.18045 -0.01506 -0.01513 0.84338 0.84829 
 0.39004 0.15584 0.15114 -0.18974 -0.18061 -0.01499 -0.01506 0.84389 0.84886 
 0.39104 0.15528 0.15058 -0.18995 -0.18077 -0.01495 -0.01498 0.84441 0.84942 
 0.39204 0.15472 0.15001 -0.19013 -0.18093 -0.01488 -0.01491 0.84496 0.84999 
 0.39304 0.15419 0.14945 -0.19036 -0.18108 -0.01483 -0.01484 0.84546 0.85055 
 0.39404 0.15362 0.14889 -0.19059 -0.18124 -0.01476 -0.01476 0.84600 0.85111 
 0.39504 0.15307 0.14834 -0.19082 -0.18139 -0.01468 -0.01469 0.84652 0.85166 
 0.39604 0.15249 0.14779 -0.19104 -0.18155 -0.01464 -0.01462 0.84702 0.85221 
 0.39704 0.15193 0.14724 -0.19124 -0.18169 -0.01456 -0.01455 0.84753 0.85276 
 0.39804 0.15136 0.14669 -0.19144 -0.18184 -0.01453 -0.01448 0.84803 0.85331 
 0.39904 0.15082 0.14615 -0.19165 -0.18199 -0.01449 -0.01441 0.84853 0.85385 
 0.40004 0.15025 0.14561 -0.19183 -0.18213 -0.01444 -0.01433 0.84904 0.85439 
 0.40104 0.14970 0.14507 -0.19203 -0.18228 -0.01439 -0.01426 0.84954 0.85493 
 0.40204 0.14914 0.14453 -0.19221 -0.18242 -0.01432 -0.01419 0.85005 0.85547 
 0.40304 0.14861 0.14400 -0.19239 -0.18256 -0.01427 -0.01412 0.85056 0.85600 
 0.40404 0.14804 0.14347 -0.19256 -0.18269 -0.01419 -0.01405 0.85107 0.85653 
 0.40504 0.14747 0.14294 -0.19273 -0.18283 -0.01412 -0.01398 0.85156 0.85706 
 0.40604 0.14688 0.14241 -0.19288 -0.18297 -0.01405 -0.01391 0.85206 0.85759 
 0.40704 0.14630 0.14189 -0.19303 -0.18310 -0.01399 -0.01384 0.85256 0.85811 
 0.40804 0.14571 0.14137 -0.19316 -0.18323 -0.01393 -0.01378 0.85306 0.85863 
 0.40904 0.14514 0.14085 -0.19330 -0.18336 -0.01386 -0.01371 0.85356 0.85915 
 0.41004 0.14457 0.14034 -0.19344 -0.18349 -0.01380 -0.01364 0.85407 0.85966 
 0.41104 0.14401 0.13983 -0.19356 -0.18362 -0.01374 -0.01357 0.85457 0.86017 
 0.41204 0.14345 0.13932 -0.19369 -0.18374 -0.01367 -0.01350 0.85507 0.86068 
 0.41304 0.14290 0.13881 -0.19380 -0.18387 -0.01360 -0.01343 0.85556 0.86119 
 0.41404 0.14235 0.13830 -0.19391 -0.18399 -0.01353 -0.01336 0.85605 0.86170 
 0.41504 0.14180 0.13780 -0.19402 -0.18412 -0.01347 -0.01329 0.85654 0.86220 
 0.41604 0.14124 0.13730 -0.19412 -0.18424 -0.01340 -0.01323 0.85702 0.86270 
 0.41704 0.14069 0.13681 -0.19423 -0.18436 -0.01338 -0.01316 0.85752 0.86319 
 0.41804 0.14015 0.13631 -0.19436 -0.18447 -0.01335 -0.01309 0.85802 0.86369 
 0.41904 0.13963 0.13582 -0.19448 -0.18459 -0.01333 -0.01302 0.85852 0.86418 
 0.42004 0.13909 0.13533 -0.19459 -0.18471 -0.01330 -0.01295 0.85901 0.86467 
 0.42104 0.13857 0.13484 -0.19471 -0.18482 -0.01326 -0.01288 0.85949 0.86516 
 0.42204 0.13804 0.13436 -0.19482 -0.18493 -0.01322 -0.01282 0.85998 0.86564 
 0.42304 0.13753 0.13388 -0.19493 -0.18505 -0.01319 -0.01275 0.86046 0.86612 
 0.42404 0.13700 0.13340 -0.19503 -0.18516 -0.01315 -0.01268 0.86096 0.86660 
 0.42504 0.13648 0.13292 -0.19512 -0.18527 -0.01311 -0.01261 0.86145 0.86708 
 0.42604 0.13597 0.13245 -0.19522 -0.18538 -0.01308 -0.01254 0.86193 0.86755 
 0.42704 0.13546 0.13198 -0.19531 -0.18549 -0.01304 -0.01248 0.86241 0.86802 
 0.42804 0.13495 0.13151 -0.19541 -0.18559 -0.01299 -0.01241 0.86289 0.86849 
 0.42904 0.13444 0.13104 -0.19550 -0.18570 -0.01295 -0.01234 0.86337 0.86896 
 0.43004 0.13393 0.13058 -0.19559 -0.18580 -0.01289 -0.01227 0.86384 0.86942 
 0.43104 0.13343 0.13012 -0.19568 -0.18591 -0.01286 -0.01221 0.86431 0.86988 
 0.43204 0.13293 0.12966 -0.19578 -0.18601 -0.01283 -0.01214 0.86479 0.87034 
 0.43304 0.13245 0.12920 -0.19586 -0.18611 -0.01279 -0.01207 0.86526 0.87080 
 0.43404 0.13199 0.12875 -0.19594 -0.18621 -0.01274 -0.01201 0.86573 0.87125 
 0.43504 0.13151 0.12830 -0.19603 -0.18631 -0.01270 -0.01194 0.86619 0.87170 
 0.43604 0.13104 0.12785 -0.19610 -0.18641 -0.01264 -0.01187 0.86665 0.87215 
 0.43704 0.13056 0.12740 -0.19617 -0.18651 -0.01260 -0.01181 0.86711 0.87260 
 0.43804 0.13008 0.12696 -0.19624 -0.18660 -0.01255 -0.01174 0.86756 0.87304 
 0.43904 0.12960 0.12652 -0.19630 -0.18670 -0.01251 -0.01167 0.86801 0.87348 
 0.44004 0.12912 0.12608 -0.19636 -0.18679 -0.01245 -0.01161 0.86846 0.87392 
 0.44104 0.12867 0.12564 -0.19643 -0.18689 -0.01239 -0.01154 0.86890 0.87436 
 0.44204 0.12821 0.12521 -0.19650 -0.18698 -0.01234 -0.01147 0.86936 0.87479 
 0.44304 0.12776 0.12478 -0.19657 -0.18707 -0.01229 -0.01141 0.86981 0.87522 
 0.44404 0.12730 0.12435 -0.19664 -0.18716 -0.01224 -0.01134 0.87025 0.87565 
 0.44504 0.12684 0.12392 -0.19671 -0.18725 -0.01219 -0.01128 0.87069 0.87608 
 0.44604 0.12638 0.12350 -0.19678 -0.18734 -0.01213 -0.01121 0.87114 0.87650 
 0.44704 0.12592 0.12308 -0.19683 -0.18743 -0.01207 -0.01115 0.87158 0.87692 
 0.44804 0.12547 0.12266 -0.19689 -0.18752 -0.01201 -0.01108 0.87202 0.87734 
 0.44904 0.12503 0.12225 -0.19696 -0.18761 -0.01195 -0.01102 0.87247 0.87775 
 0.45005 0.12460 0.12183 -0.19702 -0.18769 -0.01188 -0.01095 0.87291 0.87817 
 0.45105 0.12416 0.12142 -0.19709 -0.18778 -0.01183 -0.01089 0.87336 0.87858 
 0.45205 0.12372 0.12101 -0.19716 -0.18786 -0.01176 -0.01083 0.87379 0.87899 
 0.45305 0.12327 0.12060 -0.19723 -0.18795 -0.01170 -0.01076 0.87423 0.87940 
 0.45405 0.12284 0.12020 -0.19729 -0.18803 -0.01164 -0.01070 0.87466 0.87980 
 0.45505 0.12241 0.11980 -0.19735 -0.18811 -0.01156 -0.01064 0.87509 0.88020 
 0.45605 0.12198 0.11940 -0.19740 -0.18819 -0.01149 -0.01057 0.87553 0.88060 
 0.45705 0.12156 0.11900 -0.19746 -0.18827 -0.01141 -0.01051 0.87596 0.88100 
 0.45805 0.12114 0.11861 -0.19753 -0.18835 -0.01134 -0.01045 0.87640 0.88139 
 0.45905 0.12071 0.11821 -0.19759 -0.18843 -0.01127 -0.01039 0.87684 0.88179 
 0.46005 0.12029 0.11782 -0.19765 -0.18851 -0.01121 -0.01033 0.87726 0.88218 
 0.46105 0.11988 0.11744 -0.19772 -0.18858 -0.01114 -0.01027 0.87769 0.88256 
 0.46205 0.11947 0.11705 -0.19779 -0.18866 -0.01107 -0.01020 0.87810 0.88295 
 0.46305 0.11906 0.11667 -0.19787 -0.18873 -0.01100 -0.01014 0.87853 0.88333 
 0.46405 0.11866 0.11629 -0.19793 -0.18881 -0.01094 -0.01008 0.87895 0.88371 
 0.46505 0.11826 0.11591 -0.19802 -0.18888 -0.01087 -0.01002 0.87937 0.88409 
 0.46605 0.11786 0.11553 -0.19809 -0.18896 -0.01080 -0.00996 0.87979 0.88447 
 0.46705 0.11746 0.11516 -0.19818 -0.18903 -0.01074 -0.00990 0.88020 0.88484 
 0.46805 0.11705 0.11478 -0.19826 -0.18910 -0.01069 -0.00985 0.88062 0.88522 
 0.46905 0.11665 0.11441 -0.19834 -0.18917 -0.01062 -0.00979 0.88104 0.88559 
 0.47005 0.11625 0.11405 -0.19843 -0.18924 -0.01056 -0.00973 0.88145 0.88595 
 0.47105 0.11585 0.11368 -0.19853 -0.18931 -0.01050 -0.00967 0.88185 0.88632 
 0.47205 0.11544 0.11332 -0.19862 -0.18938 -0.01045 -0.00961 0.88225 0.88668 
 0.47305 0.11506 0.11296 -0.19872 -0.18944 -0.01038 -0.00956 0.88265 0.88704 
 0.47405 0.11468 0.11260 -0.19882 -0.18951 -0.01031 -0.00950 0.88304 0.88740 
 0.47505 0.11429 0.11224 -0.19892 -0.18958 -0.01025 -0.00944 0.88343 0.88776 
 0.47605 0.11390 0.11189 -0.19902 -0.18964 -0.01019 -0.00939 0.88382 0.88811 
 0.47705 0.11353 0.11153 -0.19914 -0.18971 -0.01014 -0.00933 0.88422 0.88847 
 0.47805 0.11313 0.11118 -0.19924 -0.18977 -0.01008 -0.00928 0.88460 0.88882 
 0.47905 0.11276 0.11084 -0.19935 -0.18983 -0.01002 -0.00922 0.88500 0.88916 
 0.48005 0.11238 0.11049 -0.19946 -0.18990 -0.00997 -0.00917 0.88539 0.88951 
 0.48105 0.11202 0.11014 -0.19958 -0.18996 -0.00991 -0.00911 0.88578 0.88986 
 0.48205 0.11165 0.10980 -0.19970 -0.19002 -0.00986 -0.00906 0.88616 0.89020 
 0.48305 0.11129 0.10946 -0.19983 -0.19008 -0.00981 -0.00901 0.88654 0.89054 
 0.48405 0.11093 0.10912 -0.19995 -0.19014 -0.00975 -0.00895 0.88692 0.89088 
 0.48505 0.11058 0.10879 -0.20007 -0.19020 -0.00970 -0.00890 0.88730 0.89121 
 0.48605 0.11022 0.10845 -0.20020 -0.19026 -0.00964 -0.00885 0.88768 0.89155 
 0.48705 0.10988 0.10812 -0.20032 -0.19031 -0.00958 -0.00879 0.88806 0.89188 
 0.48805 0.10952 0.10779 -0.20045 -0.19037 -0.00954 -0.00874 0.88842 0.89221 
 0.48905 0.10918 0.10746 -0.20058 -0.19043 -0.00948 -0.00869 0.88880 0.89254 
 0.49005 0.10884 0.10713 -0.20071 -0.19048 -0.00942 -0.00864 0.88917 0.89287 
 0.49105 0.10849 0.10681 -0.20083 -0.19054 -0.00935 -0.00859 0.88953 0.89319 
 0.49205 0.10814 0.10649 -0.20097 -0.19059 -0.00930 -0.00854 0.88989 0.89351 
 0.49305 0.10780 0.10617 -0.20110 -0.19064 -0.00924 -0.00849 0.89024 0.89383 
 0.49405 0.10745 0.10585 -0.20123 -0.19070 -0.00918 -0.00844 0.89061 0.89415 
 0.49505 0.10712 0.10553 -0.20137 -0.19075 -0.00912 -0.00839 0.89097 0.89447 
 0.49605 0.10678 0.10522 -0.20150 -0.19080 -0.00905 -0.00834 0.89132 0.89478 
 0.49705 0.10646 0.10490 -0.20163 -0.19085 -0.00899 -0.00829 0.89168 0.89510 
 0.49805 0.10612 0.10459 -0.20178 -0.19090 -0.00894 -0.00825 0.89204 0.89541 
 0.49905 0.10580 0.10428 -0.20191 -0.19095 -0.00888 -0.00820 0.89240 0.89572 
 0.50005 0.10547 0.10397 -0.20205 -0.19100 -0.00882 -0.00815 0.89275 0.89603 
 0.50105 0.10514 0.10367 -0.20219 -0.19105 -0.00877 -0.00810 0.89310 0.89633 
 0.50205 0.10481 0.10336 -0.20234 -0.19110 -0.00872 -0.00806 0.89344 0.89664 
 0.50305 0.10449 0.10306 -0.20248 -0.19114 -0.00866 -0.00801 0.89378 0.89694 
 0.50405 0.10417 0.10276 -0.20262 -0.19119 -0.00862 -0.00796 0.89411 0.89724 
 0.50505 0.10386 0.10246 -0.20276 -0.19123 -0.00856 -0.00792 0.89445 0.89754 
 0.50605 0.10353 0.10216 -0.20290 -0.19128 -0.00851 -0.00787 0.89479 0.89784 
 0.50705 0.10322 0.10187 -0.20305 -0.19132 -0.00846 -0.00783 0.89513 0.89813 
 0.50805 0.10291 0.10157 -0.20318 -0.19137 -0.00841 -0.00778 0.89547 0.89843 
 0.50905 0.10261 0.10128 -0.20333 -0.19141 -0.00835 -0.00774 0.89579 0.89872 
 0.51005 0.10229 0.10099 -0.20347 -0.19145 -0.00830 -0.00769 0.89612 0.89901 
 0.51105 0.10200 0.10070 -0.20361 -0.19150 -0.00824 -0.00765 0.89645 0.89930 
 0.51205 0.10168 0.10041 -0.20375 -0.19154 -0.00819 -0.00761 0.89677 0.89959 
 0.51305 0.10139 0.10013 -0.20389 -0.19158 -0.00814 -0.00756 0.89710 0.89987 
 0.51405 0.10107 0.09984 -0.20402 -0.19162 -0.00808 -0.00752 0.89742 0.90016 
 0.51505 0.10077 0.09956 -0.20416 -0.19166 -0.00803 -0.00748 0.89772 0.90044 
 0.51605 0.10047 0.09928 -0.20429 -0.19170 -0.00798 -0.00744 0.89803 0.90072 
 0.51705 0.10017 0.09900 -0.20442 -0.19174 -0.00793 -0.00739 0.89835 0.90100 
 0.51805 0.09986 0.09872 -0.20454 -0.19178 -0.00788 -0.00735 0.89866 0.90128 
 0.51905 0.09956 0.09845 -0.20465 -0.19182 -0.00781 -0.00731 0.89897 0.90155 
 0.52005 0.09924 0.09817 -0.20476 -0.19185 -0.00776 -0.00727 0.89928 0.90183 
 0.52105 0.09895 0.09790 -0.20487 -0.19189 -0.00771 -0.00723 0.89957 0.90210 
 0.52205 0.09863 0.09763 -0.20498 -0.19193 -0.00766 -0.00719 0.89986 0.90237 
 0.52305 0.09833 0.09736 -0.20508 -0.19196 -0.00760 -0.00714 0.90016 0.90264 
 0.52405 0.09803 0.09709 -0.20518 -0.19200 -0.00755 -0.00710 0.90045 0.90291 
 0.52505 0.09774 0.09682 -0.20529 -0.19203 -0.00750 -0.00706 0.90074 0.90318 
 0.52605 0.09744 0.09656 -0.20539 -0.19207 -0.00745 -0.00702 0.90103 0.90344 
 0.52705 0.09716 0.09629 -0.20549 -0.19210 -0.00740 -0.00698 0.90132 0.90371 
 0.52805 0.09686 0.09603 -0.20560 -0.19214 -0.00735 -0.00694 0.90161 0.90397 
 0.52905 0.09658 0.09577 -0.20570 -0.19217 -0.00730 -0.00690 0.90188 0.90423 
 0.53005 0.09629 0.09551 -0.20579 -0.19220 -0.00725 -0.00687 0.90216 0.90449 
 0.53105 0.09601 0.09525 -0.20588 -0.19223 -0.00720 -0.00683 0.90244 0.90475 
 0.53205 0.09573 0.09500 -0.20597 -0.19226 -0.00715 -0.00679 0.90271 0.90500 
 0.53305 0.09546 0.09474 -0.20606 -0.19230 -0.00709 -0.00675 0.90298 0.90526 
 0.53405 0.09518 0.09449 -0.20615 -0.19233 -0.00705 -0.00671 0.90326 0.90551 
 0.53505 0.09492 0.09424 -0.20623 -0.19236 -0.00700 -0.00667 0.90353 0.90577 
 0.53605 0.09463 0.09398 -0.20632 -0.19239 -0.00695 -0.00664 0.90380 0.90602 
 0.53705 0.09436 0.09374 -0.20640 -0.19242 -0.00690 -0.00660 0.90407 0.90626 
 0.53805 0.09408 0.09349 -0.20648 -0.19245 -0.00685 -0.00656 0.90433 0.90651 
 0.53905 0.09383 0.09324 -0.20656 -0.19248 -0.00680 -0.00652 0.90458 0.90676 
 0.54005 0.09356 0.09300 -0.20664 -0.19250 -0.00675 -0.00649 0.90485 0.90700 
 0.54105 0.09330 0.09275 -0.20671 -0.19253 -0.00671 -0.00645 0.90511 0.90725 
 0.54205 0.09304 0.09251 -0.20678 -0.19256 -0.00666 -0.00641 0.90537 0.90749 
 0.54305 0.09279 0.09227 -0.20686 -0.19259 -0.00661 -0.00638 0.90562 0.90773 
 0.54405 0.09253 0.09203 -0.20693 -0.19261 -0.00656 -0.00634 0.90587 0.90797 
 0.54505 0.09228 0.09179 -0.20700 -0.19264 -0.00651 -0.00630 0.90611 0.90821 
 0.54605 0.09203 0.09156 -0.20706 -0.19267 -0.00646 -0.00627 0.90636 0.90844 
 0.54705 0.09179 0.09132 -0.20713 -0.19269 -0.00641 -0.00623 0.90661 0.90868 
 0.54805 0.09154 0.09109 -0.20719 -0.19272 -0.00636 -0.00619 0.90684 0.90891 
 0.54905 0.09130 0.09085 -0.20725 -0.19274 -0.00631 -0.00616 0.90708 0.90915 
 0.55006 0.09105 0.09062 -0.20731 -0.19277 -0.00626 -0.00612 0.90731 0.90938 
 0.55106 0.09082 0.09039 -0.20737 -0.19279 -0.00621 -0.00609 0.90754 0.90961 
 0.55206 0.09056 0.09016 -0.20742 -0.19281 -0.00617 -0.00605 0.90777 0.90984 
 0.55306 0.09033 0.08994 -0.20747 -0.19284 -0.00611 -0.00602 0.90800 0.91007 
 0.55406 0.09008 0.08971 -0.20752 -0.19286 -0.00606 -0.00598 0.90823 0.91029 
 0.55506 0.08985 0.08948 -0.20756 -0.19288 -0.00601 -0.00595 0.90845 0.91051 
 0.55606 0.08962 0.08926 -0.20761 -0.19291 -0.00596 -0.00592 0.90868 0.91074 
 0.55706 0.08939 0.08904 -0.20765 -0.19293 -0.00591 -0.00588 0.90890 0.91096 
 0.55806 0.08917 0.08882 -0.20770 -0.19295 -0.00586 -0.00585 0.90911 0.91118 
 0.55906 0.08895 0.08860 -0.20774 -0.19297 -0.00581 -0.00581 0.90932 0.91140 
 0.56006 0.08871 0.08838 -0.20778 -0.19299 -0.00576 -0.00578 0.90954 0.91162 
 0.56106 0.08849 0.08816 -0.20782 -0.19302 -0.00572 -0.00575 0.90974 0.91184 
 0.56206 0.08827 0.08795 -0.20786 -0.19304 -0.00567 -0.00571 0.90995 0.91205 
 0.56306 0.08805 0.08773 -0.20789 -0.19306 -0.00562 -0.00568 0.91016 0.91227 
 0.56406 0.08783 0.08752 -0.20793 -0.19308 -0.00557 -0.00565 0.91037 0.91248 
 0.56506 0.08763 0.08731 -0.20796 -0.19310 -0.00553 -0.00561 0.91057 0.91269 
 0.56606 0.08742 0.08710 -0.20798 -0.19312 -0.00548 -0.00558 0.91077 0.91290 
 0.56706 0.08721 0.08689 -0.20801 -0.19314 -0.00543 -0.00555 0.91097 0.91311 
 0.56806 0.08700 0.08668 -0.20804 -0.19316 -0.00539 -0.00552 0.91117 0.91332 
 0.56906 0.08679 0.08647 -0.20806 -0.19317 -0.00534 -0.00548 0.91136 0.91353 
 0.57006 0.08657 0.08626 -0.20809 -0.19319 -0.00529 -0.00545 0.91156 0.91373 
 0.57106 0.08637 0.08606 -0.20811 -0.19321 -0.00524 -0.00542 0.91175 0.91394 
 0.57206 0.08616 0.08586 -0.20813 -0.19323 -0.00520 -0.00539 0.91194 0.91414 
 0.57306 0.08596 0.08565 -0.20816 -0.19325 -0.00515 -0.00536 0.91213 0.91435 
 0.57406 0.08576 0.08545 -0.20817 -0.19326 -0.00510 -0.00532 0.91231 0.91455 
 0.57506 0.08556 0.08525 -0.20819 -0.19328 -0.00506 -0.00529 0.91249 0.91475 
 0.57606 0.08536 0.08505 -0.20821 -0.19330 -0.00501 -0.00526 0.91267 0.91495 
 0.57706 0.08516 0.08486 -0.20823 -0.19332 -0.00496 -0.00523 0.91285 0.91514 
 0.57806 0.08496 0.08466 -0.20824 -0.19333 -0.00491 -0.00520 0.91302 0.91534 
 0.57906 0.08478 0.08446 -0.20826 -0.19335 -0.00487 -0.00517 0.91320 0.91553 
 0.58006 0.08458 0.08427 -0.20826 -0.19337 -0.00483 -0.00514 0.91338 0.91573 
 0.58106 0.08440 0.08408 -0.20828 -0.19338 -0.00478 -0.00511 0.91355 0.91592 
 0.58206 0.08421 0.08389 -0.20828 -0.19340 -0.00474 -0.00508 0.91372 0.91612 
 0.58306 0.08403 0.08369 -0.20829 -0.19341 -0.00470 -0.00505 0.91388 0.91631 
 0.58406 0.08384 0.08351 -0.20830 -0.19343 -0.00465 -0.00502 0.91405 0.91649 
 0.58506 0.08365 0.08332 -0.20831 -0.19344 -0.00461 -0.00499 0.91421 0.91668 
 0.58606 0.08347 0.08313 -0.20832 -0.19346 -0.00456 -0.00496 0.91437 0.91687 
 0.58706 0.08330 0.08294 -0.20834 -0.19347 -0.00452 -0.00493 0.91453 0.91706 
 0.58806 0.08312 0.08276 -0.20835 -0.19348 -0.00448 -0.00490 0.91468 0.91724 
 0.58906 0.08295 0.08257 -0.20837 -0.19350 -0.00443 -0.00487 0.91482 0.91743 
 0.59006 0.08278 0.08239 -0.20838 -0.19351 -0.00439 -0.00484 0.91497 0.91761 
 0.59106 0.08261 0.08221 -0.20840 -0.19353 -0.00435 -0.00481 0.91512 0.91779 
 0.59206 0.08243 0.08203 -0.20842 -0.19354 -0.00430 -0.00478 0.91527 0.91797 
 0.59306 0.08226 0.08185 -0.20844 -0.19355 -0.00426 -0.00476 0.91542 0.91815 
 0.59406 0.08209 0.08167 -0.20847 -0.19357 -0.00421 -0.00473 0.91556 0.91833 
 0.59506 0.08193 0.08149 -0.20850 -0.19358 -0.00418 -0.00470 0.91570 0.91851 
 0.59606 0.08175 0.08132 -0.20853 -0.19359 -0.00414 -0.00467 0.91584 0.91868 
 0.59706 0.08159 0.08114 -0.20856 -0.19360 -0.00410 -0.00464 0.91598 0.91886 
 0.59806 0.08142 0.08097 -0.20859 -0.19362 -0.00407 -0.00462 0.91611 0.91903 
 0.59906 0.08125 0.08079 -0.20863 -0.19363 -0.00403 -0.00459 0.91624 0.91921 
 0.60006 0.08108 0.08062 -0.20867 -0.19364 -0.00400 -0.00456 0.91637 0.91938 
 0.60106 0.08092 0.08045 -0.20871 -0.19365 -0.00397 -0.00453 0.91650 0.91955 
 0.60206 0.08076 0.08028 -0.20874 -0.19366 -0.00393 -0.00451 0.91663 0.91972 
 0.60306 0.08060 0.08011 -0.20878 -0.19367 -0.00390 -0.00448 0.91676 0.91989 
 0.60406 0.08043 0.07994 -0.20882 -0.19368 -0.00387 -0.00445 0.91689 0.92006 
 0.60506 0.08028 0.07977 -0.20887 -0.19370 -0.00384 -0.00443 0.91701 0.92023 
 0.60606 0.08012 0.07961 -0.20891 -0.19370 -0.00381 -0.00440 0.91713 0.92039 
 0.60706 0.07996 0.07944 -0.20896 -0.19372 -0.00378 -0.00437 0.91726 0.92056 
 0.60806 0.07980 0.07928 -0.20901 -0.19373 -0.00376 -0.00435 0.91737 0.92072 
 0.60906 0.07965 0.07911 -0.20906 -0.19374 -0.00374 -0.00432 0.91749 0.92089 
 0.61006 0.07949 0.07895 -0.20911 -0.19375 -0.00372 -0.00430 0.91760 0.92105 
 0.61106 0.07934 0.07879 -0.20916 -0.19376 -0.00370 -0.00427 0.91771 0.92121 
 0.61206 0.07919 0.07863 -0.20922 -0.19376 -0.00369 -0.00424 0.91782 0.92137 
 0.61306 0.07904 0.07847 -0.20928 -0.19378 -0.00367 -0.00422 0.91793 0.92153 
 0.61406 0.07888 0.07831 -0.20933 -0.19378 -0.00365 -0.00419 0.91803 0.92169 
 0.61506 0.07873 0.07816 -0.20940 -0.19379 -0.00364 -0.00417 0.91814 0.92185 
 0.61606 0.07858 0.07800 -0.20946 -0.19380 -0.00362 -0.00414 0.91824 0.92200 
 0.61706 0.07843 0.07784 -0.20952 -0.19381 -0.00361 -0.00412 0.91835 0.92216 
 0.61806 0.07827 0.07769 -0.20958 -0.19382 -0.00360 -0.00409 0.91845 0.92231 
 0.61906 0.07813 0.07753 -0.20965 -0.19383 -0.00358 -0.00407 0.91855 0.92247 
 0.62006 0.07800 0.07738 -0.20969 -0.19384 -0.00355 -0.00405 0.91865 0.92262 
 0.62106 0.07788 0.07723 -0.20974 -0.19384 -0.00352 -0.00402 0.91876 0.92277 
 0.62206 0.07774 0.07708 -0.20979 -0.19385 -0.00349 -0.00400 0.91887 0.92292 
 0.62306 0.07762 0.07693 -0.20984 -0.19386 -0.00347 -0.00397 0.91897 0.92307 
 0.62406 0.07749 0.07678 -0.20989 -0.19387 -0.00344 -0.00395 0.91907 0.92322 
 0.62506 0.07736 0.07663 -0.20995 -0.19387 -0.00341 -0.00393 0.91917 0.92337 
 0.62606 0.07723 0.07648 -0.21000 -0.19388 -0.00339 -0.00390 0.91927 0.92352 
 0.62706 0.07711 0.07634 -0.21006 -0.19389 -0.00336 -0.00388 0.91937 0.92366 
 0.62806 0.07698 0.07619 -0.21011 -0.19390 -0.00334 -0.00386 0.91947 0.92381 
 0.62906 0.07686 0.07605 -0.21017 -0.19390 -0.00332 -0.00383 0.91956 0.92395 
 0.63006 0.07674 0.07590 -0.21022 -0.19391 -0.00329 -0.00381 0.91966 0.92410 
 0.63106 0.07662 0.07576 -0.21028 -0.19392 -0.00326 -0.00379 0.91975 0.92424 
 0.63206 0.07649 0.07562 -0.21033 -0.19392 -0.00324 -0.00376 0.91985 0.92438 
 0.63306 0.07638 0.07548 -0.21039 -0.19393 -0.00321 -0.00374 0.91994 0.92452 
 0.63406 0.07625 0.07533 -0.21044 -0.19393 -0.00319 -0.00372 0.92004 0.92466 
 0.63506 0.07614 0.07520 -0.21050 -0.19394 -0.00316 -0.00370 0.92013 0.92480 
 0.63606 0.07602 0.07506 -0.21056 -0.19395 -0.00313 -0.00368 0.92021 0.92494 
 0.63706 0.07591 0.07492 -0.21062 -0.19395 -0.00310 -0.00365 0.92030 0.92508 
 0.63806 0.07578 0.07478 -0.21067 -0.19396 -0.00308 -0.00363 0.92039 0.92522 
 0.63906 0.07567 0.07464 -0.21073 -0.19396 -0.00304 -0.00361 0.92048 0.92536 
 0.64006 0.07555 0.07451 -0.21079 -0.19397 -0.00301 -0.00359 0.92056 0.92549 
 0.64106 0.07544 0.07437 -0.21084 -0.19397 -0.00298 -0.00357 0.92064 0.92563 
 0.64206 0.07533 0.07424 -0.21090 -0.19398 -0.00295 -0.00355 0.92073 0.92576 
 0.64306 0.07522 0.07411 -0.21095 -0.19398 -0.00291 -0.00352 0.92081 0.92589 
 0.64406 0.07511 0.07397 -0.21101 -0.19399 -0.00288 -0.00350 0.92089 0.92602 
 0.64506 0.07500 0.07384 -0.21106 -0.19399 -0.00284 -0.00348 0.92097 0.92616 
 0.64606 0.07489 0.07371 -0.21112 -0.19400 -0.00281 -0.00346 0.92104 0.92629 
 0.64706 0.07478 0.07358 -0.21118 -0.19400 -0.00277 -0.00344 0.92112 0.92642 
 0.64806 0.07467 0.07345 -0.21123 -0.19401 -0.00274 -0.00342 0.92120 0.92655 
 0.64906 0.07456 0.07332 -0.21128 -0.19401 -0.00271 -0.00340 0.92129 0.92668 
 0.65007 0.07445 0.07320 -0.21133 -0.19401 -0.00269 -0.00338 0.92139 0.92680 
 0.65107 0.07434 0.07307 -0.21138 -0.19402 -0.00267 -0.00336 0.92148 0.92693 
 0.65207 0.07423 0.07294 -0.21143 -0.19402 -0.00265 -0.00334 0.92157 0.92706 
 0.65307 0.07412 0.07282 -0.21148 -0.19403 -0.00262 -0.00332 0.92166 0.92718 
 0.65407 0.07401 0.07269 -0.21153 -0.19403 -0.00260 -0.00330 0.92175 0.92731 
 0.65507 0.07391 0.07257 -0.21158 -0.19403 -0.00258 -0.00328 0.92184 0.92743 
 0.65607 0.07381 0.07245 -0.21163 -0.19404 -0.00256 -0.00326 0.92192 0.92755 
 0.65707 0.07371 0.07232 -0.21168 -0.19404 -0.00253 -0.00324 0.92201 0.92768 
 0.65807 0.07361 0.07220 -0.21172 -0.19404 -0.00251 -0.00322 0.92210 0.92780 
 0.65907 0.07352 0.07208 -0.21177 -0.19405 -0.00248 -0.00320 0.92218 0.92792 
 0.66007 0.07342 0.07196 -0.21181 -0.19405 -0.00246 -0.00318 0.92227 0.92804 
 0.66107 0.07333 0.07184 -0.21185 -0.19405 -0.00243 -0.00316 0.92236 0.92816 
 0.66207 0.07323 0.07172 -0.21189 -0.19405 -0.00241 -0.00315 0.92244 0.92828 
 0.66307 0.07314 0.07160 -0.21194 -0.19406 -0.00239 -0.00313 0.92253 0.92840 
 0.66407 0.07304 0.07149 -0.21198 -0.19406 -0.00237 -0.00311 0.92261 0.92851 
 0.66507 0.07296 0.07137 -0.21202 -0.19406 -0.00234 -0.00309 0.92270 0.92863 
 0.66607 0.07286 0.07125 -0.21205 -0.19406 -0.00232 -0.00307 0.92278 0.92875 
 0.66707 0.07278 0.07114 -0.21209 -0.19407 -0.00229 -0.00305 0.92287 0.92886 
 0.66807 0.07268 0.07102 -0.21213 -0.19407 -0.00227 -0.00303 0.92295 0.92898 
 0.66907 0.07260 0.07091 -0.21216 -0.19407 -0.00225 -0.00302 0.92303 0.92909 
 0.67007 0.07251 0.07080 -0.21219 -0.19407 -0.00223 -0.00300 0.92311 0.92920 
 0.67107 0.07243 0.07068 -0.21223 -0.19407 -0.00221 -0.00298 0.92320 0.92932 
 0.67207 0.07234 0.07057 -0.21226 -0.19408 -0.00219 -0.00296 0.92328 0.92943 
 0.67307 0.07227 0.07046 -0.21230 -0.19408 -0.00217 -0.00295 0.92335 0.92954 
 0.67407 0.07219 0.07035 -0.21233 -0.19408 -0.00216 -0.00293 0.92343 0.92965 
 0.67507 0.07211 0.07024 -0.21236 -0.19408 -0.00214 -0.00291 0.92351 0.92976 
 0.67607 0.07203 0.07013 -0.21238 -0.19408 -0.00213 -0.00289 0.92358 0.92987 
 0.67707 0.07196 0.07002 -0.21241 -0.19409 -0.00211 -0.00288 0.92366 0.92998 
 0.67807 0.07188 0.06991 -0.21244 -0.19409 -0.00209 -0.00286 0.92373 0.93009 
 0.67907 0.07181 0.06981 -0.21247 -0.19409 -0.00207 -0.00284 0.92381 0.93019 
 0.68007 0.07173 0.06970 -0.21249 -0.19409 -0.00206 -0.00282 0.92388 0.93030 
 0.68107 0.07166 0.06959 -0.21252 -0.19409 -0.00204 -0.00281 0.92396 0.93041 
 0.68207 0.07159 0.06949 -0.21254 -0.19409 -0.00203 -0.00279 0.92403 0.93051 
 0.68307 0.07152 0.06938 -0.21256 -0.19409 -0.00201 -0.00277 0.92411 0.93062 
 0.68407 0.07144 0.06928 -0.21258 -0.19409 -0.00200 -0.00276 0.92418 0.93072 
 0.68507 0.07138 0.06918 -0.21260 -0.19409 -0.00198 -0.00274 0.92425 0.93082 
 0.68607 0.07130 0.06907 -0.21261 -0.19410 -0.00197 -0.00272 0.92432 0.93093 
 0.68707 0.07124 0.06897 -0.21263 -0.19410 -0.00195 -0.00271 0.92439 0.93103 
 0.68807 0.07116 0.06887 -0.21264 -0.19410 -0.00194 -0.00269 0.92446 0.93113 
 0.68907 0.07110 0.06877 -0.21265 -0.19410 -0.00192 -0.00268 0.92453 0.93123 
 0.69007 0.07102 0.06867 -0.21266 -0.19410 -0.00190 -0.00266 0.92459 0.93133 
 0.69107 0.07096 0.06857 -0.21266 -0.19410 -0.00189 -0.00264 0.92466 0.93143 
 0.69207 0.07089 0.06847 -0.21267 -0.19410 -0.00187 -0.00263 0.92473 0.93153 
 0.69307 0.07082 0.06837 -0.21268 -0.19410 -0.00186 -0.00261 0.92479 0.93163 
 0.69407 0.07075 0.06827 -0.21268 -0.19410 -0.00184 -0.00260 0.92486 0.93173 
 0.69507 0.07069 0.06817 -0.21268 -0.19410 -0.00183 -0.00258 0.92492 0.93183 
 0.69607 0.07063 0.06808 -0.21268 -0.19410 -0.00182 -0.00256 0.92498 0.93192 
 0.69707 0.07057 0.06798 -0.21269 -0.19410 -0.00180 -0.00255 0.92505 0.93202 
 0.69807 0.07050 0.06789 -0.21268 -0.19410 -0.00179 -0.00253 0.92511 0.93212 
 0.69907 0.07044 0.06779 -0.21268 -0.19410 -0.00178 -0.00252 0.92517 0.93221 
 0.70007 0.07038 0.06770 -0.21268 -0.19410 -0.00176 -0.00250 0.92523 0.93231 
 0.70107 0.07032 0.06760 -0.21268 -0.19410 -0.00175 -0.00249 0.92530 0.93240 
 0.70207 0.07026 0.06751 -0.21268 -0.19410 -0.00174 -0.00247 0.92536 0.93249 
 0.70307 0.07021 0.06742 -0.21267 -0.19410 -0.00173 -0.00246 0.92542 0.93258 
 0.70407 0.07014 0.06732 -0.21267 -0.19410 -0.00171 -0.00244 0.92548 0.93268 
 0.70507 0.07009 0.06723 -0.21266 -0.19410 -0.00170 -0.00243 0.92554 0.93277 
 0.70607 0.07003 0.06714 -0.21265 -0.19410 -0.00169 -0.00241 0.92560 0.93286 
 0.70707 0.06997 0.06705 -0.21264 -0.19410 -0.00168 -0.00240 0.92565 0.93295 
 0.70807 0.06992 0.06696 -0.21264 -0.19410 -0.00167 -0.00239 0.92571 0.93304 
 0.70907 0.06986 0.06687 -0.21263 -0.19410 -0.00166 -0.00237 0.92577 0.93313 
 0.71007 0.06980 0.06678 -0.21262 -0.19410 -0.00165 -0.00236 0.92583 0.93322 
 0.71107 0.06975 0.06669 -0.21261 -0.19410 -0.00164 -0.00234 0.92589 0.93331 
 0.71207 0.06970 0.06660 -0.21260 -0.19410 -0.00163 -0.00233 0.92594 0.93340 
 0.71307 0.06964 0.06652 -0.21259 -0.19409 -0.00162 -0.00231 0.92600 0.93348 
 0.71407 0.06959 0.06643 -0.21258 -0.19409 -0.00162 -0.00230 0.92606 0.93357 
 0.71507 0.06954 0.06634 -0.21257 -0.19409 -0.00161 -0.00229 0.92611 0.93366 
 0.71607 0.06948 0.06626 -0.21256 -0.19409 -0.00160 -0.00227 0.92617 0.93374 
 0.71707 0.06943 0.06617 -0.21255 -0.19409 -0.00159 -0.00226 0.92623 0.93383 
 0.71807 0.06938 0.06609 -0.21255 -0.19409 -0.00158 -0.00224 0.92629 0.93391 
 0.71907 0.06932 0.06600 -0.21254 -0.19409 -0.00158 -0.00223 0.92635 0.93400 
 0.72007 0.06927 0.06592 -0.21253 -0.19409 -0.00157 -0.00222 0.92641 0.93408 
 0.72107 0.06922 0.06584 -0.21252 -0.19409 -0.00156 -0.00220 0.92647 0.93416 
 0.72207 0.06916 0.06575 -0.21251 -0.19409 -0.00156 -0.00219 0.92653 0.93425 
 0.72307 0.06911 0.06567 -0.21251 -0.19409 -0.00155 -0.00218 0.92659 0.93433 
 0.72407 0.06906 0.06559 -0.21250 -0.19409 -0.00154 -0.00216 0.92665 0.93441 
 0.72507 0.06901 0.06551 -0.21249 -0.19408 -0.00153 -0.00215 0.92671 0.93449 
 0.72607 0.06895 0.06543 -0.21248 -0.19408 -0.00152 -0.00214 0.92677 0.93457 
 0.72707 0.06891 0.06535 -0.21247 -0.19408 -0.00152 -0.00212 0.92683 0.93465 
 0.72807 0.06886 0.06527 -0.21247 -0.19408 -0.00151 -0.00211 0.92689 0.93473 
 0.72907 0.06881 0.06519 -0.21246 -0.19408 -0.00150 -0.00210 0.92695 0.93481 
 0.73007 0.06876 0.06511 -0.21245 -0.19408 -0.00150 -0.00209 0.92700 0.93489 
 0.73107 0.06872 0.06503 -0.21245 -0.19408 -0.00149 -0.00207 0.92706 0.93497 
 0.73207 0.06867 0.06495 -0.21244 -0.19407 -0.00148 -0.00206 0.92712 0.93505 
 0.73307 0.06862 0.06487 -0.21244 -0.19407 -0.00147 -0.00205 0.92718 0.93512 
 0.73407 0.06857 0.06480 -0.21244 -0.19407 -0.00146 -0.00204 0.92724 0.93520 
 0.73507 0.06853 0.06472 -0.21243 -0.19407 -0.00146 -0.00202 0.92729 0.93528 
 0.73607 0.06848 0.06465 -0.21243 -0.19407 -0.00145 -0.00201 0.92735 0.93536 
 0.73707 0.06844 0.06457 -0.21243 -0.19407 -0.00144 -0.00200 0.92741 0.93543 
 0.73807 0.06839 0.06449 -0.21242 -0.19406 -0.00143 -0.00199 0.92747 0.93551 
 0.73907 0.06834 0.06442 -0.21242 -0.19406 -0.00142 -0.00197 0.92752 0.93558 
 0.74007 0.06829 0.06435 -0.21242 -0.19406 -0.00142 -0.00196 0.92758 0.93565 
 0.74107 0.06825 0.06427 -0.21242 -0.19406 -0.00141 -0.00195 0.92764 0.93573 
 0.74207 0.06820 0.06420 -0.21242 -0.19406 -0.00140 -0.00194 0.92769 0.93580 
 0.74307 0.06816 0.06413 -0.21242 -0.19406 -0.00139 -0.00193 0.92775 0.93587 
 0.74407 0.06812 0.06405 -0.21242 -0.19406 -0.00139 -0.00192 0.92781 0.93595 
 0.74507 0.06808 0.06398 -0.21242 -0.19405 -0.00138 -0.00190 0.92786 0.93602 
 0.74607 0.06803 0.06391 -0.21243 -0.19405 -0.00137 -0.00189 0.92792 0.93609 
 0.74707 0.06799 0.06384 -0.21243 -0.19405 -0.00136 -0.00188 0.92797 0.93616 
 0.74807 0.06795 0.06377 -0.21243 -0.19405 -0.00136 -0.00187 0.92803 0.93623 
 0.74907 0.06790 0.06370 -0.21244 -0.19404 -0.00135 -0.00186 0.92808 0.93630 
 0.75008 0.06786 0.06363 -0.21244 -0.19404 -0.00134 -0.00185 0.92813 0.93637 
 0.75108 0.06782 0.06356 -0.21245 -0.19404 -0.00133 -0.00184 0.92819 0.93644 
 0.75208 0.06778 0.06349 -0.21245 -0.19404 -0.00132 -0.00182 0.92824 0.93651 
 0.75308 0.06774 0.06342 -0.21246 -0.19404 -0.00131 -0.00181 0.92829 0.93658 
 0.75408 0.06769 0.06335 -0.21246 -0.19404 -0.00130 -0.00180 0.92834 0.93665 
 0.75508 0.06765 0.06329 -0.21247 -0.19403 -0.00129 -0.00179 0.92839 0.93671 
 0.75608 0.06760 0.06322 -0.21248 -0.19403 -0.00128 -0.00178 0.92844 0.93678 
 0.75708 0.06756 0.06315 -0.21249 -0.19403 -0.00126 -0.00177 0.92849 0.93685 
 0.75808 0.06752 0.06309 -0.21249 -0.19403 -0.00125 -0.00176 0.92854 0.93691 
 0.75908 0.06747 0.06302 -0.21250 -0.19403 -0.00124 -0.00175 0.92858 0.93698 
 0.76008 0.06743 0.06295 -0.21251 -0.19402 -0.00123 -0.00174 0.92863 0.93705 
 0.76108 0.06739 0.06289 -0.21252 -0.19402 -0.00122 -0.00173 0.92867 0.93711 
 0.76208 0.06734 0.06282 -0.21253 -0.19402 -0.00120 -0.00172 0.92872 0.93718 
 0.76308 0.06730 0.06276 -0.21254 -0.19402 -0.00119 -0.00171 0.92876 0.93724 
 0.76408 0.06726 0.06270 -0.21255 -0.19401 -0.00118 -0.00169 0.92881 0.93731 
 0.76508 0.06722 0.06263 -0.21257 -0.19401 -0.00116 -0.00168 0.92885 0.93737 
 0.76608 0.06718 0.06257 -0.21258 -0.19401 -0.00115 -0.00167 0.92889 0.93743 
 0.76708 0.06714 0.06251 -0.21259 -0.19401 -0.00113 -0.00166 0.92894 0.93749 
 0.76808 0.06710 0.06244 -0.21260 -0.19400 -0.00112 -0.00165 0.92898 0.93756 
 0.76908 0.06706 0.06238 -0.21262 -0.19400 -0.00110 -0.00164 0.92902 0.93762 
 0.77008 0.06702 0.06232 -0.21263 -0.19400 -0.00109 -0.00163 0.92906 0.93768 
 0.77108 0.06698 0.06226 -0.21264 -0.19400 -0.00107 -0.00162 0.92910 0.93774 
 0.77208 0.06694 0.06220 -0.21266 -0.19400 -0.00105 -0.00161 0.92914 0.93780 
 0.77308 0.06690 0.06214 -0.21267 -0.19399 -0.00103 -0.00160 0.92918 0.93786 
 0.77408 0.06686 0.06208 -0.21269 -0.19399 -0.00102 -0.00159 0.92922 0.93792 
 0.77508 0.06683 0.06202 -0.21270 -0.19399 -0.00100 -0.00158 0.92926 0.93798 
 0.77608 0.06679 0.06196 -0.21272 -0.19398 -0.00098 -0.00157 0.92929 0.93804 
 0.77708 0.06676 0.06190 -0.21274 -0.19398 -0.00096 -0.00157 0.92933 0.93810 
 0.77808 0.06672 0.06184 -0.21275 -0.19398 -0.00094 -0.00156 0.92937 0.93816 
 0.77908 0.06669 0.06178 -0.21277 -0.19398 -0.00093 -0.00155 0.92940 0.93822 
 0.78008 0.06665 0.06172 -0.21279 -0.19398 -0.00091 -0.00154 0.92944 0.93828 
 0.78108 0.06662 0.06166 -0.21281 -0.19397 -0.00089 -0.00153 0.92947 0.93834 
 0.78208 0.06659 0.06161 -0.21282 -0.19397 -0.00087 -0.00152 0.92950 0.93839 
 0.78308 0.06656 0.06155 -0.21284 -0.19397 -0.00085 -0.00151 0.92954 0.93845 
 0.78408 0.06653 0.06149 -0.21286 -0.19396 -0.00083 -0.00150 0.92957 0.93851 
 0.78508 0.06650 0.06144 -0.21288 -0.19396 -0.00081 -0.00149 0.92960 0.93856 
 0.78608 0.06647 0.06138 -0.21290 -0.19396 -0.00080 -0.00148 0.92963 0.93862 
 0.78708 0.06644 0.06133 -0.21292 -0.19396 -0.00078 -0.00147 0.92966 0.93867 
 0.78808 0.06642 0.06127 -0.21294 -0.19395 -0.00076 -0.00146 0.92969 0.93873 
 0.78908 0.06639 0.06122 -0.21296 -0.19395 -0.00074 -0.00145 0.92972 0.93878 
 0.79008 0.06637 0.06116 -0.21298 -0.19395 -0.00072 -0.00145 0.92974 0.93884 
 0.79108 0.06634 0.06111 -0.21300 -0.19395 -0.00070 -0.00144 0.92977 0.93889 
 0.79208 0.06632 0.06105 -0.21302 -0.19394 -0.00068 -0.00143 0.92979 0.93895 
 0.79308 0.06630 0.06100 -0.21304 -0.19394 -0.00066 -0.00142 0.92982 0.93900 
 0.79408 0.06627 0.06095 -0.21306 -0.19394 -0.00064 -0.00141 0.92984 0.93905 
 0.79508 0.06625 0.06089 -0.21308 -0.19394 -0.00062 -0.00140 0.92986 0.93911 
 0.79608 0.06623 0.06084 -0.21311 -0.19393 -0.00060 -0.00139 0.92988 0.93916 
 0.79708 0.06622 0.06079 -0.21313 -0.19393 -0.00058 -0.00138 0.92991 0.93921 
 0.79808 0.06620 0.06074 -0.21315 -0.19393 -0.00057 -0.00138 0.92993 0.93926 
 0.79908 0.06618 0.06068 -0.21317 -0.19392 -0.00055 -0.00137 0.92995 0.93932 
 0.80008 0.06616 0.06063 -0.21319 -0.19392 -0.00053 -0.00136 0.92997 0.93937 
 0.80108 0.06615 0.06058 -0.21321 -0.19392 -0.00051 -0.00135 0.92998 0.93942 
 0.80208 0.06613 0.06053 -0.21322 -0.19392 -0.00050 -0.00134 0.93000 0.93947 
 0.80308 0.06612 0.06048 -0.21324 -0.19391 -0.00048 -0.00133 0.93002 0.93952 
 0.80408 0.06611 0.06043 -0.21326 -0.19391 -0.00046 -0.00133 0.93003 0.93957 
 0.80508 0.06609 0.06038 -0.21328 -0.19391 -0.00044 -0.00132 0.93005 0.93962 
 0.80608 0.06608 0.06033 -0.21330 -0.19391 -0.00043 -0.00131 0.93007 0.93967 
 0.80708 0.06607 0.06028 -0.21331 -0.19390 -0.00041 -0.00130 0.93008 0.93972 
 0.80808 0.06606 0.06023 -0.21333 -0.19390 -0.00039 -0.00129 0.93010 0.93977 
 0.80908 0.06605 0.06018 -0.21335 -0.19390 -0.00037 -0.00129 0.93011 0.93982 
 0.81008 0.06604 0.06014 -0.21336 -0.19389 -0.00036 -0.00128 0.93012 0.93986 
 0.81108 0.06603 0.06009 -0.21338 -0.19389 -0.00034 -0.00127 0.93014 0.93991 
 0.81208 0.06602 0.06004 -0.21340 -0.19389 -0.00032 -0.00126 0.93015 0.93996 
 0.81308 0.06602 0.05999 -0.21341 -0.19389 -0.00031 -0.00125 0.93016 0.94001 
 0.81408 0.06601 0.05995 -0.21342 -0.19388 -0.00029 -0.00125 0.93017 0.94005 
 0.81508 0.06600 0.05990 -0.21344 -0.19388 -0.00028 -0.00124 0.93018 0.94010 
 0.81608 0.06600 0.05985 -0.21345 -0.19388 -0.00026 -0.00123 0.93019 0.94015 
 0.81708 0.06599 0.05981 -0.21347 -0.19387 -0.00025 -0.00122 0.93020 0.94019 
 0.81808 0.06599 0.05976 -0.21348 -0.19387 -0.00024 -0.00122 0.93021 0.94024 
 0.81908 0.06598 0.05971 -0.21349 -0.19387 -0.00022 -0.00121 0.93021 0.94029 
 0.82008 0.06598 0.05967 -0.21350 -0.19387 -0.00021 -0.00120 0.93022 0.94033 
 0.82108 0.06598 0.05962 -0.21351 -0.19386 -0.00020 -0.00119 0.93023 0.94038 
 0.82208 0.06597 0.05958 -0.21352 -0.19386 -0.00019 -0.00119 0.93024 0.94042 
 0.82308 0.06597 0.05953 -0.21353 -0.19386 -0.00018 -0.00118 0.93024 0.94047 
 0.82408 0.06597 0.05949 -0.21354 -0.19385 -0.00017 -0.00117 0.93025 0.94051 
 0.82508 0.06597 0.05945 -0.21355 -0.19385 -0.00016 -0.00117 0.93026 0.94055 
 0.82608 0.06597 0.05940 -0.21356 -0.19385 -0.00015 -0.00116 0.93026 0.94060 
 0.82708 0.06597 0.05936 -0.21357 -0.19385 -0.00014 -0.00115 0.93027 0.94064 
 0.82808 0.06597 0.05932 -0.21358 -0.19384 -0.00013 -0.00114 0.93027 0.94068 
 0.82908 0.06597 0.05927 -0.21359 -0.19384 -0.00012 -0.00114 0.93028 0.94073 
 0.83008 0.06597 0.05923 -0.21360 -0.19384 -0.00012 -0.00113 0.93028 0.94077 
 0.83108 0.06597 0.05919 -0.21360 -0.19384 -0.00011 -0.00112 0.93029 0.94081 
 0.83208 0.06597 0.05915 -0.21361 -0.19383 -0.00011 -0.00112 0.93029 0.94085 
 0.83308 0.06597 0.05910 -0.21362 -0.19383 -0.00010 -0.00111 0.93030 0.94090 
 0.83408 0.06597 0.05906 -0.21363 -0.19383 -0.00010 -0.00110 0.93030 0.94094 
 0.83508 0.06598 0.05902 -0.21363 -0.19382 -0.00009 -0.00110 0.93031 0.94098 
 0.83608 0.06598 0.05898 -0.21364 -0.19382 -0.00009 -0.00109 0.93031 0.94102 
 0.83708 0.06598 0.05894 -0.21364 -0.19382 -0.00009 -0.00108 0.93032 0.94106 
 0.83808 0.06598 0.05890 -0.21365 -0.19381 -0.00009 -0.00108 0.93032 0.94110 
 0.83908 0.06598 0.05886 -0.21365 -0.19381 -0.00008 -0.00107 0.93033 0.94114 
 0.84008 0.06598 0.05882 -0.21366 -0.19381 -0.00008 -0.00106 0.93033 0.94118 
 0.84108 0.06599 0.05878 -0.21366 -0.19381 -0.00008 -0.00106 0.93033 0.94122 
 0.84208 0.06599 0.05874 -0.21367 -0.19380 -0.00008 -0.00105 0.93034 0.94126 
 0.84308 0.06599 0.05870 -0.21367 -0.19380 -0.00009 -0.00104 0.93035 0.94130 
 0.84408 0.06599 0.05866 -0.21367 -0.19380 -0.00009 -0.00104 0.93035 0.94134 
 0.84508 0.06599 0.05862 -0.21368 -0.19379 -0.00009 -0.00103 0.93036 0.94138 
 0.84608 0.06599 0.05858 -0.21368 -0.19379 -0.00009 -0.00102 0.93036 0.94142 
 0.84708 0.06600 0.05854 -0.21369 -0.19379 -0.00010 -0.00102 0.93037 0.94146 
 0.84808 0.06600 0.05850 -0.21369 -0.19379 -0.00010 -0.00101 0.93037 0.94149 
 0.84908 0.06600 0.05847 -0.21369 -0.19378 -0.00010 -0.00100 0.93038 0.94153 
 0.85009 0.06600 0.05843 -0.21369 -0.19378 -0.00011 -0.00100 0.93039 0.94157 
 0.85109 0.06600 0.05839 -0.21370 -0.19378 -0.00011 -0.00099 0.93039 0.94161 
 0.85209 0.06600 0.05835 -0.21370 -0.19377 -0.00012 -0.00099 0.93040 0.94165 
 0.85309 0.06600 0.05832 -0.21370 -0.19377 -0.00013 -0.00098 0.93041 0.94168 
 0.85409 0.06600 0.05828 -0.21370 -0.19377 -0.00013 -0.00097 0.93042 0.94172 
 0.85509 0.06600 0.05824 -0.21371 -0.19377 -0.00014 -0.00097 0.93042 0.94176 
 0.85609 0.06600 0.05821 -0.21371 -0.19376 -0.00015 -0.00096 0.93043 0.94179 
 0.85709 0.06600 0.05817 -0.21371 -0.19376 -0.00015 -0.00096 0.93044 0.94183 
 0.85809 0.06600 0.05814 -0.21371 -0.19376 -0.00016 -0.00095 0.93045 0.94186 
 0.85909 0.06600 0.05810 -0.21371 -0.19375 -0.00017 -0.00094 0.93046 0.94190 
 0.86009 0.06599 0.05806 -0.21371 -0.19375 -0.00018 -0.00094 0.93047 0.94194 
 0.86109 0.06599 0.05803 -0.21371 -0.19375 -0.00018 -0.00093 0.93048 0.94197 
 0.86209 0.06599 0.05799 -0.21372 -0.19375 -0.00019 -0.00093 0.93049 0.94201 
 0.86309 0.06599 0.05796 -0.21372 -0.19374 -0.00020 -0.00092 0.93050 0.94204 
 0.86409 0.06599 0.05792 -0.21372 -0.19374 -0.00021 -0.00092 0.93051 0.94208 
 0.86509 0.06598 0.05789 -0.21372 -0.19374 -0.00022 -0.00091 0.93052 0.94211 
 0.86609 0.06598 0.05786 -0.21372 -0.19373 -0.00023 -0.00090 0.93053 0.94214 
 0.86709 0.06597 0.05782 -0.21372 -0.19373 -0.00024 -0.00090 0.93054 0.94218 
 0.86809 0.06597 0.05779 -0.21372 -0.19373 -0.00025 -0.00089 0.93056 0.94221 
 0.86909 0.06597 0.05775 -0.21372 -0.19373 -0.00025 -0.00089 0.93057 0.94224 
 0.87009 0.06596 0.05772 -0.21372 -0.19372 -0.00026 -0.00088 0.93058 0.94228 
 0.87109 0.06596 0.05769 -0.21372 -0.19372 -0.00027 -0.00088 0.93059 0.94231 
 0.87209 0.06595 0.05766 -0.21372 -0.19372 -0.00028 -0.00087 0.93061 0.94234 
 0.87309 0.06594 0.05762 -0.21373 -0.19371 -0.00029 -0.00087 0.93062 0.94238 
 0.87409 0.06594 0.05759 -0.21373 -0.19371 -0.00030 -0.00086 0.93064 0.94241 
 0.87509 0.06593 0.05756 -0.21373 -0.19371 -0.00031 -0.00086 0.93065 0.94244 
 0.87609 0.06592 0.05753 -0.21373 -0.19371 -0.00032 -0.00085 0.93067 0.94247 
 0.87709 0.06592 0.05749 -0.21373 -0.19370 -0.00032 -0.00084 0.93068 0.94251 
 0.87809 0.06591 0.05746 -0.21373 -0.19370 -0.00033 -0.00084 0.93070 0.94254 
 0.87909 0.06590 0.05743 -0.21373 -0.19370 -0.00034 -0.00083 0.93071 0.94257 
 0.88009 0.06589 0.05740 -0.21373 -0.19370 -0.00034 -0.00083 0.93073 0.94260 
 0.88109 0.06588 0.05737 -0.21373 -0.19369 -0.00035 -0.00082 0.93074 0.94263 
 0.88209 0.06587 0.05734 -0.21373 -0.19369 -0.00036 -0.00082 0.93076 0.94266 
 0.88309 0.06587 0.05731 -0.21374 -0.19369 -0.00036 -0.00081 0.93078 0.94269 
 0.88409 0.06585 0.05728 -0.21374 -0.19368 -0.00037 -0.00081 0.93079 0.94272 
 0.88509 0.06585 0.05725 -0.21374 -0.19368 -0.00037 -0.00080 0.93081 0.94276 
 0.88609 0.06583 0.05722 -0.21374 -0.19368 -0.00038 -0.00080 0.93083 0.94278 
 0.88709 0.06582 0.05719 -0.21374 -0.19368 -0.00038 -0.00079 0.93084 0.94281 
 0.88809 0.06581 0.05716 -0.21374 -0.19367 -0.00038 -0.00079 0.93086 0.94285 
 0.88909 0.06580 0.05713 -0.21375 -0.19367 -0.00039 -0.00078 0.93088 0.94287 
 0.89009 0.06579 0.05710 -0.21375 -0.19367 -0.00039 -0.00078 0.93090 0.94290 
 0.89109 0.06578 0.05707 -0.21375 -0.19367 -0.00039 -0.00077 0.93091 0.94293 
 0.89209 0.06577 0.05704 -0.21375 -0.19366 -0.00039 -0.00077 0.93093 0.94296 
 0.89309 0.06576 0.05701 -0.21376 -0.19366 -0.00039 -0.00076 0.93095 0.94299 
 0.89409 0.06575 0.05698 -0.21376 -0.19366 -0.00039 -0.00076 0.93097 0.94302 
 0.89509 0.06573 0.05695 -0.21376 -0.19365 -0.00039 -0.00076 0.93098 0.94305 
 0.89609 0.06572 0.05692 -0.21377 -0.19365 -0.00039 -0.00075 0.93100 0.94308 
 0.89709 0.06571 0.05690 -0.21377 -0.19365 -0.00039 -0.00075 0.93102 0.94310 
 0.89809 0.06570 0.05687 -0.21378 -0.19365 -0.00039 -0.00074 0.93104 0.94313 
 0.89909 0.06569 0.05684 -0.21378 -0.19364 -0.00038 -0.00074 0.93105 0.94316 
 0.90009 0.06568 0.05681 -0.21379 -0.19364 -0.00038 -0.00073 0.93107 0.94319 
 0.90109 0.06567 0.05678 -0.21379 -0.19364 -0.00038 -0.00073 0.93109 0.94322 
 0.90209 0.06566 0.05676 -0.21380 -0.19364 -0.00037 -0.00072 0.93110 0.94324 
 0.90309 0.06565 0.05673 -0.21381 -0.19363 -0.00037 -0.00072 0.93112 0.94327 
 0.90409 0.06564 0.05670 -0.21381 -0.19363 -0.00036 -0.00071 0.93114 0.94330 
 0.90509 0.06563 0.05668 -0.21382 -0.19363 -0.00036 -0.00071 0.93115 0.94332 
 0.90609 0.06562 0.05665 -0.21383 -0.19363 -0.00035 -0.00071 0.93117 0.94335 
 0.90709 0.06561 0.05662 -0.21383 -0.19362 -0.00034 -0.00070 0.93118 0.94338 
 0.90809 0.06560 0.05660 -0.21384 -0.19362 -0.00033 -0.00070 0.93120 0.94340 
 0.90909 0.06559 0.05657 -0.21385 -0.19362 -0.00032 -0.00069 0.93121 0.94343 
 0.91009 0.06558 0.05654 -0.21386 -0.19362 -0.00031 -0.00069 0.93123 0.94346 
 0.91109 0.06558 0.05652 -0.21387 -0.19361 -0.00030 -0.00068 0.93124 0.94348 
 0.91209 0.06557 0.05649 -0.21387 -0.19361 -0.00029 -0.00068 0.93125 0.94351 
 0.91309 0.06556 0.05647 -0.21388 -0.19361 -0.00028 -0.00068 0.93127 0.94353 
 0.91409 0.06555 0.05644 -0.21389 -0.19360 -0.00027 -0.00067 0.93128 0.94356 
 0.91509 0.06555 0.05642 -0.21390 -0.19360 -0.00026 -0.00067 0.93129 0.94358 
 0.91609 0.06554 0.05639 -0.21391 -0.19360 -0.00024 -0.00066 0.93130 0.94361 
 0.91709 0.06554 0.05637 -0.21392 -0.19360 -0.00023 -0.00066 0.93131 0.94363 
 0.91809 0.06553 0.05634 -0.21393 -0.19359 -0.00022 -0.00065 0.93132 0.94366 
 0.91909 0.06553 0.05632 -0.21395 -0.19359 -0.00020 -0.00065 0.93133 0.94368 
 0.92009 0.06553 0.05629 -0.21396 -0.19359 -0.00019 -0.00065 0.93134 0.94371 
 0.92109 0.06552 0.05627 -0.21397 -0.19359 -0.00017 -0.00064 0.93135 0.94373 
 0.92209 0.06552 0.05624 -0.21398 -0.19359 -0.00016 -0.00064 0.93135 0.94376 
 0.92309 0.06552 0.05622 -0.21399 -0.19358 -0.00014 -0.00063 0.93136 0.94378 
 0.92409 0.06552 0.05620 -0.21400 -0.19358 -0.00012 -0.00063 0.93136 0.94380 
 0.92509 0.06552 0.05617 -0.21402 -0.19358 -0.00010 -0.00063 0.93137 0.94383 
 0.92609 0.06552 0.05615 -0.21403 -0.19357 -0.00009 -0.00062 0.93137 0.94385 
 0.92709 0.06552 0.05613 -0.21404 -0.19357 -0.00007 -0.00062 0.93138 0.94387 
 0.92809 0.06552 0.05610 -0.21406 -0.19357 -0.00005 -0.00061 0.93138 0.94390 
 0.92909 0.06553 0.05608 -0.21407 -0.19357 -0.00003 -0.00061 0.93138 0.94392 
 0.93009 0.06553 0.05606 -0.21408 -0.19356 -0.00001 -0.00061 0.93138 0.94394 
 0.93109 0.06553 0.05603 -0.21410 -0.19356 0.00001 -0.00060 0.93138 0.94397 
 0.93209 0.06554 0.05601 -0.21411 -0.19356 0.00003 -0.00060 0.93138 0.94399 
 0.93309 0.06554 0.05599 -0.21412 -0.19356 0.00005 -0.00060 0.93138 0.94401 
 0.93409 0.06555 0.05597 -0.21414 -0.19356 0.00007 -0.00059 0.93138 0.94403 
 0.93509 0.06556 0.05594 -0.21415 -0.19355 0.00009 -0.00059 0.93137 0.94406 
 0.93609 0.06557 0.05592 -0.21417 -0.19355 0.00011 -0.00059 0.93137 0.94408 
 0.93709 0.06557 0.05590 -0.21418 -0.19355 0.00013 -0.00058 0.93136 0.94410 
 0.93809 0.06558 0.05588 -0.21420 -0.19354 0.00015 -0.00058 0.93136 0.94412 
 0.93909 0.06559 0.05586 -0.21421 -0.19354 0.00017 -0.00057 0.93135 0.94414 
 0.94009 0.06561 0.05584 -0.21423 -0.19354 0.00019 -0.00057 0.93134 0.94417 
 0.94109 0.06562 0.05581 -0.21425 -0.19354 0.00021 -0.00057 0.93133 0.94419 
 0.94209 0.06563 0.05579 -0.21426 -0.19354 0.00023 -0.00056 0.93132 0.94421 
 0.94309 0.06564 0.05577 -0.21428 -0.19353 0.00025 -0.00056 0.93131 0.94423 
 0.94409 0.06566 0.05575 -0.21429 -0.19353 0.00027 -0.00056 0.93130 0.94425 
 0.94509 0.06567 0.05573 -0.21431 -0.19353 0.00029 -0.00055 0.93129 0.94427 
 0.94609 0.06569 0.05571 -0.21433 -0.19353 0.00031 -0.00055 0.93128 0.94429 
 0.94709 0.06570 0.05569 -0.21434 -0.19352 0.00033 -0.00055 0.93127 0.94431 
 0.94809 0.06572 0.05567 -0.21436 -0.19352 0.00034 -0.00054 0.93125 0.94433 
 0.94909 0.06574 0.05565 -0.21438 -0.19352 0.00036 -0.00054 0.93124 0.94435 
 0.95010 0.06576 0.05563 -0.21439 -0.19352 0.00038 -0.00054 0.93122 0.94437 
 0.95110 0.06578 0.05561 -0.21441 -0.19351 0.00040 -0.00053 0.93120 0.94439 
 0.95210 0.06580 0.05559 -0.21443 -0.19351 0.00042 -0.00053 0.93119 0.94441 
 0.95310 0.06582 0.05557 -0.21445 -0.19351 0.00043 -0.00053 0.93117 0.94443 
 0.95410 0.06584 0.05555 -0.21446 -0.19351 0.00045 -0.00052 0.93115 0.94445 
 0.95510 0.06586 0.05553 -0.21448 -0.19351 0.00047 -0.00052 0.93113 0.94447 
 0.95610 0.06588 0.05551 -0.21450 -0.19350 0.00048 -0.00052 0.93111 0.94449 
 0.95710 0.06591 0.05549 -0.21452 -0.19350 0.00050 -0.00051 0.93109 0.94451 
 0.95810 0.06593 0.05547 -0.21454 -0.19350 0.00051 -0.00051 0.93107 0.94453 
 0.95910 0.06595 0.05545 -0.21455 -0.19350 0.00053 -0.00051 0.93105 0.94455 
 0.96010 0.06598 0.05543 -0.21457 -0.19350 0.00054 -0.00050 0.93103 0.94457 
 0.96110 0.06600 0.05541 -0.21459 -0.19349 0.00055 -0.00050 0.93101 0.94459 
 0.96210 0.06603 0.05539 -0.21461 -0.19349 0.00056 -0.00050 0.93099 0.94461 
 0.96310 0.06605 0.05537 -0.21463 -0.19349 0.00058 -0.00049 0.93096 0.94463 
 0.96410 0.06608 0.05536 -0.21465 -0.19349 0.00059 -0.00049 0.93094 0.94464 
 0.96510 0.06610 0.05534 -0.21467 -0.19348 0.00060 -0.00049 0.93092 0.94466 
 0.96610 0.06613 0.05532 -0.21469 -0.19348 0.00061 -0.00048 0.93089 0.94468 
 0.96710 0.06616 0.05530 -0.21471 -0.19348 0.00062 -0.00048 0.93087 0.94470 
 0.96810 0.06618 0.05528 -0.21473 -0.19348 0.00062 -0.00048 0.93084 0.94472 
 0.96910 0.06621 0.05526 -0.21475 -0.19348 0.00063 -0.00048 0.93082 0.94473 
 0.97010 0.06624 0.05525 -0.21476 -0.19347 0.00064 -0.00047 0.93079 0.94475 
 0.97110 0.06627 0.05523 -0.21478 -0.19347 0.00064 -0.00047 0.93077 0.94477 
 0.97210 0.06630 0.05521 -0.21480 -0.19347 0.00065 -0.00047 0.93074 0.94479 
 0.97310 0.06633 0.05519 -0.21482 -0.19347 0.00065 -0.00046 0.93072 0.94481 
 0.97410 0.06635 0.05518 -0.21484 -0.19346 0.00066 -0.00046 0.93069 0.94482 
 0.97510 0.06638 0.05516 -0.21486 -0.19346 0.00066 -0.00046 0.93066 0.94484 
 0.97610 0.06641 0.05514 -0.21488 -0.19346 0.00066 -0.00046 0.93064 0.94486 
 0.97710 0.06644 0.05513 -0.21490 -0.19346 0.00066 -0.00045 0.93061 0.94488 
 0.97810 0.06647 0.05511 -0.21492 -0.19346 0.00067 -0.00045 0.93058 0.94489 
 0.97910 0.06650 0.05509 -0.21494 -0.19345 0.00066 -0.00045 0.93056 0.94491 
 0.98010 0.06653 0.05507 -0.21496 -0.19345 0.00066 -0.00044 0.93053 0.94493 
 0.98110 0.06656 0.05506 -0.21498 -0.19345 0.00066 -0.00044 0.93050 0.94494 
 0.98210 0.06658 0.05504 -0.21500 -0.19345 0.00066 -0.00044 0.93048 0.94496 
 0.98310 0.06661 0.05502 -0.21502 -0.19345 0.00066 -0.00044 0.93045 0.94498 
 0.98410 0.06664 0.05501 -0.21503 -0.19344 0.00065 -0.00043 0.93043 0.94499 
 0.98510 0.06667 0.05499 -0.21505 -0.19344 0.00065 -0.00043 0.93040 0.94501 
 0.98610 0.06670 0.05498 -0.21507 -0.19344 0.00064 -0.00043 0.93037 0.94502 
 0.98710 0.06673 0.05496 -0.21509 -0.19344 0.00064 -0.00043 0.93035 0.94504 
 0.98810 0.06675 0.05494 -0.21511 -0.19343 0.00063 -0.00042 0.93032 0.94506 
 0.98910 0.06678 0.05493 -0.21513 -0.19343 0.00062 -0.00042 0.93030 0.94507 
 0.99010 0.06681 0.05491 -0.21515 -0.19343 0.00062 -0.00042 0.93027 0.94509 
 0.99110 0.06683 0.05490 -0.21517 -0.19343 0.00061 -0.00041 0.93025 0.94510 
 0.99210 0.06686 0.05488 -0.21519 -0.19343 0.00060 -0.00041 0.93023 0.94512 
 0.99310 0.06688 0.05487 -0.21521 -0.19343 0.00059 -0.00041 0.93020 0.94513 
 0.99410 0.06691 0.05485 -0.21523 -0.19342 0.00058 -0.00041 0.93018 0.94515 
 0.99510 0.06693 0.05483 -0.21525 -0.19342 0.00057 -0.00040 0.93016 0.94517 
 0.99610 0.06696 0.05482 -0.21526 -0.19342 0.00056 -0.00040 0.93013 0.94518 
 0.99710 0.06698 0.05480 -0.21528 -0.19342 0.00054 -0.00040 0.93011 0.94520 
 0.99810 0.06701 0.05479 -0.21530 -0.19342 0.00053 -0.00040 0.93009 0.94521 
 0.99910 0.06703 0.05477 -0.21532 -0.19341 0.00052 -0.00039 0.93007 0.94523 
