 0.00000 1.00000 1.00000 0.00000 0.00000 0.00000 0.00000 0.00000 0.00000 
 0.00100 0.99965 0.99965 0.00013 0.00013 -0.01883 -0.01883 0.00035 0.00035 
 0.00200 0.99858 0.99858 0.00053 0.00053 -0.03762 -0.03762 0.00142 0.00142 
 0.00300 0.99681 0.99681 0.00119 0.00119 -0.05635 -0.05635 0.00319 0.00319 
 0.00400 0.99434 0.99434 0.00212 0.00212 -0.07498 -0.07498 0.00566 0.00566 
 0.00500 0.99116 0.99116 0.00330 0.00330 -0.09348 -0.09348 0.00884 0.00884 
 0.00600 0.98730 0.98730 0.00474 0.00474 -0.11182 -0.11182 0.01270 0.01270 
 0.00700 0.98274 0.98274 0.00643 0.00643 -0.12996 -0.12996 0.01726 0.01726 
 0.00800 0.97751 0.97751 0.00837 0.00837 -0.14788 -0.14788 0.02249 0.02249 
 0.00900 0.97160 0.97160 0.01055 0.01055 -0.16555 -0.16555 0.02840 0.02840 
 0.01000 0.96504 0.96504 0.01298 0.01298 -0.18294 -0.18294 0.03496 0.03496 
 0.01100 0.95782 0.95782 0.01564 0.01564 -0.20002 -0.20002 0.04218 0.04218 
 0.01200 0.94997 0.94997 0.01853 0.01853 -0.21676 -0.21676 0.05003 0.05003 
 0.01300 0.94149 0.94149 0.02164 0.02164 -0.23313 -0.23313 0.05851 0.05851 
 0.01400 0.93241 0.93241 0.02497 0.02497 -0.24911 -0.24911 0.06759 0.06759 
 0.01500 0.92273 0.92273 0.02851 0.02851 -0.26466 -0.26466 0.07727 0.07727 
 0.01600 0.91247 0.91247 0.03226 0.03226 -0.27978 -0.27978 0.08753 0.08753 
 0.01700 0.90166 0.90166 0.03620 0.03620 -0.29442 -0.29442 0.09834 0.09834 
 0.01800 0.89030 0.89030 0.04033 0.04033 -0.30856 -0.30856 0.10970 0.10970 
 0.01900 0.87841 0.87841 0.04464 0.04464 -0.32219 -0.32219 0.12159 0.12159 
 0.02000 0.86603 0.86603 0.04912 0.04912 -0.33528 -0.33528 0.13397 0.13397 
 0.02100 0.85316 0.85316 0.05377 0.05377 -0.34781 -0.34781 0.14684 0.14684 
 0.02200 0.83983 0.83983 0.05858 0.05858 -0.35976 -0.35976 0.16017 0.16017 
 0.02300 0.82606 0.82606 0.06353 0.06353 -0.37111 -0.37111 0.17394 0.17394 
 0.02400 0.81187 0.81187 0.06861 0.06861 -0.38184 -0.38184 0.18813 0.18813 
 0.02500 0.79730 0.79730 0.07383 0.07383 -0.39194 -0.39194 0.20270 0.20270 
 0.02600 0.78235 0.78235 0.07916 0.07916 -0.40138 -0.40138 0.21765 0.21765 
 0.02700 0.76706 0.76706 0.08460 0.08460 -0.41016 -0.41016 0.23294 0.23294 
 0.02800 0.75146 0.75146 0.09014 0.09014 -0.41826 -0.41826 0.24854 0.24854 
 0.02900 0.73556 0.73556 0.09577 0.09577 -0.42567 -0.42567 0.26444 0.26444 
 0.03000 0.71939 0.71939 0.10147 0.10147 -0.43237 -0.43237 0.28061 0.28061 
 0.03100 0.70299 0.70299 0.10724 0.10724 -0.43836 -0.43836 0.29701 0.29701 
 0.03200 0.68637 0.68637 0.11307 0.11307 -0.44363 -0.44363 0.31363 0.31363 
 0.03300 0.66957 0.66957 0.11894 0.11894 -0.44817 -0.44817 0.33043 0.33043 
 0.03400 0.65261 0.65261 0.12485 0.12485 -0.45197 -0.45197 0.34739 0.34739 
 0.03500 0.63553 0.63553 0.13078 0.13078 -0.45503 -0.45503 0.36447 0.36447 
 0.03600 0.61834 0.61834 0.13673 0.13673 -0.45734 -0.45734 0.38166 0.38166 
 0.03700 0.60108 0.60108 0.14268 0.14268 -0.45891 -0.45891 0.39892 0.39892 
 0.03800 0.58377 0.58377 0.14862 0.14862 -0.45972 -0.45972 0.41623 0.41623 
 0.03900 0.56645 0.56645 0.15455 0.15455 -0.45979 -0.45979 0.43355 0.43355 
 0.04000 0.54914 0.54914 0.16044 0.16044 -0.45911 -0.45911 0.45086 0.45086 
 0.04100 0.53187 0.53187 0.16630 0.16630 -0.45768 -0.45768 0.46814 0.46814 
 0.04200 0.51466 0.51466 0.17210 0.17210 -0.45550 -0.45550 0.48534 0.48534 
 0.04300 0.49755 0.49755 0.17785 0.17785 -0.45259 -0.45259 0.50245 0.50245 
 0.04400 0.48057 0.48057 0.18352 0.18352 -0.44895 -0.44895 0.51943 0.51943 
 0.04500 0.46374 0.46374 0.18912 0.18912 -0.44458 -0.44458 0.53626 0.53626 
 0.04600 0.44708 0.44708 0.19462 0.19462 -0.43949 -0.43949 0.55292 0.55292 
 0.04700 0.43063 0.43063 0.20003 0.20003 -0.43370 -0.43370 0.56937 0.56937 
 0.04800 0.41441 0.41441 0.20532 0.20532 -0.42721 -0.42721 0.58559 0.58559 
 0.04900 0.39845 0.39845 0.21049 0.21049 -0.42004 -0.42004 0.60155 0.60155 
 0.05001 0.38277 0.38277 0.21554 0.21554 -0.41219 -0.41219 0.61723 0.61723 
 0.05101 0.36740 0.36740 0.22044 0.22044 -0.40369 -0.40369 0.63260 0.63260 
 0.05201 0.35236 0.35236 0.22520 0.22520 -0.39455 -0.39455 0.64764 0.64764 
 0.05301 0.33768 0.33768 0.22981 0.22981 -0.38478 -0.38478 0.66232 0.66232 
 0.05401 0.32338 0.32338 0.23425 0.23425 -0.37440 -0.37440 0.67662 0.67662 
 0.05501 0.30948 0.30948 0.23853 0.23853 -0.36343 -0.36343 0.69052 0.69052 
 0.05601 0.29601 0.29601 0.24262 0.24262 -0.35189 -0.35189 0.70400 0.70400 
 0.05701 0.28297 0.28297 0.24653 0.24653 -0.33980 -0.33980 0.71703 0.71703 
 0.05801 0.27041 0.27041 0.25025 0.25025 -0.32718 -0.32718 0.72959 0.72959 
 0.05901 0.25833 0.25833 0.25377 0.25377 -0.31405 -0.31405 0.74167 0.74167 
 0.06001 0.24675 0.24675 0.25708 0.25708 -0.30044 -0.30044 0.75325 0.75325 
 0.06101 0.23570 0.23570 0.26018 0.26018 -0.28636 -0.28636 0.76430 0.76430 
 0.06201 0.22518 0.22518 0.26307 0.26307 -0.27185 -0.27185 0.77482 0.77482 
 0.06301 0.21522 0.21522 0.26573 0.26573 -0.25692 -0.25692 0.78478 0.78478 
 0.06401 0.20583 0.20583 0.26817 0.26817 -0.24161 -0.24161 0.79417 0.79417 
 0.06501 0.19702 0.19702 0.27037 0.27037 -0.22593 -0.22593 0.80298 0.80298 
 0.06601 0.18881 0.18881 0.27235 0.27235 -0.20992 -0.20992 0.81119 0.81119 
 0.06701 0.18121 0.18121 0.27408 0.27408 -0.19360 -0.19360 0.81879 0.81879 
 0.06801 0.17423 0.17423 0.27557 0.27557 -0.17701 -0.17701 0.82577 0.82577 
 0.06901 0.16787 0.16787 0.27682 0.27682 -0.16016 -0.16016 0.83213 0.83213 
 0.07001 0.16216 0.16216 0.27782 0.27782 -0.14308 -0.14308 0.83784 0.83784 
 0.07101 0.15710 0.15710 0.27857 0.27857 -0.12582 -0.12582 0.84290 0.84290 
 0.07201 0.15268 0.15268 0.27907 0.27907 -0.10838 -0.10838 0.84732 0.84732 
 0.07301 0.14893 0.14893 0.27932 0.27932 -0.09081 -0.09081 0.85107 0.85107 
 0.07401 0.14584 0.14584 0.27932 0.27932 -0.07313 -0.07313 0.85416 0.85416 
 0.07501 0.14342 0.14342 0.27907 0.27907 -0.05538 -0.05538 0.85658 0.85658 
 0.07601 0.14167 0.14167 0.27857 0.27857 -0.03757 -0.03757 0.85833 0.85833 
 0.07701 0.14059 0.14059 0.27781 0.27781 -0.01975 -0.01975 0.85941 0.85941 
 0.07801 0.14018 0.14018 0.27680 0.27680 -0.00194 -0.00194 0.85982 0.85982 
 0.07901 0.14044 0.14044 0.27555 0.27555 0.01583 0.01583 0.85956 0.85956 
 0.08001 0.14137 0.14137 0.27405 0.27405 0.03353 0.03353 0.85863 0.85863 
 0.08101 0.14297 0.14297 0.27230 0.27230 0.05113 0.05113 0.85703 0.85703 
 0.08201 0.14523 0.14523 0.27031 0.27031 0.06861 0.06861 0.85477 0.85477 
 0.08301 0.14814 0.14814 0.26809 0.26809 0.08592 0.08592 0.85186 0.85186 
 0.08401 0.15170 0.15170 0.26562 0.26562 0.10305 0.10305 0.84830 0.84830 
 0.08501 0.15590 0.15590 0.26293 0.26293 0.11997 0.11997 0.84410 0.84410 
 0.08601 0.16073 0.16073 0.26001 0.26001 0.13665 0.13665 0.83927 0.83927 
 0.08701 0.16619 0.16619 0.25687 0.25687 0.15306 0.15306 0.83381 0.83381 
 0.08801 0.17226 0.17226 0.25351 0.25351 0.16917 0.16917 0.82774 0.82774 
 0.08901 0.17893 0.17893 0.24993 0.24993 0.18496 0.18496 0.82107 0.82107 
 0.09001 0.18619 0.18619 0.24615 0.24615 0.20041 0.20041 0.81381 0.81381 
 0.09101 0.19403 0.19403 0.24217 0.24217 0.21548 0.21548 0.80597 0.80597 
 0.09201 0.20242 0.20242 0.23800 0.23800 0.23016 0.23016 0.79758 0.79758 
 0.09301 0.21137 0.21137 0.23364 0.23364 0.24442 0.24442 0.78863 0.78863 
 0.09401 0.22084 0.22084 0.22909 0.22909 0.25823 0.25823 0.77916 0.77916 
 0.09501 0.23082 0.23082 0.22438 0.22438 0.27158 0.27158 0.76918 0.76918 
 0.09601 0.24129 0.24129 0.21949 0.21949 0.28444 0.28444 0.75871 0.75871 
 0.09701 0.25224 0.25224 0.21445 0.21445 0.29680 0.29680 0.74776 0.74776 
 0.09801 0.26365 0.26365 0.20926 0.20926 0.30863 0.30863 0.73635 0.73635 
 0.09901 0.27549 0.27549 0.20393 0.20393 0.31992 0.31992 0.72451 0.72451 
 0.10001 0.28775 0.28775 0.19846 0.19846 0.33065 0.33065 0.71225 0.71225 
 0.10101 0.30040 0.30040 0.19287 0.19287 0.34079 0.34079 0.69961 0.69961 
 0.10201 0.31341 0.31341 0.18716 0.18716 0.35034 0.35034 0.68659 0.68659 
 0.10301 0.32678 0.32678 0.18135 0.18135 0.35928 0.35928 0.67322 0.67322 
 0.10401 0.34048 0.34048 0.17544 0.17544 0.36760 0.36760 0.65952 0.65952 
 0.10501 0.35447 0.35447 0.16944 0.16944 0.37528 0.37528 0.64553 0.64553 
 0.10601 0.36875 0.36875 0.16336 0.16336 0.38232 0.38232 0.63125 0.63125 
 0.10701 0.38327 0.38327 0.15721 0.15721 0.38870 0.38870 0.61673 0.61673 
 0.10801 0.39803 0.39803 0.15101 0.15101 0.39441 0.39441 0.60198 0.60198 
 0.10901 0.41298 0.41298 0.14475 0.14475 0.39944 0.39944 0.58702 0.58702 
 0.11001 0.42811 0.42811 0.13845 0.13845 0.40380 0.40380 0.57189 0.57189 
 0.11101 0.44340 0.44340 0.13213 0.13213 0.40746 0.40746 0.55660 0.55660 
 0.11201 0.45881 0.45881 0.12578 0.12578 0.41043 0.41043 0.54119 0.54119 
 0.11301 0.47431 0.47431 0.11942 0.11942 0.41271 0.41271 0.52569 0.52569 
 0.11401 0.48989 0.48989 0.11307 0.11307 0.41428 0.41428 0.51011 0.51011 
 0.11501 0.50552 0.50552 0.10672 0.10672 0.41516 0.41516 0.49448 0.49448 
 0.11601 0.52116 0.52116 0.10039 0.10039 0.41533 0.41533 0.47884 0.47884 
 0.11701 0.53680 0.53680 0.09409 0.09409 0.41481 0.41481 0.46320 0.46320 
 0.11801 0.55241 0.55241 0.08783 0.08783 0.41358 0.41358 0.44759 0.44759 
 0.11901 0.56796 0.56796 0.08162 0.08162 0.41167 0.41167 0.43204 0.43204 
 0.12001 0.58342 0.58342 0.07547 0.07547 0.40906 0.40906 0.41658 0.41658 
 0.12101 0.59877 0.59877 0.06939 0.06939 0.40577 0.40577 0.40123 0.40123 
 0.12201 0.61398 0.61398 0.06338 0.06338 0.40181 0.40181 0.38602 0.38602 
 0.12301 0.62904 0.62904 0.05746 0.05746 0.39717 0.39717 0.37096 0.37096 
 0.12401 0.64390 0.64390 0.05164 0.05164 0.39188 0.39188 0.35610 0.35610 
 0.12501 0.65855 0.65855 0.04592 0.04592 0.38593 0.38593 0.34145 0.34145 
 0.12601 0.67297 0.67297 0.04031 0.04031 0.37935 0.37935 0.32703 0.32703 
 0.12701 0.68713 0.68713 0.03482 0.03482 0.37214 0.37214 0.31287 0.31287 
 0.12801 0.70100 0.70100 0.02946 0.02946 0.36431 0.36431 0.29900 0.29900 
 0.12901 0.71457 0.71457 0.02424 0.02424 0.35589 0.35589 0.28543 0.28543 
 0.13001 0.72781 0.72781 0.01917 0.01917 0.34688 0.34688 0.27219 0.27219 
 0.13101 0.74070 0.74070 0.01425 0.01425 0.33731 0.33731 0.25930 0.25930 
 0.13201 0.75322 0.75322 0.00949 0.00949 0.32718 0.32718 0.24678 0.24678 
 0.13301 0.76535 0.76535 0.00489 0.00489 0.31652 0.31652 0.23466 0.23466 
 0.13401 0.77706 0.77706 0.00047 0.00047 0.30535 0.30535 0.22294 0.22294 
 0.13501 0.78834 0.78834 -0.00377 -0.00377 0.29368 0.29368 0.21166 0.21166 
 0.13601 0.79918 0.79918 -0.00783 -0.00783 0.28153 0.28153 0.20082 0.20082 
 0.13701 0.80955 0.80955 -0.01169 -0.01169 0.26893 0.26893 0.19045 0.19045 
 0.13801 0.81944 0.81944 -0.01536 -0.01536 0.25590 0.25590 0.18056 0.18056 
 0.13901 0.82883 0.82883 -0.01882 -0.01882 0.24246 0.24246 0.17117 0.17117 
 0.14001 0.83770 0.83770 -0.02208 -0.02208 0.22864 0.22864 0.16230 0.16230 
 0.14101 0.84605 0.84605 -0.02513 -0.02513 0.21445 0.21445 0.15395 0.15395 
 0.14201 0.85386 0.85386 -0.02796 -0.02796 0.19992 0.19992 0.14614 0.14614 
 0.14301 0.86111 0.86111 -0.03057 -0.03057 0.18508 0.18508 0.13889 0.13889 
 0.14401 0.86780 0.86780 -0.03297 -0.03297 0.16996 0.16996 0.13220 0.13220 
 0.14501 0.87391 0.87391 -0.03513 -0.03513 0.15457 0.15457 0.12609 0.12609 
 0.14601 0.87944 0.87944 -0.03707 -0.03707 0.13894 0.13894 0.12056 0.12056 
 0.14701 0.88438 0.88438 -0.03878 -0.03878 0.12310 0.12310 0.11562 0.11562 
 0.14801 0.88872 0.88872 -0.04026 -0.04026 0.10708 0.10708 0.11128 0.11128 
 0.14901 0.89245 0.89245 -0.04151 -0.04151 0.09091 0.09091 0.10755 0.10755 
 0.15002 0.89556 0.89556 -0.04252 -0.04252 0.07460 0.07460 0.10444 0.10444 
 0.15102 0.89806 0.89806 -0.04330 -0.04330 0.05820 0.05820 0.10194 0.10194 
 0.15202 0.89995 0.89995 -0.04385 -0.04385 0.04171 0.04171 0.10005 0.10005 
 0.15302 0.90121 0.90121 -0.04416 -0.04416 0.02519 0.02519 0.09879 0.09879 
 0.15402 0.90184 0.90184 -0.04424 -0.04424 0.00864 0.00864 0.09816 0.09816 
 0.15502 0.90186 0.90186 -0.04408 -0.04408 -0.00790 -0.00790 0.09814 0.09814 
 0.15602 0.90125 0.90125 -0.04370 -0.04370 -0.02441 -0.02441 0.09875 0.09875 
 0.15702 0.90002 0.90002 -0.04308 -0.04308 -0.04085 -0.04085 0.09998 0.09998 
 0.15802 0.89817 0.89817 -0.04224 -0.04224 -0.05720 -0.05720 0.10183 0.10183 
 0.15902 0.89571 0.89571 -0.04118 -0.04118 -0.07343 -0.07343 0.10429 0.10429 
 0.16002 0.89264 0.89264 -0.03989 -0.03989 -0.08952 -0.08952 0.10736 0.10736 
 0.16102 0.88897 0.88897 -0.03839 -0.03839 -0.10544 -0.10544 0.11103 0.11103 
 0.16202 0.88470 0.88470 -0.03667 -0.03667 -0.12116 -0.12116 0.11530 0.11530 
 0.16302 0.87984 0.87984 -0.03474 -0.03474 -0.13666 -0.13666 0.12016 0.12016 
 0.16402 0.87441 0.87441 -0.03260 -0.03260 -0.15191 -0.15191 0.12559 0.12559 
 0.16502 0.86840 0.86840 -0.03027 -0.03027 -0.16689 -0.16689 0.13160 0.13160 
 0.16602 0.86184 0.86184 -0.02773 -0.02773 -0.18158 -0.18158 0.13817 0.13817 
 0.16702 0.85472 0.85472 -0.02500 -0.02500 -0.19594 -0.19594 0.14528 0.14528 
 0.16802 0.84708 0.84708 -0.02209 -0.02209 -0.20996 -0.20996 0.15292 0.15292 
 0.16902 0.83891 0.83891 -0.01900 -0.01900 -0.22361 -0.22361 0.16109 0.16109 
 0.17002 0.83023 0.83023 -0.01574 -0.01574 -0.23688 -0.23688 0.16977 0.16977 
 0.17102 0.82107 0.82107 -0.01230 -0.01230 -0.24973 -0.24973 0.17894 0.17894 
 0.17202 0.81142 0.81142 -0.00871 -0.00871 -0.26215 -0.26215 0.18858 0.18858 
 0.17302 0.80132 0.80132 -0.00496 -0.00496 -0.27413 -0.27413 0.19868 0.19868 
 0.17402 0.79077 0.79077 -0.00107 -0.00107 -0.28563 -0.28563 0.20923 0.20923 
 0.17502 0.77980 0.77980 0.00296 0.00296 -0.29664 -0.29664 0.22020 0.22020 
 0.17602 0.76843 0.76843 0.00713 0.00713 -0.30716 -0.30716 0.23157 0.23157 
 0.17702 0.75667 0.75667 0.01142 0.01142 -0.31715 -0.31715 0.24333 0.24333 
 0.17802 0.74454 0.74454 0.01582 0.01582 -0.32660 -0.32660 0.25546 0.25546 
 0.17902 0.73207 0.73207 0.02033 0.02033 -0.33550 -0.33550 0.26793 0.26793 
 0.18002 0.71927 0.71927 0.02494 0.02494 -0.34384 -0.34384 0.28073 0.28073 
 0.18102 0.70617 0.70617 0.02964 0.02964 -0.35160 -0.35160 0.29383 0.29383 
 0.18202 0.69278 0.69278 0.03442 0.03442 -0.35877 -0.35877 0.30722 0.30722 
 0.18302 0.67914 0.67914 0.03927 0.03927 -0.36533 -0.36533 0.32086 0.32086 
 0.18402 0.66526 0.66526 0.04419 0.04419 -0.37129 -0.37129 0.33474 0.33474 
 0.18502 0.65117 0.65117 0.04916 0.04916 -0.37663 -0.37663 0.34882 0.34882 
 0.18602 0.63689 0.63689 0.05418 0.05418 -0.38134 -0.38134 0.36311 0.36311 
 0.18702 0.62245 0.62245 0.05924 0.05924 -0.38542 -0.38542 0.37755 0.37755 
 0.18802 0.60786 0.60786 0.06432 0.06432 -0.38885 -0.38885 0.39214 0.39214 
 0.18902 0.59316 0.59316 0.06942 0.06942 -0.39165 -0.39165 0.40684 0.40684 
 0.19002 0.57836 0.57836 0.07453 0.07453 -0.39380 -0.39380 0.42164 0.42164 
 0.19102 0.56350 0.56350 0.07964 0.07964 -0.39529 -0.39529 0.43650 0.43650 
 0.19202 0.54859 0.54859 0.08474 0.08474 -0.39614 -0.39614 0.45141 0.45141 
 0.19302 0.53366 0.53366 0.08982 0.08982 -0.39634 -0.39634 0.46634 0.46634 
 0.19402 0.51873 0.51873 0.09488 0.09488 -0.39588 -0.39588 0.48127 0.48127 
 0.19502 0.50384 0.50384 0.09990 0.09990 -0.39478 -0.39478 0.49616 0.49616 
 0.19602 0.48900 0.48900 0.10487 0.10487 -0.39304 -0.39304 0.51100 0.51100 
 0.19702 0.47423 0.47423 0.10979 0.10979 -0.39065 -0.39065 0.52577 0.52577 
 0.19802 0.45957 0.45957 0.11465 0.11465 -0.38762 -0.38762 0.54043 0.54043 
 0.19902 0.44503 0.44503 0.11943 0.11943 -0.38397 -0.38397 0.55497 0.55497 
 0.20002 0.42820 0.43065 0.12547 0.12414 -0.38255 -0.37970 0.57188 0.56935 
 0.20102 0.41352 0.41643 0.13032 0.12875 -0.37796 -0.37481 0.58640 0.58357 
 0.20202 0.39970 0.40241 0.13520 0.13327 -0.37274 -0.36932 0.60000 0.59759 
 0.20302 0.38634 0.38861 0.13962 0.13769 -0.36661 -0.36323 0.61318 0.61139 
 0.20402 0.37314 0.37505 0.14417 0.14199 -0.35968 -0.35656 0.62652 0.62495 
 0.20502 0.36070 0.36176 0.14861 0.14617 -0.35197 -0.34932 0.63978 0.63824 
 0.20602 0.34847 0.34874 0.15321 0.15023 -0.34390 -0.34152 0.65305 0.65126 
 0.20702 0.33619 0.33603 0.15708 0.15415 -0.33527 -0.33317 0.66591 0.66397 
 0.20802 0.32376 0.32364 0.16074 0.15793 -0.32595 -0.32430 0.67837 0.67636 
 0.20902 0.31114 0.31160 0.16422 0.16156 -0.31645 -0.31492 0.69114 0.68840 
 0.21002 0.29930 0.29992 0.16808 0.16503 -0.30696 -0.30503 0.70282 0.70008 
 0.21102 0.28849 0.28863 0.17116 0.16835 -0.29786 -0.29467 0.71441 0.71137 
 0.21202 0.27799 0.27773 0.17420 0.17150 -0.28796 -0.28385 0.72559 0.72227 
 0.21302 0.26789 0.26724 0.17716 0.17447 -0.27749 -0.27258 0.73607 0.73276 
 0.21402 0.25867 0.25719 0.18026 0.17727 -0.26615 -0.26089 0.74630 0.74281 
 0.21502 0.24867 0.24759 0.18418 0.17989 -0.25365 -0.24880 0.75634 0.75241 
 0.21602 0.23897 0.23845 0.18812 0.18232 -0.24069 -0.23633 0.76532 0.76155 
 0.21702 0.22958 0.22979 0.19169 0.18456 -0.22737 -0.22349 0.77388 0.77021 
 0.21802 0.22127 0.22162 0.19501 0.18660 -0.21335 -0.21032 0.78198 0.77838 
 0.21902 0.21340 0.21395 0.19743 0.18845 -0.19973 -0.19683 0.78974 0.78605 
 0.22002 0.20641 0.20679 0.19960 0.19009 -0.18583 -0.18305 0.79720 0.79321 
 0.22102 0.19989 0.20016 0.20141 0.19152 -0.17159 -0.16900 0.80443 0.79984 
 0.22202 0.19392 0.19406 0.20258 0.19275 -0.15709 -0.15470 0.81035 0.80594 
 0.22302 0.18782 0.18851 0.20369 0.19376 -0.14223 -0.14018 0.81612 0.81149 
 0.22402 0.18142 0.18350 0.20450 0.19457 -0.12757 -0.12546 0.82130 0.81650 
 0.22502 0.17642 0.17905 0.20509 0.19516 -0.11261 -0.11057 0.82627 0.82095 
 0.22602 0.17242 0.17517 0.20494 0.19553 -0.09778 -0.09554 0.83033 0.82483 
 0.22702 0.16900 0.17186 0.20474 0.19569 -0.08268 -0.08038 0.83349 0.82814 
 0.22802 0.16588 0.16912 0.20522 0.19563 -0.06760 -0.06512 0.83589 0.83088 
 0.22902 0.16395 0.16695 0.20581 0.19536 -0.05227 -0.04980 0.83801 0.83305 
 0.23002 0.16279 0.16537 0.20591 0.19487 -0.03673 -0.03442 0.83966 0.83464 
 0.23102 0.16213 0.16436 0.20577 0.19416 -0.02086 -0.01903 0.84094 0.83564 
 0.23202 0.16155 0.16393 0.20505 0.19324 -0.00543 -0.00364 0.84144 0.83607 
 0.23302 0.16198 0.16408 0.20356 0.19210 0.00989 0.01172 0.84137 0.83592 
 0.23402 0.16279 0.16481 0.20187 0.19076 0.02525 0.02702 0.84098 0.83519 
 0.23502 0.16317 0.16612 0.20041 0.18920 0.04087 0.04224 0.84034 0.83388 
 0.23602 0.16409 0.16799 0.19850 0.18743 0.05666 0.05735 0.83899 0.83201 
 0.23702 0.16625 0.17044 0.19630 0.18546 0.07274 0.07233 0.83658 0.82956 
 0.23802 0.16991 0.17344 0.19406 0.18329 0.08901 0.08716 0.83266 0.82656 
 0.23902 0.17426 0.17700 0.19202 0.18091 0.10523 0.10180 0.82858 0.82300 
 0.24002 0.17925 0.18111 0.18972 0.17835 0.12052 0.11624 0.82411 0.81889 
 0.24102 0.18420 0.18576 0.18749 0.17559 0.13362 0.13045 0.81980 0.81424 
 0.24202 0.18995 0.19094 0.18585 0.17264 0.14723 0.14442 0.81502 0.80906 
 0.24302 0.19481 0.19664 0.18471 0.16951 0.16056 0.15811 0.81005 0.80336 
 0.24402 0.20044 0.20284 0.18281 0.16621 0.17423 0.17150 0.80384 0.79715 
 0.24502 0.20634 0.20955 0.17912 0.16273 0.18667 0.18458 0.79675 0.79045 
 0.24602 0.21378 0.21675 0.17478 0.15909 0.20004 0.19731 0.78897 0.78325 
 0.24702 0.22105 0.22442 0.17037 0.15528 0.21239 0.20969 0.78076 0.77558 
 0.24802 0.22895 0.23254 0.16606 0.15132 0.22509 0.22169 0.77200 0.76746 
 0.24902 0.23722 0.24111 0.16149 0.14721 0.23659 0.23329 0.76361 0.75889 
 0.25003 0.24690 0.25011 0.15721 0.14296 0.24809 0.24448 0.75514 0.74989 
 0.25103 0.25657 0.25953 0.15256 0.13858 0.25886 0.25523 0.74616 0.74047 
 0.25203 0.26685 0.26934 0.14835 0.13406 0.26888 0.26553 0.73665 0.73066 
 0.25303 0.27720 0.27953 0.14394 0.12942 0.27818 0.27536 0.72629 0.72047 
 0.25403 0.28838 0.29008 0.13951 0.12467 0.28757 0.28471 0.71556 0.70992 
 0.25503 0.29901 0.30098 0.13521 0.11981 0.29690 0.29357 0.70520 0.69902 
 0.25603 0.30993 0.31219 0.13061 0.11485 0.30560 0.30191 0.69433 0.68781 
 0.25703 0.32125 0.32372 0.12609 0.10980 0.31341 0.30973 0.68309 0.67628 
 0.25803 0.33409 0.33552 0.12095 0.10467 0.32124 0.31701 0.67057 0.66448 
 0.25903 0.34699 0.34760 0.11579 0.09946 0.32789 0.32375 0.65803 0.65240 
 0.26003 0.35983 0.35991 0.11045 0.09419 0.33415 0.32993 0.64549 0.64009 
 0.26103 0.37245 0.37245 0.10522 0.08885 0.33905 0.33554 0.63306 0.62755 
 0.26203 0.38551 0.38518 0.10055 0.08346 0.34365 0.34058 0.62027 0.61482 
 0.26303 0.39808 0.39810 0.09578 0.07803 0.34814 0.34504 0.60715 0.60190 
 0.26403 0.41091 0.41117 0.08978 0.07257 0.35220 0.34891 0.59404 0.58883 
 0.26503 0.42387 0.42438 0.08319 0.06708 0.35529 0.35218 0.58090 0.57562 
 0.26603 0.43827 0.43770 0.07692 0.06158 0.35816 0.35486 0.56770 0.56230 
 0.26703 0.45283 0.45111 0.07089 0.05606 0.36115 0.35694 0.55467 0.54889 
 0.26803 0.46640 0.46459 0.06529 0.05055 0.36337 0.35842 0.54083 0.53541 
 0.26903 0.47920 0.47811 0.05997 0.04504 0.36380 0.35929 0.52637 0.52189 
 0.27003 0.49274 0.49165 0.05528 0.03955 0.36376 0.35956 0.51226 0.50835 
 0.27103 0.50658 0.50519 0.05127 0.03409 0.36309 0.35922 0.49857 0.49481 
 0.27203 0.52047 0.51871 0.04709 0.02866 0.36237 0.35828 0.48475 0.48129 
 0.27303 0.53370 0.53218 0.04237 0.02327 0.36044 0.35674 0.47068 0.46782 
 0.27403 0.54678 0.54558 0.03781 0.01793 0.35808 0.35461 0.45663 0.45442 
 0.27503 0.55973 0.55889 0.03323 0.01266 0.35542 0.35189 0.44276 0.44111 
 0.27603 0.57293 0.57209 0.02898 0.00744 0.35249 0.34858 0.42916 0.42791 
 0.27703 0.58602 0.58515 0.02430 0.00230 0.34880 0.34469 0.41608 0.41485 
 0.27803 0.59924 0.59805 0.01960 -0.00275 0.34471 0.34023 0.40345 0.40195 
 0.27903 0.61200 0.61078 0.01483 -0.00772 0.33961 0.33521 0.39105 0.38922 
 0.28003 0.62421 0.62330 0.01033 -0.01259 0.33370 0.32964 0.37912 0.37670 
 0.28103 0.63652 0.63561 0.00558 -0.01735 0.32707 0.32352 0.36707 0.36439 
 0.28203 0.64909 0.64767 0.00107 -0.02201 0.32022 0.31688 0.35483 0.35233 
 0.28303 0.66185 0.65948 -0.00370 -0.02654 0.31311 0.30971 0.34228 0.34052 
 0.28403 0.67438 0.67100 -0.00771 -0.03095 0.30530 0.30203 0.32992 0.32900 
 0.28503 0.68613 0.68223 -0.01260 -0.03523 0.29658 0.29387 0.31786 0.31777 
 0.28603 0.69746 0.69314 -0.01726 -0.03938 0.28760 0.28522 0.30666 0.30686 
 0.28703 0.70837 0.70371 -0.02137 -0.04337 0.27834 0.27612 0.29602 0.29629 
 0.28803 0.71876 0.71393 -0.02466 -0.04722 0.26902 0.26656 0.28572 0.28607 
 0.28903 0.72839 0.72379 -0.02776 -0.05092 0.25928 0.25658 0.27558 0.27621 
 0.29003 0.73760 0.73326 -0.03082 -0.05445 0.24873 0.24618 0.26623 0.26674 
 0.29103 0.74676 0.74233 -0.03358 -0.05782 0.23810 0.23539 0.25740 0.25766 
 0.29203 0.75580 0.75099 -0.03650 -0.06102 0.22775 0.22422 0.24934 0.24901 
 0.29303 0.76400 0.75922 -0.03943 -0.06405 0.21691 0.21269 0.24114 0.24078 
 0.29403 0.77185 0.76701 -0.04165 -0.06690 0.20630 0.20083 0.23273 0.23299 
 0.29503 0.77964 0.77435 -0.04406 -0.06957 0.19466 0.18865 0.22512 0.22565 
 0.29603 0.78718 0.78122 -0.04593 -0.07205 0.18267 0.17617 0.21815 0.21877 
 0.29703 0.79359 0.78762 -0.04773 -0.07434 0.16998 0.16342 0.21228 0.21238 
 0.29803 0.79989 0.79353 -0.04930 -0.07645 0.15724 0.15042 0.20667 0.20647 
 0.29903 0.80645 0.79895 -0.05090 -0.07836 0.14423 0.13719 0.20101 0.20105 
 0.30003 0.81214 0.80387 -0.05189 -0.08007 0.13128 0.12375 0.19606 0.19613 
 0.30103 0.81637 0.80827 -0.05267 -0.08159 0.11789 0.11012 0.19194 0.19173 
 0.30203 0.82029 0.81216 -0.05331 -0.08291 0.10350 0.09633 0.18872 0.18784 
 0.30303 0.82430 0.81553 -0.05427 -0.08403 0.08940 0.08240 0.18535 0.18447 
 0.30403 0.82741 0.81837 -0.05553 -0.08494 0.07522 0.06835 0.18195 0.18163 
 0.30503 0.82956 0.82068 -0.05645 -0.08566 0.06110 0.05421 0.17962 0.17932 
 0.30603 0.83118 0.82246 -0.05688 -0.08617 0.04677 0.04000 0.17748 0.17755 
 0.30703 0.83252 0.82369 -0.05735 -0.08648 0.03268 0.02575 0.17568 0.17631 
 0.30803 0.83340 0.82439 -0.05757 -0.08660 0.01841 0.01147 0.17463 0.17561 
 0.30903 0.83357 0.82456 -0.05772 -0.08651 0.00499 -0.00280 0.17412 0.17544 
 0.31003 0.83387 0.82418 -0.05795 -0.08622 -0.00816 -0.01705 0.17383 0.17582 
 0.31103 0.83313 0.82327 -0.05792 -0.08574 -0.02172 -0.03125 0.17445 0.17673 
 0.31203 0.83149 0.82183 -0.05735 -0.08506 -0.03513 -0.04537 0.17569 0.17817 
 0.31303 0.82850 0.81986 -0.05604 -0.08418 -0.04887 -0.05940 0.17723 0.18014 
 0.31403 0.82498 0.81736 -0.05425 -0.08312 -0.06234 -0.07331 0.17960 0.18264 
 0.31503 0.82197 0.81433 -0.05212 -0.08187 -0.07600 -0.08708 0.18183 0.18567 
 0.31603 0.81921 0.81080 -0.05038 -0.08043 -0.08875 -0.10069 0.18434 0.18920 
 0.31703 0.81577 0.80675 -0.04859 -0.07881 -0.10163 -0.11410 0.18790 0.19325 
 0.31803 0.81205 0.80220 -0.04600 -0.07701 -0.11419 -0.12731 0.19143 0.19780 
 0.31903 0.80793 0.79716 -0.04311 -0.07504 -0.12693 -0.14029 0.19643 0.20284 
 0.32003 0.80333 0.79163 -0.04077 -0.07290 -0.14010 -0.15302 0.20211 0.20836 
 0.32103 0.79873 0.78563 -0.03829 -0.07059 -0.15218 -0.16547 0.20744 0.21436 
 0.32203 0.79293 0.77917 -0.03578 -0.06812 -0.16495 -0.17763 0.21381 0.22083 
 0.32303 0.78707 0.77226 -0.03290 -0.06550 -0.17681 -0.18948 0.22060 0.22775 
 0.32403 0.77973 0.76490 -0.02961 -0.06272 -0.18885 -0.20100 0.22754 0.23510 
 0.32503 0.77304 0.75711 -0.02667 -0.05981 -0.20011 -0.21218 0.23380 0.24289 
 0.32603 0.76539 0.74892 -0.02387 -0.05675 -0.21145 -0.22298 0.24088 0.25108 
 0.32703 0.75705 0.74032 -0.02126 -0.05356 -0.22199 -0.23340 0.24781 0.25968 
 0.32803 0.74806 0.73133 -0.01843 -0.05024 -0.23220 -0.24342 0.25681 0.26866 
 0.32903 0.73876 0.72198 -0.01609 -0.04680 -0.24138 -0.25302 0.26530 0.27802 
 0.33003 0.72836 0.71228 -0.01364 -0.04325 -0.25062 -0.26219 0.27473 0.28772 
 0.33103 0.71915 0.70223 -0.01141 -0.03959 -0.25897 -0.27091 0.28432 0.29777 
 0.33203 0.70906 0.69187 -0.00773 -0.03583 -0.26696 -0.27918 0.29503 0.30813 
 0.33303 0.69892 0.68120 -0.00373 -0.03198 -0.27443 -0.28697 0.30602 0.31879 
 0.33403 0.68808 0.67025 0.00076 -0.02804 -0.28221 -0.29428 0.31732 0.32975 
 0.33503 0.67776 0.65904 0.00540 -0.02402 -0.28914 -0.30109 0.32805 0.34096 
 0.33603 0.66757 0.64758 0.00942 -0.01993 -0.29604 -0.30739 0.33890 0.35242 
 0.33703 0.65718 0.63588 0.01300 -0.01577 -0.30268 -0.31318 0.35009 0.36412 
 0.33803 0.64547 0.62398 0.01719 -0.01157 -0.30910 -0.31845 0.36206 0.37602 
 0.33903 0.63340 0.61190 0.02158 -0.00731 -0.31481 -0.32318 0.37402 0.38810 
 0.34003 0.62029 0.59964 0.02610 -0.00301 -0.31935 -0.32738 0.38538 0.40036 
 0.34103 0.60785 0.58724 0.03001 0.00132 -0.32288 -0.33103 0.39611 0.41276 
 0.34203 0.59562 0.57471 0.03352 0.00568 -0.32662 -0.33413 0.40809 0.42529 
 0.34303 0.58431 0.56207 0.03610 0.01005 -0.33003 -0.33667 0.41974 0.43793 
 0.34403 0.57155 0.54935 0.03896 0.01444 -0.33247 -0.33866 0.43183 0.45065 
 0.34503 0.55884 0.53656 0.04239 0.01882 -0.33434 -0.34009 0.44401 0.46344 
 0.34603 0.54603 0.52373 0.04644 0.02320 -0.33600 -0.34096 0.45705 0.47627 
 0.34703 0.53352 0.51088 0.05009 0.02756 -0.33726 -0.34127 0.46942 0.48912 
 0.34803 0.52085 0.49802 0.05436 0.03190 -0.33783 -0.34102 0.48286 0.50198 
 0.34903 0.50848 0.48519 0.05874 0.03621 -0.33789 -0.34021 0.49589 0.51481 
 0.35004 0.49568 0.47240 0.06341 0.04049 -0.33690 -0.33884 0.50962 0.52760 
 0.35104 0.48347 0.45966 0.06788 0.04471 -0.33553 -0.33692 0.52216 0.54034 
 0.35204 0.47068 0.44702 0.07161 0.04889 -0.33335 -0.33446 0.53457 0.55298 
 0.35304 0.45865 0.43447 0.07558 0.05300 -0.33075 -0.33144 0.54730 0.56553 
 0.35404 0.44561 0.42205 0.07909 0.05705 -0.32820 -0.32789 0.56000 0.57795 
 0.35504 0.43265 0.40977 0.08259 0.06102 -0.32529 -0.32381 0.57263 0.59023 
 0.35604 0.41966 0.39766 0.08557 0.06491 -0.32207 -0.31921 0.58458 0.60234 
 0.35704 0.40760 0.38573 0.08866 0.06871 -0.31849 -0.31410 0.59634 0.61427 
 0.35804 0.39503 0.37400 0.09142 0.07242 -0.31411 -0.30847 0.60822 0.62600 
 0.35904 0.38333 0.36249 0.09469 0.07602 -0.30896 -0.30236 0.62014 0.63751 
 0.36004 0.37229 0.35122 0.09814 0.07952 -0.30271 -0.29576 0.63158 0.64878 
 0.36104 0.36230 0.34021 0.10205 0.08290 -0.29558 -0.28869 0.64259 0.65979 
 0.36204 0.35176 0.32948 0.10522 0.08616 -0.28789 -0.28116 0.65342 0.67052 
 0.36304 0.34081 0.31904 0.10818 0.08929 -0.28038 -0.27318 0.66386 0.68096 
 0.36404 0.32953 0.30890 0.11155 0.09229 -0.27258 -0.26477 0.67402 0.69110 
 0.36504 0.31934 0.29909 0.11467 0.09516 -0.26495 -0.25595 0.68384 0.70091 
 0.36604 0.30935 0.28962 0.11766 0.09788 -0.25648 -0.24673 0.69382 0.71038 
 0.36704 0.30024 0.28051 0.12067 0.10045 -0.24748 -0.23712 0.70339 0.71949 
 0.36804 0.29152 0.27176 0.12349 0.10287 -0.23841 -0.22714 0.71287 0.72824 
 0.36904 0.28336 0.26340 0.12621 0.10514 -0.22906 -0.21681 0.72209 0.73660 
 0.37004 0.27437 0.25543 0.12878 0.10724 -0.21903 -0.20615 0.73073 0.74457 
 0.37104 0.26571 0.24787 0.13122 0.10919 -0.20871 -0.19517 0.73821 0.75213 
 0.37204 0.25758 0.24073 0.13327 0.11096 -0.19778 -0.18390 0.74587 0.75927 
 0.37304 0.25001 0.23402 0.13511 0.11256 -0.18685 -0.17235 0.75331 0.76599 
 0.37404 0.24311 0.22774 0.13658 0.11399 -0.17607 -0.16054 0.76009 0.77226 
 0.37504 0.23722 0.22192 0.13806 0.11525 -0.16472 -0.14849 0.76731 0.77808 
 0.37604 0.23186 0.21656 0.13881 0.11632 -0.15344 -0.13623 0.77402 0.78344 
 0.37704 0.22700 0.21166 0.13980 0.11722 -0.14153 -0.12377 0.77975 0.78834 
 0.37804 0.22132 0.20724 0.14064 0.11793 -0.12980 -0.11114 0.78474 0.79277 
 0.37904 0.21688 0.20329 0.14133 0.11846 -0.11776 -0.09835 0.78957 0.79671 
 0.38004 0.21312 0.19983 0.14184 0.11880 -0.10565 -0.08543 0.79385 0.80017 
 0.38104 0.21017 0.19685 0.14148 0.11896 -0.09328 -0.07240 0.79746 0.80315 
 0.38204 0.20672 0.19437 0.14163 0.11893 -0.08056 -0.05929 0.80037 0.80563 
 0.38304 0.20347 0.19239 0.14186 0.11871 -0.06774 -0.04610 0.80340 0.80761 
 0.38404 0.20072 0.19090 0.14224 0.11831 -0.05439 -0.03287 0.80596 0.80910 
 0.38504 0.19899 0.18991 0.14226 0.11772 -0.04060 -0.01962 0.80795 0.81009 
 0.38604 0.19731 0.18942 0.14189 0.11695 -0.02743 -0.00636 0.80948 0.81058 
 0.38704 0.19666 0.18943 0.14114 0.11600 -0.01431 0.00687 0.81064 0.81057 
 0.38804 0.19670 0.18994 0.13990 0.11486 -0.00143 0.02006 0.81129 0.81006 
 0.38904 0.19751 0.19094 0.13849 0.11353 0.01189 0.03318 0.81194 0.80906 
 0.39004 0.19774 0.19244 0.13695 0.11203 0.02547 0.04622 0.81183 0.80756 
 0.39104 0.19865 0.19442 0.13500 0.11036 0.03967 0.05915 0.81106 0.80558 
 0.39204 0.20032 0.19689 0.13306 0.10851 0.05330 0.07195 0.80917 0.80311 
 0.39304 0.20301 0.19984 0.13156 0.10648 0.06669 0.08460 0.80599 0.80016 
 0.39404 0.20590 0.20326 0.13009 0.10429 0.07979 0.09708 0.80240 0.79674 
 0.39504 0.20972 0.20715 0.12784 0.10194 0.09172 0.10937 0.79850 0.79285 
 0.39604 0.21355 0.21150 0.12581 0.09942 0.10332 0.12145 0.79432 0.78850 
 0.39704 0.21784 0.21630 0.12380 0.09674 0.11461 0.13330 0.79014 0.78370 
 0.39804 0.22202 0.22154 0.12242 0.09392 0.12561 0.14489 0.78590 0.77846 
 0.39904 0.22653 0.22722 0.12010 0.09094 0.13697 0.15622 0.78090 0.77279 
 0.40004 0.23187 0.23331 0.11670 0.08782 0.14809 0.16727 0.77559 0.76669 
 0.40104 0.23736 0.23981 0.11283 0.08455 0.15919 0.17800 0.76962 0.76019 
 0.40204 0.24353 0.24672 0.10955 0.08116 0.17104 0.18842 0.76331 0.75328 
 0.40304 0.25006 0.25401 0.10614 0.07763 0.18215 0.19850 0.75647 0.74599 
 0.40404 0.25714 0.26167 0.10293 0.07399 0.19305 0.20822 0.74918 0.73833 
 0.40504 0.26454 0.26969 0.09938 0.07022 0.20292 0.21757 0.74136 0.73031 
 0.40604 0.27260 0.27806 0.09582 0.06634 0.21263 0.22654 0.73304 0.72194 
 0.40704 0.28081 0.28675 0.09169 0.06236 0.22164 0.23511 0.72481 0.71325 
 0.40804 0.28925 0.29577 0.08781 0.05827 0.23006 0.24326 0.71637 0.70423 
 0.40904 0.29788 0.30508 0.08401 0.05410 0.23842 0.25099 0.70772 0.69492 
 0.41004 0.30617 0.31467 0.08118 0.04983 0.24727 0.25829 0.69845 0.68533 
 0.41104 0.31526 0.32453 0.07752 0.04549 0.25517 0.26513 0.68902 0.67547 
 0.41204 0.32515 0.33464 0.07390 0.04107 0.26259 0.27152 0.67970 0.66536 
 0.41304 0.33577 0.34498 0.06999 0.03659 0.26881 0.27744 0.67017 0.65502 
 0.41404 0.34595 0.35554 0.06547 0.03204 0.27444 0.28288 0.65983 0.64446 
 0.41504 0.35623 0.36629 0.06073 0.02745 0.27970 0.28784 0.64988 0.63371 
 0.41604 0.36697 0.37722 0.05610 0.02280 0.28421 0.29230 0.64034 0.62278 
 0.41704 0.37855 0.38831 0.05129 0.01813 0.28770 0.29626 0.62982 0.61169 
 0.41804 0.39017 0.39954 0.04719 0.01341 0.29144 0.29972 0.61845 0.60046 
 0.41904 0.40151 0.41089 0.04264 0.00868 0.29509 0.30267 0.60699 0.58911 
 0.42004 0.41293 0.42234 0.03884 0.00393 0.29844 0.30511 0.59607 0.57766 
 0.42104 0.42457 0.43387 0.03498 -0.00083 0.30167 0.30703 0.58531 0.56613 
 0.42204 0.43614 0.44546 0.03128 -0.00559 0.30511 0.30843 0.57471 0.55454 
 0.42304 0.44709 0.45710 0.02681 -0.01034 0.30676 0.30931 0.56340 0.54290 
 0.42404 0.45846 0.46876 0.02224 -0.01508 0.30720 0.30967 0.55120 0.53124 
 0.42504 0.47006 0.48043 0.01806 -0.01980 0.30743 0.30951 0.53937 0.51957 
 0.42604 0.48143 0.49208 0.01474 -0.02450 0.30760 0.30884 0.52719 0.50792 
 0.42704 0.49273 0.50369 0.01105 -0.02916 0.30701 0.30765 0.51536 0.49631 
 0.42804 0.50392 0.51525 0.00709 -0.03377 0.30588 0.30594 0.50335 0.48475 
 0.42904 0.51516 0.52673 0.00304 -0.03834 0.30402 0.30372 0.49158 0.47326 
 0.43004 0.52618 0.53813 -0.00113 -0.04286 0.30202 0.30100 0.48001 0.46187 
 0.43104 0.53754 0.54941 -0.00498 -0.04731 0.29969 0.29778 0.46847 0.45059 
 0.43204 0.54900 0.56056 -0.00853 -0.05169 0.29672 0.29406 0.45706 0.43944 
 0.43304 0.56032 0.57156 -0.01228 -0.05599 0.29323 0.28986 0.44581 0.42844 
 0.43404 0.57135 0.58239 -0.01617 -0.06022 0.28909 0.28518 0.43499 0.41761 
 0.43504 0.58185 0.59304 -0.01997 -0.06435 0.28418 0.28004 0.42423 0.40696 
 0.43604 0.59193 0.60349 -0.02369 -0.06839 0.27860 0.27443 0.41348 0.39652 
 0.43704 0.60201 0.61371 -0.02736 -0.07233 0.27319 0.26837 0.40285 0.38629 
 0.43804 0.61272 0.62370 -0.03090 -0.07617 0.26750 0.26187 0.39248 0.37630 
 0.43904 0.62299 0.63344 -0.03424 -0.07989 0.26142 0.25495 0.38222 0.36656 
 0.44004 0.63308 0.64290 -0.03777 -0.08349 0.25471 0.24761 0.37225 0.35709 
 0.44104 0.64255 0.65209 -0.04123 -0.08698 0.24769 0.23987 0.36253 0.34791 
 0.44204 0.65212 0.66097 -0.04429 -0.09033 0.24061 0.23174 0.35337 0.33903 
 0.44304 0.66179 0.66954 -0.04696 -0.09355 0.23381 0.22323 0.34460 0.33046 
 0.44404 0.67082 0.67779 -0.04946 -0.09664 0.22610 0.21437 0.33598 0.32221 
 0.44504 0.67906 0.68569 -0.05157 -0.09959 0.21835 0.20517 0.32751 0.31431 
 0.44604 0.68751 0.69324 -0.05369 -0.10239 0.20949 0.19563 0.31959 0.30676 
 0.44704 0.69517 0.70043 -0.05578 -0.10504 0.20048 0.18579 0.31171 0.29957 
 0.44804 0.70201 0.70724 -0.05805 -0.10754 0.19098 0.17564 0.30409 0.29276 
 0.44904 0.70865 0.71366 -0.05976 -0.10988 0.18150 0.16523 0.29675 0.28634 
 0.45005 0.71535 0.71968 -0.06128 -0.11207 0.17156 0.15455 0.28981 0.28032 
 0.45105 0.72196 0.72530 -0.06289 -0.11409 0.16107 0.14363 0.28364 0.27470 
 0.45205 0.72764 0.73050 -0.06392 -0.11595 0.15038 0.13249 0.27839 0.26950 
 0.45305 0.73321 0.73528 -0.06492 -0.11765 0.13984 0.12115 0.27357 0.26472 
 0.45405 0.73890 0.73963 -0.06578 -0.11918 0.12945 0.10962 0.26872 0.26037 
 0.45505 0.74403 0.74354 -0.06650 -0.12053 0.11884 0.09792 0.26441 0.25646 
 0.45605 0.74817 0.74701 -0.06779 -0.12172 0.10792 0.08609 0.26014 0.25300 
 0.45705 0.75113 0.75002 -0.06898 -0.12273 0.09661 0.07412 0.25605 0.24998 
 0.45805 0.75409 0.75259 -0.06996 -0.12358 0.08504 0.06205 0.25266 0.24741 
 0.45905 0.75704 0.75470 -0.07022 -0.12424 0.07359 0.04990 0.24952 0.24530 
 0.46005 0.75901 0.75635 -0.07066 -0.12474 0.06168 0.03768 0.24741 0.24365 
 0.46105 0.76049 0.75753 -0.07118 -0.12506 0.04949 0.02541 0.24546 0.24247 
 0.46205 0.76179 0.75826 -0.07101 -0.12521 0.03770 0.01313 0.24359 0.24174 
 0.46305 0.76276 0.75852 -0.07031 -0.12518 0.02628 0.00084 0.24231 0.24148 
 0.46405 0.76345 0.75833 -0.06977 -0.12499 0.01490 -0.01144 0.24171 0.24168 
 0.46505 0.76413 0.75766 -0.06945 -0.12462 0.00350 -0.02367 0.24149 0.24234 
 0.46605 0.76471 0.75654 -0.06981 -0.12409 -0.00836 -0.03585 0.24200 0.24346 
 0.46705 0.76437 0.75496 -0.06991 -0.12339 -0.02042 -0.04795 0.24304 0.24504 
 0.46805 0.76346 0.75293 -0.06971 -0.12252 -0.03241 -0.05996 0.24451 0.24707 
 0.46905 0.76185 0.75045 -0.06899 -0.12150 -0.04409 -0.07185 0.24645 0.24955 
 0.47005 0.75994 0.74752 -0.06822 -0.12031 -0.05559 -0.08360 0.24884 0.25248 
 0.47105 0.75767 0.74415 -0.06761 -0.11896 -0.06716 -0.09519 0.25120 0.25585 
 0.47205 0.75479 0.74035 -0.06662 -0.11746 -0.07855 -0.10661 0.25341 0.25965 
 0.47305 0.75155 0.73612 -0.06478 -0.11581 -0.08983 -0.11783 0.25576 0.26388 
 0.47405 0.74800 0.73147 -0.06212 -0.11402 -0.10075 -0.12885 0.25918 0.26853 
 0.47505 0.74427 0.72641 -0.05981 -0.11208 -0.11217 -0.13963 0.26390 0.27359 
 0.47605 0.74002 0.72096 -0.05728 -0.11000 -0.12318 -0.15017 0.26776 0.27904 
 0.47705 0.73558 0.71510 -0.05499 -0.10778 -0.13344 -0.16045 0.27201 0.28490 
 0.47805 0.73016 0.70887 -0.05277 -0.10544 -0.14377 -0.17044 0.27740 0.29113 
 0.47905 0.72422 0.70227 -0.05052 -0.10297 -0.15373 -0.18014 0.28283 0.29774 
 0.48005 0.71766 0.69530 -0.04789 -0.10037 -0.16339 -0.18952 0.28858 0.30470 
 0.48105 0.71155 0.68799 -0.04538 -0.09767 -0.17260 -0.19858 0.29438 0.31201 
 0.48205 0.70455 0.68034 -0.04280 -0.09485 -0.18193 -0.20730 0.30102 0.31966 
 0.48305 0.69801 0.67237 -0.03990 -0.09193 -0.18998 -0.21566 0.30801 0.32762 
 0.48405 0.69062 0.66410 -0.03721 -0.08890 -0.19778 -0.22365 0.31601 0.33590 
 0.48505 0.68265 0.65553 -0.03509 -0.08579 -0.20553 -0.23126 0.32363 0.34447 
 0.48605 0.67445 0.64668 -0.03307 -0.08258 -0.21332 -0.23848 0.33179 0.35332 
 0.48705 0.66635 0.63757 -0.03080 -0.07930 -0.22036 -0.24530 0.34076 0.36244 
 0.48805 0.65705 0.62820 -0.02791 -0.07593 -0.22702 -0.25170 0.34988 0.37180 
 0.48905 0.64830 0.61861 -0.02500 -0.07250 -0.23328 -0.25767 0.35906 0.38139 
 0.49005 0.63934 0.60879 -0.02134 -0.06901 -0.24012 -0.26322 0.36835 0.39121 
 0.49105 0.63084 0.59878 -0.01823 -0.06546 -0.24663 -0.26832 0.37708 0.40122 
 0.49205 0.62166 0.58858 -0.01601 -0.06186 -0.25292 -0.27297 0.38581 0.41142 
 0.49305 0.61244 0.57822 -0.01376 -0.05822 -0.25894 -0.27716 0.39502 0.42178 
 0.49405 0.60235 0.56770 -0.01044 -0.05454 -0.26444 -0.28090 0.40489 0.43230 
 0.49505 0.59227 0.55706 -0.00666 -0.05082 -0.26836 -0.28416 0.41474 0.44294 
 0.49605 0.58185 0.54630 -0.00235 -0.04709 -0.27174 -0.28696 0.42500 0.45370 
 0.49705 0.57154 0.53544 0.00151 -0.04334 -0.27513 -0.28928 0.43512 0.46456 
 0.49805 0.56123 0.52451 0.00464 -0.03958 -0.27837 -0.29112 0.44560 0.47549 
 0.49905 0.55111 0.51352 0.00747 -0.03582 -0.28090 -0.29247 0.45577 0.48649 
 0.50005 0.53958 0.50248 0.01127 -0.03206 -0.28266 -0.29335 0.46637 0.49752 
 0.50105 0.52828 0.49142 0.01500 -0.02831 -0.28376 -0.29374 0.47640 0.50858 
 0.50205 0.51670 0.48035 0.01819 -0.02458 -0.28473 -0.29366 0.48585 0.51965 
 0.50305 0.50601 0.46930 0.02109 -0.02088 -0.28562 -0.29309 0.49547 0.53070 
 0.50405 0.49564 0.45828 0.02442 -0.01720 -0.28605 -0.29204 0.50627 0.54172 
 0.50505 0.48540 0.44730 0.02721 -0.01357 -0.28604 -0.29051 0.51743 0.55270 
 0.50605 0.47510 0.43639 0.03020 -0.00997 -0.28556 -0.28851 0.52866 0.56361 
 0.50705 0.46511 0.42557 0.03308 -0.00643 -0.28469 -0.28604 0.53910 0.57443 
 0.50805 0.45428 0.41485 0.03591 -0.00294 -0.28304 -0.28311 0.54989 0.58515 
 0.50905 0.44391 0.40424 0.03891 0.00048 -0.28084 -0.27972 0.56092 0.59576 
 0.51005 0.43309 0.39378 0.04166 0.00384 -0.27856 -0.27587 0.57219 0.60622 
 0.51105 0.42256 0.38346 0.04425 0.00712 -0.27607 -0.27159 0.58271 0.61654 
 0.51205 0.41211 0.37332 0.04698 0.01032 -0.27323 -0.26686 0.59278 0.62668 
 0.51305 0.40222 0.36336 0.04964 0.01343 -0.26990 -0.26171 0.60253 0.63664 
 0.51405 0.39122 0.35361 0.05279 0.01645 -0.26555 -0.25614 0.61279 0.64640 
 0.51505 0.38106 0.34407 0.05578 0.01937 -0.26067 -0.25016 0.62265 0.65593 
 0.51605 0.37146 0.33476 0.05884 0.02220 -0.25501 -0.24379 0.63230 0.66524 
 0.51705 0.36244 0.32570 0.06160 0.02491 -0.24898 -0.23702 0.64175 0.67430 
 0.51805 0.35287 0.31691 0.06373 0.02751 -0.24242 -0.22988 0.65116 0.68309 
 0.51905 0.34358 0.30839 0.06565 0.02999 -0.23534 -0.22238 0.66013 0.69161 
 0.52005 0.33463 0.30016 0.06760 0.03236 -0.22807 -0.21454 0.66803 0.69984 
 0.52105 0.32656 0.29223 0.06911 0.03459 -0.22103 -0.20635 0.67607 0.70777 
 0.52205 0.31835 0.28461 0.07082 0.03670 -0.21362 -0.19785 0.68436 0.71539 
 0.52305 0.31125 0.27732 0.07252 0.03867 -0.20589 -0.18904 0.69190 0.72268 
 0.52405 0.30415 0.27037 0.07443 0.04051 -0.19828 -0.17994 0.69958 0.72963 
 0.52505 0.29739 0.26377 0.07626 0.04221 -0.18999 -0.17056 0.70699 0.73623 
 0.52605 0.29013 0.25753 0.07800 0.04376 -0.18107 -0.16092 0.71400 0.74247 
 0.52705 0.28371 0.25165 0.07959 0.04517 -0.17177 -0.15104 0.72057 0.74835 
 0.52805 0.27780 0.24615 0.08139 0.04643 -0.16194 -0.14094 0.72712 0.75385 
 0.52905 0.27231 0.24103 0.08301 0.04753 -0.15188 -0.13062 0.73407 0.75897 
 0.53005 0.26691 0.23631 0.08445 0.04849 -0.14207 -0.12012 0.74053 0.76369 
 0.53105 0.26211 0.23198 0.08551 0.04928 -0.13220 -0.10944 0.74644 0.76802 
 0.53205 0.25781 0.22806 0.08604 0.04993 -0.12212 -0.09861 0.75185 0.77194 
 0.53305 0.25379 0.22456 0.08656 0.05041 -0.11179 -0.08764 0.75656 0.77545 
 0.53405 0.24896 0.22146 0.08697 0.05074 -0.10143 -0.07655 0.76065 0.77854 
 0.53505 0.24574 0.21879 0.08697 0.05090 -0.09120 -0.06536 0.76465 0.78121 
 0.53605 0.24276 0.21654 0.08693 0.05091 -0.08085 -0.05408 0.76865 0.78346 
 0.53705 0.24019 0.21471 0.08656 0.05075 -0.06988 -0.04275 0.77183 0.78529 
 0.53805 0.23724 0.21332 0.08665 0.05044 -0.05872 -0.03137 0.77440 0.78668 
 0.53905 0.23559 0.21235 0.08669 0.04996 -0.04733 -0.01997 0.77651 0.78765 
 0.54005 0.23427 0.21181 0.08685 0.04933 -0.03541 -0.00856 0.77823 0.78819 
 0.54105 0.23346 0.21171 0.08677 0.04854 -0.02349 0.00283 0.77900 0.78829 
 0.54205 0.23250 0.21203 0.08622 0.04758 -0.01219 0.01419 0.77984 0.78797 
 0.54305 0.23209 0.21277 0.08509 0.04648 -0.00117 0.02551 0.78022 0.78722 
 0.54405 0.23216 0.21395 0.08320 0.04522 0.00976 0.03675 0.78014 0.78605 
 0.54505 0.23268 0.21554 0.08130 0.04380 0.02091 0.04790 0.77998 0.78446 
 0.54605 0.23287 0.21756 0.07980 0.04224 0.03233 0.05895 0.77948 0.78244 
 0.54705 0.23383 0.21998 0.07810 0.04052 0.04406 0.06987 0.77835 0.78002 
 0.54805 0.23536 0.22282 0.07606 0.03867 0.05479 0.08065 0.77616 0.77718 
 0.54905 0.23798 0.22606 0.07425 0.03666 0.06631 0.09128 0.77327 0.77394 
 0.55006 0.24104 0.22969 0.07184 0.03452 0.07690 0.10172 0.77019 0.77031 
 0.55106 0.24475 0.23372 0.06946 0.03224 0.08717 0.11197 0.76707 0.76628 
 0.55206 0.24819 0.23813 0.06749 0.02983 0.09673 0.12201 0.76371 0.76187 
 0.55306 0.25207 0.24291 0.06551 0.02729 0.10598 0.13182 0.76003 0.75709 
 0.55406 0.25605 0.24806 0.06337 0.02463 0.11518 0.14139 0.75608 0.75194 
 0.55506 0.26109 0.25356 0.06083 0.02184 0.12512 0.15070 0.75125 0.74644 
 0.55606 0.26582 0.25941 0.05784 0.01894 0.13422 0.15974 0.74598 0.74059 
 0.55706 0.27123 0.26559 0.05506 0.01593 0.14464 0.16849 0.73955 0.73441 
 0.55806 0.27577 0.27210 0.05160 0.01280 0.15369 0.17694 0.73366 0.72790 
 0.55906 0.28164 0.27892 0.04807 0.00958 0.16285 0.18507 0.72721 0.72108 
 0.56006 0.28754 0.28604 0.04453 0.00626 0.17106 0.19288 0.72077 0.71396 
 0.56106 0.29475 0.29345 0.04080 0.00284 0.17968 0.20035 0.71360 0.70655 
 0.56206 0.30090 0.30113 0.03731 -0.00066 0.18757 0.20746 0.70626 0.69887 
 0.56306 0.30814 0.30907 0.03378 -0.00425 0.19530 0.21421 0.69878 0.69093 
 0.56406 0.31511 0.31727 0.03048 -0.00791 0.20227 0.22059 0.69138 0.68273 
 0.56506 0.32253 0.32569 0.02737 -0.01164 0.20944 0.22659 0.68388 0.67431 
 0.56606 0.32989 0.33433 0.02495 -0.01543 0.21602 0.23219 0.67650 0.66567 
 0.56706 0.33813 0.34318 0.02178 -0.01929 0.22178 0.23739 0.66906 0.65682 
 0.56806 0.34643 0.35222 0.01850 -0.02319 0.22710 0.24218 0.66081 0.64779 
 0.56906 0.35600 0.36142 0.01532 -0.02715 0.23214 0.24656 0.65122 0.63858 
 0.57006 0.36502 0.37079 0.01227 -0.03114 0.23692 0.25051 0.64177 0.62921 
 0.57106 0.37441 0.38029 0.00912 -0.03517 0.24130 0.25404 0.63319 0.61971 
 0.57206 0.38383 0.38992 0.00608 -0.03923 0.24489 0.25713 0.62463 0.61008 
 0.57306 0.39380 0.39966 0.00331 -0.04330 0.24830 0.25979 0.61535 0.60034 
 0.57406 0.40317 0.40949 0.00025 -0.04740 0.25123 0.26200 0.60572 0.59051 
 0.57506 0.41277 0.41940 -0.00356 -0.05150 0.25359 0.26377 0.59593 0.58060 
 0.57606 0.42254 0.42936 -0.00765 -0.05561 0.25518 0.26510 0.58613 0.57064 
 0.57706 0.43267 0.43937 -0.01129 -0.05971 0.25697 0.26598 0.57633 0.56063 
 0.57806 0.44180 0.44939 -0.01515 -0.06380 0.25824 0.26641 0.56670 0.55061 
 0.57906 0.45106 0.45943 -0.01913 -0.06788 0.25850 0.26639 0.55660 0.54057 
 0.58006 0.46038 0.46946 -0.02290 -0.07193 0.25824 0.26593 0.54657 0.53054 
 0.58106 0.47004 0.47946 -0.02610 -0.07596 0.25778 0.26502 0.53622 0.52054 
 0.58206 0.47967 0.48942 -0.02934 -0.07995 0.25732 0.26367 0.52582 0.51058 
 0.58306 0.48967 0.49932 -0.03276 -0.08391 0.25645 0.26188 0.51583 0.50068 
 0.58406 0.49918 0.50915 -0.03624 -0.08781 0.25511 0.25965 0.50602 0.49085 
 0.58506 0.50871 0.51888 -0.03935 -0.09167 0.25337 0.25699 0.49657 0.48112 
 0.58606 0.51795 0.52851 -0.04279 -0.09546 0.25156 0.25391 0.48728 0.47149 
 0.58706 0.52709 0.53801 -0.04566 -0.09919 0.24909 0.25040 0.47810 0.46199 
 0.58806 0.53628 0.54737 -0.04887 -0.10286 0.24623 0.24649 0.46900 0.45263 
 0.58906 0.54573 0.55657 -0.05179 -0.10644 0.24265 0.24216 0.46005 0.44343 
 0.59006 0.55487 0.56561 -0.05466 -0.10995 0.23844 0.23744 0.45110 0.43439 
 0.59106 0.56338 0.57446 -0.05699 -0.11337 0.23354 0.23233 0.44264 0.42554 
 0.59206 0.57172 0.58311 -0.05949 -0.11671 0.22853 0.22684 0.43405 0.41689 
 0.59306 0.58037 0.59155 -0.06194 -0.11994 0.22295 0.22098 0.42562 0.40845 
 0.59406 0.58922 0.59976 -0.06462 -0.12308 0.21724 0.21475 0.41685 0.40025 
 0.59506 0.59762 0.60772 -0.06692 -0.12612 0.21119 0.20818 0.40821 0.39228 
 0.59606 0.60565 0.61544 -0.06980 -0.12904 0.20481 0.20128 0.39982 0.38456 
 0.59706 0.61326 0.62288 -0.07211 -0.13185 0.19830 0.19404 0.39179 0.37712 
 0.59806 0.62070 0.63005 -0.07463 -0.13455 0.19170 0.18650 0.38418 0.36995 
 0.59906 0.62822 0.63693 -0.07635 -0.13713 0.18525 0.17865 0.37702 0.36307 
 0.60006 0.63524 0.64351 -0.07810 -0.13958 0.17848 0.17052 0.37011 0.35649 
 0.60106 0.64194 0.64978 -0.07911 -0.14190 0.17124 0.16212 0.36398 0.35022 
 0.60206 0.64867 0.65572 -0.08024 -0.14410 0.16377 0.15346 0.35774 0.34428 
 0.60306 0.65493 0.66134 -0.08174 -0.14616 0.15600 0.14455 0.35177 0.33866 
 0.60406 0.66021 0.66661 -0.08330 -0.14809 0.14826 0.13542 0.34570 0.33339 
 0.60506 0.66542 0.67154 -0.08427 -0.14987 0.14045 0.12608 0.33998 0.32846 
 0.60606 0.67034 0.67611 -0.08580 -0.15152 0.13183 0.11654 0.33486 0.32389 
 0.60706 0.67485 0.68032 -0.08661 -0.15303 0.12301 0.10683 0.33013 0.31968 
 0.60806 0.67846 0.68415 -0.08757 -0.15439 0.11406 0.09695 0.32607 0.31584 
 0.60906 0.68220 0.68762 -0.08833 -0.15560 0.10481 0.08692 0.32184 0.31238 
 0.61006 0.68595 0.69070 -0.08956 -0.15667 0.09547 0.07676 0.31718 0.30930 
 0.61106 0.68926 0.69340 -0.09013 -0.15759 0.08620 0.06650 0.31314 0.30660 
 0.61206 0.69147 0.69571 -0.09114 -0.15837 0.07638 0.05613 0.30984 0.30429 
 0.61306 0.69351 0.69763 -0.09155 -0.15899 0.06595 0.04569 0.30709 0.30237 
 0.61406 0.69583 0.69915 -0.09209 -0.15946 0.05577 0.03519 0.30495 0.30085 
 0.61506 0.69799 0.70028 -0.09183 -0.15979 0.04596 0.02464 0.30307 0.29972 
 0.61606 0.69976 0.70101 -0.09178 -0.15996 0.03634 0.01407 0.30167 0.29899 
 0.61706 0.70101 0.70134 -0.09119 -0.15999 0.02646 0.00349 0.30035 0.29866 
 0.61806 0.70189 0.70127 -0.09055 -0.15987 0.01692 -0.00707 0.29931 0.29873 
 0.61906 0.70212 0.70081 -0.08955 -0.15961 0.00718 -0.01761 0.29903 0.29919 
 0.62006 0.70212 0.69995 -0.08918 -0.15919 -0.00273 -0.02811 0.29901 0.30005 
 0.62106 0.70230 0.69869 -0.08917 -0.15864 -0.01291 -0.03854 0.29949 0.30131 
 0.62206 0.70213 0.69704 -0.08916 -0.15794 -0.02301 -0.04890 0.30004 0.30296 
 0.62306 0.70131 0.69501 -0.08876 -0.15710 -0.03299 -0.05916 0.30150 0.30499 
 0.62406 0.69970 0.69259 -0.08799 -0.15612 -0.04300 -0.06930 0.30357 0.30741 
 0.62506 0.69754 0.68979 -0.08693 -0.15501 -0.05309 -0.07932 0.30629 0.31021 
 0.62606 0.69568 0.68661 -0.08583 -0.15376 -0.06249 -0.08918 0.30848 0.31339 
 0.62706 0.69316 0.68307 -0.08481 -0.15238 -0.07212 -0.09889 0.31090 0.31693 
 0.62806 0.68985 0.67917 -0.08359 -0.15088 -0.08204 -0.10842 0.31387 0.32083 
 0.62906 0.68630 0.67490 -0.08196 -0.14925 -0.09160 -0.11776 0.31732 0.32510 
 0.63006 0.68213 0.67029 -0.07995 -0.14750 -0.10083 -0.12688 0.32161 0.32971 
 0.63106 0.67877 0.66535 -0.07782 -0.14564 -0.10933 -0.13579 0.32640 0.33465 
 0.63206 0.67455 0.66007 -0.07577 -0.14366 -0.11795 -0.14445 0.33066 0.33993 
 0.63306 0.66986 0.65447 -0.07379 -0.14157 -0.12614 -0.15287 0.33433 0.34553 
 0.63406 0.66472 0.64855 -0.07137 -0.13937 -0.13448 -0.16101 0.33888 0.35145 
 0.63506 0.65988 0.64234 -0.06896 -0.13708 -0.14222 -0.16889 0.34315 0.35766 
 0.63606 0.65435 0.63583 -0.06672 -0.13469 -0.15050 -0.17647 0.34788 0.36417 
 0.63706 0.64896 0.62904 -0.06481 -0.13220 -0.15793 -0.18375 0.35267 0.37095 
 0.63806 0.64298 0.62199 -0.06286 -0.12964 -0.16527 -0.19071 0.35859 0.37801 
 0.63906 0.63667 0.61468 -0.06086 -0.12698 -0.17182 -0.19735 0.36474 0.38532 
 0.64006 0.62974 0.60713 -0.05899 -0.12425 -0.17858 -0.20365 0.37118 0.39287 
 0.64106 0.62282 0.59934 -0.05733 -0.12145 -0.18496 -0.20961 0.37800 0.40066 
 0.64206 0.61578 0.59134 -0.05532 -0.11859 -0.19112 -0.21522 0.38544 0.40866 
 0.64306 0.60912 0.58313 -0.05288 -0.11566 -0.19618 -0.22046 0.39367 0.41687 
 0.64406 0.60185 0.57473 -0.05045 -0.11267 -0.20136 -0.22533 0.40204 0.42527 
 0.64506 0.59493 0.56615 -0.04754 -0.10964 -0.20621 -0.22982 0.41049 0.43384 
 0.64606 0.58770 0.55742 -0.04476 -0.10656 -0.21125 -0.23393 0.41869 0.44258 
 0.64706 0.58043 0.54853 -0.04214 -0.10345 -0.21567 -0.23765 0.42689 0.45147 
 0.64806 0.57250 0.53952 -0.03993 -0.10029 -0.22058 -0.24097 0.43469 0.46048 
 0.64906 0.56398 0.53038 -0.03723 -0.09712 -0.22464 -0.24389 0.44287 0.46962 
 0.65007 0.55470 0.52115 -0.03421 -0.09392 -0.22829 -0.24640 0.45173 0.47885 
 0.65107 0.54579 0.51182 -0.03171 -0.09070 -0.23093 -0.24851 0.46015 0.48818 
 0.65207 0.53682 0.50243 -0.02925 -0.08748 -0.23397 -0.25020 0.46898 0.49757 
 0.65307 0.52848 0.49298 -0.02693 -0.08425 -0.23624 -0.25148 0.47826 0.50702 
 0.65407 0.51929 0.48348 -0.02473 -0.08102 -0.23838 -0.25235 0.48724 0.51651 
 0.65507 0.51000 0.47397 -0.02216 -0.07781 -0.23990 -0.25280 0.49605 0.52603 
 0.65607 0.50009 0.46444 -0.01915 -0.07460 -0.24089 -0.25283 0.50505 0.53556 
 0.65707 0.49083 0.45492 -0.01637 -0.07141 -0.24136 -0.25245 0.51343 0.54508 
 0.65807 0.48166 0.44543 -0.01352 -0.06825 -0.24162 -0.25166 0.52222 0.55457 
 0.65907 0.47292 0.43597 -0.01037 -0.06512 -0.24092 -0.25046 0.53115 0.56403 
 0.66007 0.46391 0.42656 -0.00740 -0.06203 -0.24024 -0.24885 0.54068 0.57344 
 0.66107 0.45535 0.41722 -0.00468 -0.05898 -0.23898 -0.24683 0.55001 0.58278 
 0.66207 0.44635 0.40797 -0.00207 -0.05597 -0.23759 -0.24441 0.55878 0.59203 
 0.66307 0.43762 0.39881 0.00075 -0.05302 -0.23549 -0.24160 0.56780 0.60119 
 0.66407 0.42855 0.38977 0.00333 -0.05012 -0.23334 -0.23840 0.57676 0.61023 
 0.66507 0.41979 0.38085 0.00580 -0.04729 -0.23101 -0.23481 0.58574 0.61914 
 0.66607 0.41077 0.37208 0.00783 -0.04453 -0.22839 -0.23085 0.59445 0.62792 
 0.66707 0.40247 0.36347 0.00970 -0.04184 -0.22532 -0.22651 0.60234 0.63653 
 0.66807 0.39404 0.35502 0.01202 -0.03923 -0.22189 -0.22181 0.61050 0.64498 
 0.66907 0.38603 0.34676 0.01443 -0.03670 -0.21798 -0.21676 0.61853 0.65324 
 0.67007 0.37829 0.33869 0.01668 -0.03425 -0.21363 -0.21137 0.62647 0.66131 
 0.67107 0.37111 0.33084 0.01909 -0.03190 -0.20866 -0.20563 0.63416 0.66916 
 0.67207 0.36368 0.32320 0.02099 -0.02965 -0.20308 -0.19958 0.64157 0.67680 
 0.67307 0.35655 0.31580 0.02250 -0.02749 -0.19743 -0.19321 0.64874 0.68420 
 0.67407 0.34898 0.30865 0.02352 -0.02544 -0.19143 -0.18653 0.65587 0.69135 
 0.67507 0.34195 0.30175 0.02471 -0.02349 -0.18547 -0.17957 0.66270 0.69825 
 0.67607 0.33505 0.29512 0.02557 -0.02166 -0.17940 -0.17232 0.66987 0.70488 
 0.67707 0.32870 0.28877 0.02663 -0.01994 -0.17287 -0.16481 0.67677 0.71123 
 0.67807 0.32246 0.28271 0.02773 -0.01833 -0.16605 -0.15704 0.68308 0.71729 
 0.67907 0.31694 0.27694 0.02883 -0.01685 -0.15871 -0.14904 0.68879 0.72306 
 0.68007 0.31103 0.27148 0.03034 -0.01549 -0.15092 -0.14080 0.69436 0.72852 
 0.68107 0.30546 0.26634 0.03166 -0.01425 -0.14296 -0.13236 0.69974 0.73366 
 0.68207 0.29983 0.26151 0.03285 -0.01315 -0.13431 -0.12371 0.70502 0.73849 
 0.68307 0.29497 0.25702 0.03420 -0.01217 -0.12525 -0.11488 0.71019 0.74298 
 0.68407 0.29026 0.25286 0.03525 -0.01132 -0.11656 -0.10589 0.71513 0.74714 
 0.68507 0.28626 0.24904 0.03608 -0.01060 -0.10815 -0.09674 0.71985 0.75096 
 0.68607 0.28233 0.24557 0.03685 -0.01002 -0.09940 -0.08745 0.72444 0.75443 
 0.68707 0.27902 0.24245 0.03734 -0.00958 -0.09074 -0.07804 0.72826 0.75755 
 0.68807 0.27520 0.23969 0.03784 -0.00927 -0.08176 -0.06852 0.73196 0.76031 
 0.68907 0.27160 0.23729 0.03829 -0.00910 -0.07273 -0.05891 0.73562 0.76271 
 0.69007 0.26883 0.23525 0.03857 -0.00907 -0.06389 -0.04923 0.73914 0.76475 
 0.69107 0.26700 0.23358 0.03869 -0.00917 -0.05474 -0.03949 0.74201 0.76642 
 0.69207 0.26508 0.23228 0.03883 -0.00941 -0.04537 -0.02971 0.74449 0.76772 
 0.69307 0.26347 0.23134 0.03903 -0.00980 -0.03607 -0.01990 0.74655 0.76865 
 0.69407 0.26221 0.23078 0.03883 -0.01031 -0.02672 -0.01009 0.74816 0.76922 
 0.69507 0.26161 0.23059 0.03854 -0.01097 -0.01688 -0.00028 0.74939 0.76941 
 0.69607 0.26092 0.23076 0.03815 -0.01176 -0.00713 0.00951 0.74988 0.76924 
 0.69707 0.26077 0.23130 0.03722 -0.01268 0.00244 0.01926 0.74987 0.76870 
 0.69807 0.26102 0.23221 0.03577 -0.01374 0.01187 0.02895 0.74956 0.76779 
 0.69907 0.26186 0.23348 0.03416 -0.01493 0.02154 0.03857 0.74884 0.76652 
 0.70007 0.26238 0.23511 0.03282 -0.01625 0.03107 0.04810 0.74797 0.76489 
 0.70107 0.26351 0.23710 0.03164 -0.01770 0.04084 0.05753 0.74631 0.76290 
 0.70207 0.26484 0.23945 0.03042 -0.01928 0.05026 0.06684 0.74438 0.76055 
 0.70307 0.26704 0.24214 0.02896 -0.02097 0.05975 0.07602 0.74170 0.75786 
 0.70407 0.26940 0.24517 0.02759 -0.02279 0.06893 0.08505 0.73879 0.75483 
 0.70507 0.27267 0.24854 0.02603 -0.02473 0.07766 0.09392 0.73567 0.75145 
 0.70607 0.27606 0.25225 0.02438 -0.02678 0.08560 0.10261 0.73255 0.74775 
 0.70707 0.27996 0.25627 0.02258 -0.02895 0.09382 0.11110 0.72931 0.74373 
 0.70807 0.28347 0.26062 0.02111 -0.03122 0.10202 0.11940 0.72647 0.73938 
 0.70907 0.28746 0.26527 0.01913 -0.03360 0.11024 0.12747 0.72273 0.73473 
 0.71007 0.29196 0.27022 0.01684 -0.03608 0.11837 0.13531 0.71822 0.72978 
 0.71107 0.29702 0.27546 0.01375 -0.03865 0.12616 0.14291 0.71374 0.72454 
 0.71207 0.30114 0.28098 0.01052 -0.04132 0.13360 0.15025 0.70877 0.71902 
 0.71307 0.30631 0.28678 0.00744 -0.04408 0.14145 0.15733 0.70301 0.71322 
 0.71407 0.31167 0.29283 0.00480 -0.04693 0.14895 0.16412 0.69776 0.70717 
 0.71507 0.31727 0.29914 0.00188 -0.04986 0.15610 0.17062 0.69180 0.70086 
 0.71607 0.32246 0.30568 -0.00113 -0.05286 0.16254 0.17683 0.68556 0.69432 
 0.71707 0.32787 0.31246 -0.00443 -0.05593 0.16857 0.18272 0.67893 0.68754 
 0.71807 0.33381 0.31945 -0.00718 -0.05907 0.17407 0.18830 0.67240 0.68055 
 0.71907 0.34078 0.32664 -0.00962 -0.06228 0.17949 0.19355 0.66598 0.67336 
 0.72007 0.34723 0.33403 -0.01200 -0.06553 0.18466 0.19846 0.65951 0.66597 
 0.72107 0.35410 0.34159 -0.01454 -0.06885 0.18969 0.20303 0.65237 0.65841 
 0.72207 0.36128 0.34932 -0.01757 -0.07220 0.19422 0.20725 0.64489 0.65068 
 0.72307 0.36963 0.35720 -0.02107 -0.07560 0.19890 0.21111 0.63669 0.64280 
 0.72407 0.37758 0.36522 -0.02423 -0.07904 0.20282 0.21461 0.62866 0.63478 
 0.72507 0.38584 0.37337 -0.02764 -0.08251 0.20634 0.21775 0.62050 0.62663 
 0.72607 0.39445 0.38162 -0.03080 -0.08600 0.20931 0.22051 0.61231 0.61838 
 0.72707 0.40346 0.38998 -0.03349 -0.08951 0.21222 0.22290 0.60425 0.61002 
 0.72807 0.41201 0.39841 -0.03628 -0.09304 0.21487 0.22491 0.59601 0.60159 
 0.72907 0.42042 0.40692 -0.03943 -0.09658 0.21694 0.22653 0.58796 0.59308 
 0.73007 0.42822 0.41548 -0.04270 -0.10012 0.21828 0.22778 0.57960 0.58452 
 0.73107 0.43626 0.42408 -0.04561 -0.10366 0.21965 0.22864 0.57182 0.57592 
 0.73207 0.44427 0.43270 -0.04824 -0.10719 0.22082 0.22911 0.56381 0.56730 
 0.73307 0.45200 0.44133 -0.05104 -0.11071 0.22156 0.22920 0.55513 0.55867 
 0.73407 0.45970 0.44996 -0.05407 -0.11421 0.22141 0.22890 0.54635 0.55004 
 0.73507 0.46793 0.45858 -0.05663 -0.11769 0.22089 0.22822 0.53762 0.54142 
 0.73607 0.47645 0.46715 -0.05911 -0.12115 0.22024 0.22716 0.52913 0.53285 
 0.73707 0.48483 0.47569 -0.06185 -0.12456 0.21930 0.22572 0.52052 0.52431 
 0.73807 0.49282 0.48416 -0.06508 -0.12795 0.21743 0.22391 0.51201 0.51584 
 0.73907 0.50078 0.49255 -0.06804 -0.13128 0.21529 0.22172 0.50364 0.50745 
 0.74007 0.50882 0.50086 -0.07105 -0.13457 0.21304 0.21916 0.49538 0.49914 
 0.74107 0.51686 0.50906 -0.07372 -0.13780 0.21050 0.21625 0.48714 0.49094 
 0.74207 0.52466 0.51715 -0.07628 -0.14098 0.20790 0.21297 0.47922 0.48285 
 0.74307 0.53268 0.52510 -0.07851 -0.14409 0.20461 0.20935 0.47148 0.47490 
 0.74407 0.54019 0.53292 -0.08096 -0.14714 0.20056 0.20537 0.46406 0.46708 
 0.74507 0.54722 0.54057 -0.08277 -0.15011 0.19600 0.20106 0.45692 0.45943 
 0.74607 0.55420 0.54806 -0.08473 -0.15301 0.19135 0.19643 0.44974 0.45194 
 0.74707 0.56121 0.55537 -0.08664 -0.15582 0.18662 0.19147 0.44260 0.44463 
 0.74807 0.56853 0.56249 -0.08885 -0.15856 0.18181 0.18620 0.43540 0.43751 
 0.74907 0.57548 0.56939 -0.09109 -0.16120 0.17668 0.18062 0.42832 0.43061 
 0.75008 0.58184 0.57609 -0.09351 -0.16375 0.17146 0.17476 0.42133 0.42391 
 0.75108 0.58780 0.58256 -0.09541 -0.16620 0.16590 0.16861 0.41475 0.41744 
 0.75208 0.59363 0.58879 -0.09738 -0.16856 0.15993 0.16219 0.40874 0.41121 
 0.75308 0.59953 0.59478 -0.09886 -0.17081 0.15398 0.15550 0.40279 0.40522 
 0.75408 0.60540 0.60050 -0.10018 -0.17296 0.14769 0.14857 0.39705 0.39950 
 0.75508 0.61090 0.60597 -0.10110 -0.17500 0.14086 0.14140 0.39173 0.39403 
 0.75608 0.61612 0.61116 -0.10236 -0.17692 0.13385 0.13401 0.38677 0.38884 
 0.75708 0.62144 0.61606 -0.10354 -0.17874 0.12662 0.12640 0.38226 0.38394 
 0.75808 0.62586 0.62068 -0.10483 -0.18043 0.11912 0.11860 0.37759 0.37932 
 0.75908 0.62980 0.62499 -0.10580 -0.18201 0.11161 0.11061 0.37323 0.37500 
 0.76008 0.63374 0.62901 -0.10687 -0.18347 0.10366 0.10244 0.36892 0.37099 
 0.76108 0.63739 0.63271 -0.10767 -0.18481 0.09588 0.09412 0.36461 0.36729 
 0.76208 0.64072 0.63610 -0.10840 -0.18602 0.08794 0.08566 0.36080 0.36390 
 0.76308 0.64367 0.63916 -0.10914 -0.18711 0.07980 0.07706 0.35735 0.36084 
 0.76408 0.64681 0.64190 -0.11019 -0.18807 0.07172 0.06835 0.35366 0.35810 
 0.76508 0.64964 0.64431 -0.11042 -0.18890 0.06395 0.05954 0.35066 0.35569 
 0.76608 0.65158 0.64639 -0.11065 -0.18961 0.05580 0.05064 0.34841 0.35361 
 0.76708 0.65329 0.64813 -0.11044 -0.19019 0.04692 0.04167 0.34649 0.35187 
 0.76808 0.65502 0.64953 -0.11067 -0.19064 0.03822 0.03265 0.34483 0.35047 
 0.76908 0.65644 0.65059 -0.11026 -0.19096 0.02980 0.02358 0.34354 0.34941 
 0.77008 0.65753 0.65131 -0.10950 -0.19115 0.02159 0.01449 0.34283 0.34869 
 0.77108 0.65822 0.65168 -0.10871 -0.19122 0.01310 0.00539 0.34242 0.34832 
 0.77208 0.65856 0.65171 -0.10824 -0.19116 0.00462 -0.00371 0.34242 0.34829 
 0.77308 0.65844 0.65140 -0.10769 -0.19097 -0.00383 -0.01278 0.34291 0.34860 
 0.77408 0.65805 0.65075 -0.10737 -0.19066 -0.01249 -0.02183 0.34370 0.34925 
 0.77508 0.65766 0.64976 -0.10736 -0.19022 -0.02096 -0.03082 0.34422 0.35024 
 0.77608 0.65692 0.64843 -0.10743 -0.18966 -0.02957 -0.03975 0.34503 0.35157 
 0.77708 0.65540 0.64676 -0.10706 -0.18898 -0.03817 -0.04860 0.34665 0.35324 
 0.77808 0.65321 0.64477 -0.10632 -0.18818 -0.04701 -0.05736 0.34891 0.35523 
 0.77908 0.65110 0.64244 -0.10519 -0.18726 -0.05531 -0.06601 0.35130 0.35756 
 0.78008 0.64895 0.63979 -0.10428 -0.18622 -0.06335 -0.07454 0.35357 0.36021 
 0.78108 0.64645 0.63683 -0.10335 -0.18508 -0.07111 -0.08293 0.35572 0.36317 
 0.78208 0.64354 0.63355 -0.10227 -0.18382 -0.07926 -0.09117 0.35817 0.36645 
 0.78308 0.64034 0.62996 -0.10094 -0.18245 -0.08745 -0.09925 0.36129 0.37004 
 0.78408 0.63739 0.62607 -0.09945 -0.18099 -0.09479 -0.10715 0.36474 0.37393 
 0.78508 0.63402 0.62189 -0.09831 -0.17941 -0.10201 -0.11487 0.36897 0.37811 
 0.78608 0.63016 0.61742 -0.09641 -0.17774 -0.10902 -0.12238 0.37263 0.38258 
 0.78708 0.62538 0.61267 -0.09427 -0.17598 -0.11598 -0.12968 0.37650 0.38733 
 0.78808 0.62089 0.60765 -0.09200 -0.17412 -0.12280 -0.13675 0.38083 0.39235 
 0.78908 0.61603 0.60237 -0.08971 -0.17218 -0.12964 -0.14359 0.38503 0.39763 
 0.79008 0.61143 0.59684 -0.08727 -0.17015 -0.13601 -0.15019 0.38936 0.40316 
 0.79108 0.60639 0.59106 -0.08500 -0.16804 -0.14198 -0.15652 0.39439 0.40894 
 0.79208 0.60053 0.58505 -0.08325 -0.16586 -0.14800 -0.16259 0.39977 0.41495 
 0.79308 0.59433 0.57881 -0.08167 -0.16360 -0.15409 -0.16837 0.40549 0.42119 
 0.79408 0.58816 0.57236 -0.08002 -0.16128 -0.15990 -0.17388 0.41134 0.42764 
 0.79508 0.58190 0.56571 -0.07843 -0.15889 -0.16539 -0.17909 0.41739 0.43429 
 0.79608 0.57569 0.55887 -0.07663 -0.15645 -0.17030 -0.18399 0.42365 0.44113 
 0.79708 0.56929 0.55185 -0.07473 -0.15395 -0.17478 -0.18859 0.43006 0.44815 
 0.79808 0.56270 0.54467 -0.07241 -0.15140 -0.17897 -0.19287 0.43657 0.45533 
 0.79908 0.55603 0.53733 -0.07006 -0.14881 -0.18274 -0.19682 0.44317 0.46267 
 0.80008 0.54981 0.52984 -0.06755 -0.14618 -0.18606 -0.20045 0.44982 0.47016 
 0.80108 0.54312 0.52223 -0.06557 -0.14352 -0.18923 -0.20374 0.45644 0.47777 
 0.80208 0.53619 0.51450 -0.06317 -0.14082 -0.19198 -0.20669 0.46320 0.48550 
 0.80308 0.52860 0.50666 -0.06066 -0.13810 -0.19416 -0.20929 0.47043 0.49334 
 0.80408 0.52091 0.49873 -0.05828 -0.13536 -0.19608 -0.21155 0.47763 0.50127 
 0.80508 0.51369 0.49072 -0.05612 -0.13260 -0.19793 -0.21346 0.48519 0.50928 
 0.80608 0.50671 0.48265 -0.05376 -0.12984 -0.19960 -0.21501 0.49302 0.51735 
 0.80708 0.49931 0.47453 -0.05140 -0.12707 -0.20095 -0.21621 0.50102 0.52547 
 0.80808 0.49140 0.46637 -0.04917 -0.12430 -0.20214 -0.21705 0.50888 0.53363 
 0.80908 0.48305 0.45818 -0.04708 -0.12153 -0.20298 -0.21753 0.51684 0.54182 
 0.81008 0.47479 0.44998 -0.04482 -0.11878 -0.20354 -0.21766 0.52429 0.55002 
 0.81108 0.46690 0.44178 -0.04267 -0.11604 -0.20349 -0.21743 0.53181 0.55822 
 0.81208 0.45916 0.43360 -0.04037 -0.11332 -0.20291 -0.21684 0.53954 0.56640 
 0.81308 0.45168 0.42545 -0.03759 -0.11063 -0.20216 -0.21590 0.54749 0.57455 
 0.81408 0.44460 0.41734 -0.03477 -0.10796 -0.20117 -0.21461 0.55566 0.58266 
 0.81508 0.43757 0.40929 -0.03213 -0.10533 -0.19978 -0.21297 0.56398 0.59071 
 0.81608 0.43015 0.40130 -0.02984 -0.10274 -0.19813 -0.21098 0.57163 0.59870 
 0.81708 0.42265 0.39339 -0.02783 -0.10020 -0.19632 -0.20865 0.57900 0.60661 
 0.81808 0.41548 0.38558 -0.02589 -0.09770 -0.19397 -0.20599 0.58625 0.61442 
 0.81908 0.40821 0.37788 -0.02414 -0.09526 -0.19158 -0.20299 0.59330 0.62212 
 0.82008 0.40085 0.37029 -0.02234 -0.09287 -0.18852 -0.19967 0.60018 0.62971 
 0.82108 0.39357 0.36284 -0.02039 -0.09055 -0.18495 -0.19602 0.60704 0.63716 
 0.82208 0.38675 0.35553 -0.01833 -0.08829 -0.18136 -0.19206 0.61368 0.64447 
 0.82308 0.38025 0.34837 -0.01642 -0.08610 -0.17716 -0.18780 0.62052 0.65163 
 0.82408 0.37413 0.34138 -0.01449 -0.08398 -0.17274 -0.18323 0.62739 0.65862 
 0.82508 0.36787 0.33457 -0.01280 -0.08195 -0.16794 -0.17838 0.63386 0.66543 
 0.82608 0.36185 0.32794 -0.01108 -0.07999 -0.16265 -0.17324 0.64010 0.67206 
 0.82708 0.35572 0.32152 -0.00970 -0.07812 -0.15743 -0.16783 0.64599 0.67848 
 0.82808 0.34974 0.31530 -0.00843 -0.07634 -0.15202 -0.16216 0.65169 0.68470 
 0.82908 0.34398 0.30930 -0.00729 -0.07464 -0.14666 -0.15623 0.65744 0.69070 
 0.83008 0.33867 0.30353 -0.00615 -0.07305 -0.14097 -0.15006 0.66311 0.69647 
 0.83108 0.33355 0.29800 -0.00502 -0.07155 -0.13510 -0.14366 0.66819 0.70200 
 0.83208 0.32897 0.29271 -0.00401 -0.07015 -0.12895 -0.13703 0.67306 0.70729 
 0.83308 0.32477 0.28768 -0.00291 -0.06885 -0.12257 -0.13020 0.67801 0.71232 
 0.83408 0.32061 0.28290 -0.00204 -0.06766 -0.11610 -0.12316 0.68270 0.71710 
 0.83508 0.31638 0.27840 -0.00123 -0.06657 -0.10941 -0.11594 0.68713 0.72160 
 0.83608 0.31215 0.27417 -0.00054 -0.06560 -0.10229 -0.10855 0.69117 0.72583 
 0.83708 0.30817 0.27022 -0.00003 -0.06473 -0.09515 -0.10099 0.69491 0.72978 
 0.83808 0.30482 0.26656 0.00051 -0.06398 -0.08768 -0.09329 0.69861 0.73344 
 0.83908 0.30162 0.26320 0.00109 -0.06334 -0.08021 -0.08545 0.70211 0.73680 
 0.84008 0.29863 0.26013 0.00130 -0.06282 -0.07266 -0.07749 0.70481 0.73987 
 0.84108 0.29589 0.25736 0.00120 -0.06241 -0.06511 -0.06942 0.70743 0.74264 
 0.84208 0.29321 0.25490 0.00116 -0.06212 -0.05722 -0.06125 0.70997 0.74510 
 0.84308 0.29066 0.25274 0.00115 -0.06195 -0.04944 -0.05301 0.71251 0.74726 
 0.84408 0.28869 0.25090 0.00064 -0.06190 -0.04167 -0.04469 0.71449 0.74910 
 0.84508 0.28693 0.24938 0.00049 -0.06196 -0.03365 -0.03632 0.71586 0.75062 
 0.84608 0.28574 0.24817 0.00013 -0.06215 -0.02595 -0.02791 0.71711 0.75183 
 0.84708 0.28484 0.24727 -0.00029 -0.06245 -0.01829 -0.01948 0.71835 0.75272 
 0.84808 0.28454 0.24670 -0.00085 -0.06287 -0.01036 -0.01103 0.71943 0.75330 
 0.84908 0.28428 0.24644 -0.00132 -0.06341 -0.00242 -0.00259 0.72007 0.75356 
 0.85009 0.28422 0.24651 -0.00213 -0.06407 0.00549 0.00584 0.72006 0.75349 
 0.85109 0.28454 0.24688 -0.00307 -0.06484 0.01321 0.01424 0.71984 0.75312 
 0.85209 0.28523 0.24758 -0.00423 -0.06573 0.02115 0.02259 0.71916 0.75242 
 0.85309 0.28593 0.24859 -0.00543 -0.06673 0.02878 0.03089 0.71818 0.75142 
 0.85409 0.28714 0.24990 -0.00641 -0.06784 0.03626 0.03911 0.71698 0.75010 
 0.85509 0.28872 0.25153 -0.00750 -0.06906 0.04372 0.04725 0.71505 0.74847 
 0.85609 0.29055 0.25346 -0.00872 -0.07040 0.05149 0.05529 0.71281 0.74654 
 0.85709 0.29268 0.25570 -0.00998 -0.07184 0.05920 0.06322 0.71032 0.74430 
 0.85809 0.29518 0.25823 -0.01087 -0.07338 0.06658 0.07103 0.70782 0.74177 
 0.85909 0.29807 0.26105 -0.01198 -0.07503 0.07328 0.07870 0.70483 0.73895 
 0.86009 0.30128 0.26415 -0.01353 -0.07677 0.07977 0.08622 0.70177 0.73585 
 0.86109 0.30485 0.26754 -0.01474 -0.07862 0.08672 0.09358 0.69882 0.73246 
 0.86209 0.30786 0.27120 -0.01627 -0.08056 0.09326 0.10076 0.69546 0.72880 
 0.86309 0.31150 0.27513 -0.01845 -0.08259 0.09988 0.10776 0.69158 0.72487 
 0.86409 0.31548 0.27932 -0.02127 -0.08470 0.10603 0.11456 0.68798 0.72068 
 0.86509 0.31976 0.28376 -0.02386 -0.08691 0.11235 0.12116 0.68434 0.71624 
 0.86609 0.32445 0.28844 -0.02643 -0.08919 0.11870 0.12754 0.67986 0.71156 
 0.86709 0.32929 0.29337 -0.02880 -0.09155 0.12510 0.13369 0.67527 0.70663 
 0.86809 0.33412 0.29851 -0.03103 -0.09399 0.13103 0.13960 0.67019 0.70149 
 0.86909 0.33904 0.30388 -0.03306 -0.09649 0.13645 0.14526 0.66480 0.69612 
 0.87009 0.34386 0.30946 -0.03538 -0.09907 0.14139 0.15067 0.65927 0.69054 
 0.87109 0.34921 0.31523 -0.03710 -0.10170 0.14617 0.15582 0.65360 0.68477 
 0.87209 0.35488 0.32119 -0.03890 -0.10440 0.15062 0.16069 0.64811 0.67881 
 0.87309 0.36060 0.32733 -0.04073 -0.10715 0.15507 0.16528 0.64248 0.67267 
 0.87409 0.36657 0.33364 -0.04286 -0.10995 0.15936 0.16959 0.63654 0.66636 
 0.87509 0.37282 0.34011 -0.04525 -0.11279 0.16346 0.17360 0.63002 0.65989 
 0.87609 0.37914 0.34672 -0.04809 -0.11568 0.16707 0.17732 0.62342 0.65328 
 0.87709 0.38556 0.35346 -0.05095 -0.11860 0.17025 0.18072 0.61709 0.64654 
 0.87809 0.39248 0.36033 -0.05391 -0.12156 0.17288 0.18382 0.61044 0.63967 
 0.87909 0.39973 0.36731 -0.05656 -0.12454 0.17527 0.18660 0.60346 0.63269 
 0.88009 0.40690 0.37439 -0.05888 -0.12755 0.17729 0.18907 0.59672 0.62561 
 0.88109 0.41405 0.38155 -0.06154 -0.13057 0.17891 0.19121 0.59001 0.61845 
 0.88209 0.42105 0.38879 -0.06416 -0.13361 0.18004 0.19303 0.58288 0.61121 
 0.88309 0.42764 0.39609 -0.06660 -0.13666 0.18098 0.19451 0.57586 0.60391 
 0.88409 0.43431 0.40344 -0.06902 -0.13972 0.18172 0.19567 0.56939 0.59656 
 0.88509 0.44095 0.41083 -0.07123 -0.14277 0.18234 0.19650 0.56295 0.58917 
 0.88609 0.44723 0.41824 -0.07366 -0.14582 0.18240 0.19700 0.55621 0.58176 
 0.88709 0.45385 0.42567 -0.07629 -0.14886 0.18231 0.19717 0.54939 0.57433 
 0.88809 0.46106 0.43310 -0.07883 -0.15188 0.18169 0.19700 0.54237 0.56690 
 0.88909 0.46849 0.44051 -0.08104 -0.15489 0.18098 0.19651 0.53563 0.55949 
 0.89009 0.47534 0.44790 -0.08342 -0.15788 0.17999 0.19568 0.52917 0.55210 
 0.89109 0.48155 0.45525 -0.08573 -0.16083 0.17862 0.19453 0.52264 0.54475 
 0.89209 0.48783 0.46255 -0.08829 -0.16376 0.17681 0.19306 0.51604 0.53745 
 0.89309 0.49435 0.46979 -0.09077 -0.16665 0.17486 0.19126 0.50912 0.53021 
 0.89409 0.50076 0.47696 -0.09317 -0.16950 0.17259 0.18915 0.50238 0.52304 
 0.89509 0.50705 0.48404 -0.09532 -0.17230 0.17006 0.18672 0.49591 0.51596 
 0.89609 0.51342 0.49102 -0.09731 -0.17505 0.16717 0.18398 0.48958 0.50898 
 0.89709 0.51940 0.49790 -0.09918 -0.17775 0.16364 0.18094 0.48331 0.50210 
 0.89809 0.52504 0.50465 -0.10091 -0.18040 0.15983 0.17761 0.47733 0.49535 
 0.89909 0.53095 0.51128 -0.10262 -0.18298 0.15568 0.17398 0.47166 0.48873 
 0.90009 0.53686 0.51776 -0.10441 -0.18550 0.15145 0.17006 0.46578 0.48224 
 0.90109 0.54309 0.52408 -0.10619 -0.18795 0.14713 0.16587 0.45985 0.47592 
 0.90209 0.54883 0.53025 -0.10809 -0.19032 0.14248 0.16140 0.45422 0.46975 
 0.90309 0.55416 0.53624 -0.10967 -0.19262 0.13770 0.15668 0.44915 0.46376 
 0.90409 0.55915 0.54205 -0.11125 -0.19485 0.13270 0.15170 0.44393 0.45795 
 0.90509 0.56409 0.54767 -0.11245 -0.19699 0.12758 0.14647 0.43893 0.45233 
 0.90609 0.56892 0.55309 -0.11364 -0.19905 0.12253 0.14101 0.43390 0.44692 
 0.90709 0.57359 0.55829 -0.11457 -0.20102 0.11714 0.13532 0.42932 0.44171 
 0.90809 0.57792 0.56328 -0.11542 -0.20290 0.11151 0.12941 0.42515 0.43672 
 0.90909 0.58222 0.56804 -0.11644 -0.20468 0.10557 0.12329 0.42128 0.43196 
 0.91009 0.58628 0.57256 -0.11771 -0.20637 0.09926 0.11698 0.41737 0.42744 
 0.91109 0.58981 0.57685 -0.11867 -0.20797 0.09320 0.11049 0.41323 0.42315 
 0.91209 0.59291 0.58089 -0.11980 -0.20946 0.08711 0.10382 0.40938 0.41911 
 0.91309 0.59597 0.58467 -0.12051 -0.21085 0.08087 0.09698 0.40570 0.41533 
 0.91409 0.59878 0.58819 -0.12119 -0.21214 0.07441 0.09000 0.40247 0.41181 
 0.91509 0.60140 0.59145 -0.12168 -0.21333 0.06796 0.08287 0.39978 0.40855 
 0.91609 0.60366 0.59444 -0.12233 -0.21441 0.06120 0.07562 0.39732 0.40557 
 0.91709 0.60619 0.59715 -0.12287 -0.21538 0.05440 0.06825 0.39490 0.40285 
 0.91809 0.60830 0.59958 -0.12301 -0.21624 0.04767 0.06078 0.39287 0.40042 
 0.91909 0.60974 0.60172 -0.12299 -0.21700 0.04064 0.05322 0.39136 0.39827 
 0.92009 0.61111 0.60359 -0.12317 -0.21764 0.03325 0.04559 0.39002 0.39641 
 0.92109 0.61230 0.60516 -0.12333 -0.21818 0.02600 0.03788 0.38890 0.39484 
 0.92209 0.61323 0.60644 -0.12312 -0.21860 0.01889 0.03013 0.38822 0.39356 
 0.92309 0.61378 0.60743 -0.12249 -0.21892 0.01195 0.02234 0.38803 0.39257 
 0.92409 0.61401 0.60812 -0.12197 -0.21912 0.00472 0.01452 0.38821 0.39188 
 0.92509 0.61406 0.60852 -0.12141 -0.21921 -0.00243 0.00669 0.38856 0.39148 
 0.92609 0.61348 0.60863 -0.12112 -0.21920 -0.00968 -0.00114 0.38935 0.39137 
 0.92709 0.61294 0.60844 -0.12083 -0.21907 -0.01656 -0.00896 0.39021 0.39156 
 0.92809 0.61247 0.60795 -0.12097 -0.21884 -0.02352 -0.01675 0.39106 0.39205 
 0.92909 0.61181 0.60718 -0.12091 -0.21850 -0.03035 -0.02450 0.39210 0.39282 
 0.93009 0.61041 0.60611 -0.12046 -0.21805 -0.03750 -0.03220 0.39370 0.39389 
 0.93109 0.60846 0.60475 -0.11951 -0.21750 -0.04457 -0.03984 0.39539 0.39525 
 0.93209 0.60629 0.60311 -0.11856 -0.21684 -0.05143 -0.04739 0.39722 0.39689 
 0.93309 0.60397 0.60118 -0.11771 -0.21609 -0.05812 -0.05486 0.39896 0.39882 
 0.93409 0.60141 0.59897 -0.11674 -0.21523 -0.06482 -0.06223 0.40129 0.40103 
 0.93509 0.59885 0.59649 -0.11573 -0.21428 -0.07139 -0.06948 0.40375 0.40351 
 0.93609 0.59602 0.59374 -0.11474 -0.21323 -0.07774 -0.07661 0.40651 0.40626 
 0.93709 0.59333 0.59072 -0.11397 -0.21208 -0.08390 -0.08360 0.40979 0.40928 
 0.93809 0.59041 0.58744 -0.11314 -0.21085 -0.08965 -0.09045 0.41328 0.41256 
 0.93909 0.58692 0.58391 -0.11213 -0.20953 -0.09527 -0.09713 0.41635 0.41609 
 0.94009 0.58315 0.58013 -0.11084 -0.20812 -0.10056 -0.10364 0.41989 0.41987 
 0.94109 0.57894 0.57610 -0.10937 -0.20663 -0.10589 -0.10997 0.42385 0.42390 
 0.94209 0.57496 0.57184 -0.10765 -0.20506 -0.11128 -0.11611 0.42738 0.42816 
 0.94309 0.57094 0.56736 -0.10579 -0.20341 -0.11626 -0.12205 0.43135 0.43264 
 0.94409 0.56636 0.56265 -0.10392 -0.20170 -0.12082 -0.12779 0.43547 0.43735 
 0.94509 0.56171 0.55773 -0.10207 -0.19991 -0.12502 -0.13330 0.44000 0.44227 
 0.94609 0.55670 0.55261 -0.10028 -0.19805 -0.12939 -0.13858 0.44464 0.44739 
 0.94709 0.55154 0.54729 -0.09851 -0.19613 -0.13359 -0.14363 0.44952 0.45271 
 0.94809 0.54622 0.54179 -0.09732 -0.19416 -0.13782 -0.14843 0.45468 0.45821 
 0.94909 0.54095 0.53611 -0.09598 -0.19212 -0.14141 -0.15298 0.45988 0.46389 
 0.95010 0.53560 0.53027 -0.09456 -0.19004 -0.14499 -0.15727 0.46543 0.46973 
 0.95110 0.52982 0.52426 -0.09288 -0.18791 -0.14834 -0.16130 0.47080 0.47574 
 0.95210 0.52451 0.51812 -0.09120 -0.18574 -0.15124 -0.16506 0.47636 0.48188 
 0.95310 0.51928 0.51183 -0.08951 -0.18352 -0.15411 -0.16853 0.48210 0.48817 
 0.95410 0.51377 0.50542 -0.08802 -0.18127 -0.15656 -0.17173 0.48786 0.49458 
 0.95510 0.50732 0.49890 -0.08632 -0.17899 -0.15842 -0.17464 0.49376 0.50110 
 0.95610 0.50075 0.49227 -0.08476 -0.17669 -0.15994 -0.17726 0.49953 0.50773 
 0.95710 0.49444 0.48554 -0.08332 -0.17436 -0.16150 -0.17958 0.50534 0.51446 
 0.95810 0.48835 0.47874 -0.08158 -0.17201 -0.16291 -0.18160 0.51162 0.52126 
 0.95910 0.48226 0.47186 -0.07971 -0.16965 -0.16415 -0.18333 0.51801 0.52814 
 0.96010 0.47607 0.46493 -0.07766 -0.16728 -0.16512 -0.18474 0.52445 0.53507 
 0.96110 0.46986 0.45795 -0.07606 -0.16490 -0.16577 -0.18586 0.53071 0.54205 
 0.96210 0.46378 0.45093 -0.07476 -0.16253 -0.16613 -0.18666 0.53663 0.54907 
 0.96310 0.45770 0.44389 -0.07331 -0.16015 -0.16600 -0.18716 0.54251 0.55611 
 0.96410 0.45141 0.43683 -0.07185 -0.15779 -0.16536 -0.18736 0.54841 0.56317 
 0.96510 0.44538 0.42978 -0.07018 -0.15543 -0.16442 -0.18724 0.55469 0.57022 
 0.96610 0.43954 0.42273 -0.06832 -0.15309 -0.16336 -0.18682 0.56106 0.57727 
 0.96710 0.43370 0.41570 -0.06632 -0.15078 -0.16196 -0.18609 0.56780 0.58430 
 0.96810 0.42778 0.40871 -0.06433 -0.14848 -0.16049 -0.18506 0.57396 0.59129 
 0.96910 0.42150 0.40176 -0.06261 -0.14622 -0.15883 -0.18373 0.57990 0.59824 
 0.97010 0.41543 0.39487 -0.06099 -0.14399 -0.15701 -0.18210 0.58590 0.60513 
 0.97110 0.40946 0.38805 -0.05942 -0.14179 -0.15510 -0.18018 0.59158 0.61195 
 0.97210 0.40330 0.38130 -0.05796 -0.13964 -0.15276 -0.17796 0.59701 0.61870 
 0.97310 0.39705 0.37464 -0.05631 -0.13753 -0.14995 -0.17546 0.60251 0.62536 
 0.97410 0.39132 0.36808 -0.05496 -0.13547 -0.14703 -0.17267 0.60799 0.63192 
 0.97510 0.38591 0.36163 -0.05336 -0.13346 -0.14385 -0.16961 0.61345 0.63837 
 0.97610 0.38065 0.35531 -0.05186 -0.13151 -0.14038 -0.16628 0.61893 0.64469 
 0.97710 0.37556 0.34911 -0.05076 -0.12962 -0.13673 -0.16268 0.62429 0.65089 
 0.97810 0.37074 0.34305 -0.04987 -0.12779 -0.13273 -0.15882 0.62931 0.65695 
 0.97910 0.36601 0.33715 -0.04903 -0.12602 -0.12855 -0.15471 0.63427 0.66285 
 0.98010 0.36144 0.33140 -0.04821 -0.12433 -0.12433 -0.15035 0.63917 0.66860 
 0.98110 0.35694 0.32582 -0.04731 -0.12270 -0.11969 -0.14576 0.64400 0.67418 
 0.98210 0.35282 0.32042 -0.04651 -0.12115 -0.11497 -0.14094 0.64873 0.67958 
 0.98310 0.34876 0.31520 -0.04563 -0.11968 -0.11016 -0.13590 0.65326 0.68480 
 0.98410 0.34478 0.31018 -0.04471 -0.11829 -0.10510 -0.13064 0.65743 0.68982 
 0.98510 0.34130 0.30536 -0.04393 -0.11699 -0.09972 -0.12519 0.66129 0.69464 
 0.98610 0.33818 0.30075 -0.04323 -0.11576 -0.09437 -0.11954 0.66493 0.69925 
 0.98710 0.33491 0.29636 -0.04271 -0.11463 -0.08902 -0.11370 0.66842 0.70364 
 0.98810 0.33148 0.29219 -0.04210 -0.11359 -0.08333 -0.10770 0.67179 0.70781 
 0.98910 0.32809 0.28825 -0.04168 -0.11263 -0.07743 -0.10153 0.67479 0.71175 
 0.99010 0.32497 0.28454 -0.04149 -0.11177 -0.07143 -0.09520 0.67759 0.71546 
 0.99110 0.32223 0.28108 -0.04136 -0.11101 -0.06539 -0.08874 0.68037 0.71893 
 0.99210 0.31964 0.27786 -0.04113 -0.11034 -0.05921 -0.08214 0.68269 0.72214 
 0.99310 0.31751 0.27489 -0.04132 -0.10977 -0.05307 -0.07543 0.68456 0.72511 
 0.99410 0.31571 0.27217 -0.04146 -0.10930 -0.04677 -0.06860 0.68643 0.72783 
 0.99510 0.31377 0.26972 -0.04152 -0.10893 -0.04048 -0.06168 0.68820 0.73028 
 0.99610 0.31202 0.26753 -0.04182 -0.10866 -0.03447 -0.05468 0.68971 0.73247 
 0.99710 0.31062 0.26560 -0.04197 -0.10849 -0.02816 -0.04760 0.69059 0.73440 
 0.99810 0.30957 0.26394 -0.04213 -0.10843 -0.02182 -0.04046 0.69139 0.73606 
 0.99910 0.30885 0.26255 -0.04253 -0.10846 -0.01565 -0.03327 0.69221 0.73745 
