 0.00000 1.00000 1.00000 0.00000 0.00000 0.00000 0.00000 0.00000 0.00000 
 0.00100 0.99965 0.99965 0.00013 0.00013 -0.01882 -0.01882 0.00035 0.00035 
 0.00200 0.99858 0.99858 0.00052 0.00052 -0.03756 -0.03756 0.00142 0.00142 
 0.00300 0.99682 0.99682 0.00116 0.00116 -0.05614 -0.05614 0.00318 0.00318 
 0.00400 0.99436 0.99436 0.00203 0.00203 -0.07451 -0.07451 0.00564 0.00564 
 0.00500 0.99121 0.99121 0.00312 0.00312 -0.09259 -0.09259 0.00879 0.00879 
 0.00600 0.98738 0.98738 0.00442 0.00442 -0.11031 -0.11031 0.01262 0.01262 
 0.00700 0.98290 0.98290 0.00591 0.00591 -0.12763 -0.12763 0.01710 0.01710 
 0.00800 0.97777 0.97777 0.00757 0.00757 -0.14449 -0.14449 0.02223 0.02223 
 0.00900 0.97202 0.97202 0.00938 0.00938 -0.16082 -0.16082 0.02798 0.02798 
 0.01000 0.96566 0.96566 0.01133 0.01133 -0.17659 -0.17659 0.03434 0.03434 
 0.01100 0.95872 0.95872 0.01340 0.01340 -0.19175 -0.19175 0.04128 0.04128 
 0.01200 0.95122 0.95122 0.01556 0.01556 -0.20626 -0.20626 0.04878 0.04878 
 0.01300 0.94319 0.94319 0.01779 0.01779 -0.22007 -0.22007 0.05681 0.05681 
 0.01400 0.93465 0.93465 0.02008 0.02008 -0.23317 -0.23317 0.06535 0.06535 
 0.01500 0.92563 0.92563 0.02240 0.02240 -0.24551 -0.24551 0.07437 0.07437 
 0.01600 0.91616 0.91616 0.02473 0.02473 -0.25707 -0.25707 0.08384 0.08384 
 0.01700 0.90627 0.90627 0.02707 0.02707 -0.26784 -0.26784 0.09373 0.09373 
 0.01800 0.89599 0.89599 0.02938 0.02938 -0.27779 -0.27779 0.10401 0.10401 
 0.01900 0.88535 0.88535 0.03164 0.03164 -0.28691 -0.28691 0.11465 0.11465 
 0.02000 0.87438 0.87438 0.03386 0.03386 -0.29520 -0.29520 0.12562 0.12562 
 0.02100 0.86312 0.86312 0.03599 0.03599 -0.30264 -0.30264 0.13688 0.13688 
 0.02200 0.85159 0.85159 0.03804 0.03804 -0.30923 -0.30923 0.14841 0.14841 
 0.02300 0.83983 0.83983 0.03998 0.03998 -0.31498 -0.31498 0.16017 0.16017 
 0.02400 0.82787 0.82787 0.04181 0.04181 -0.31989 -0.31989 0.17213 0.17213 
 0.02500 0.81574 0.81574 0.04351 0.04351 -0.32396 -0.32396 0.18426 0.18426 
 0.02600 0.80347 0.80347 0.04507 0.04507 -0.32721 -0.32721 0.19653 0.19653 
 0.02700 0.79110 0.79110 0.04649 0.04649 -0.32965 -0.32965 0.20890 0.20890 
 0.02800 0.77864 0.77864 0.04775 0.04775 -0.33130 -0.33130 0.22136 0.22136 
 0.02900 0.76614 0.76614 0.04885 0.04885 -0.33216 -0.33216 0.23386 0.23386 
 0.03000 0.75363 0.75363 0.04978 0.04978 -0.33227 -0.33227 0.24637 0.24637 
 0.03100 0.74112 0.74112 0.05054 0.05054 -0.33164 -0.33164 0.25888 0.25888 
 0.03200 0.72865 0.72865 0.05112 0.05112 -0.33029 -0.33029 0.27135 0.27135 
 0.03300 0.71624 0.71624 0.05153 0.05153 -0.32826 -0.32826 0.28376 0.28376 
 0.03400 0.70392 0.70392 0.05176 0.05176 -0.32556 -0.32556 0.29608 0.29608 
 0.03500 0.69172 0.69172 0.05181 0.05181 -0.32222 -0.32222 0.30828 0.30828 
 0.03600 0.67965 0.67965 0.05169 0.05169 -0.31828 -0.31828 0.32035 0.32035 
 0.03700 0.66775 0.66775 0.05139 0.05139 -0.31376 -0.31376 0.33225 0.33225 
 0.03800 0.65602 0.65602 0.05092 0.05092 -0.30868 -0.30868 0.34398 0.34398 
 0.03900 0.64449 0.64449 0.05029 0.05029 -0.30309 -0.30309 0.35551 0.35551 
 0.04000 0.63319 0.63319 0.04949 0.04949 -0.29701 -0.29701 0.36681 0.36681 
 0.04100 0.62212 0.62212 0.04853 0.04853 -0.29047 -0.29047 0.37788 0.37788 
 0.04200 0.61131 0.61131 0.04742 0.04742 -0.28350 -0.28350 0.38869 0.38869 
 0.04300 0.60077 0.60077 0.04616 0.04616 -0.27614 -0.27614 0.39923 0.39923 
 0.04400 0.59051 0.59051 0.04476 0.04476 -0.26840 -0.26840 0.40949 0.40949 
 0.04500 0.58055 0.58055 0.04323 0.04323 -0.26033 -0.26033 0.41945 0.41945 
 0.04600 0.57090 0.57090 0.04157 0.04157 -0.25196 -0.25196 0.42910 0.42910 
 0.04700 0.56157 0.56157 0.03979 0.03979 -0.24330 -0.24330 0.43843 0.43843 
 0.04800 0.55257 0.55257 0.03790 0.03790 -0.23440 -0.23440 0.44743 0.44743 
 0.04900 0.54391 0.54391 0.03591 0.03591 -0.22528 -0.22528 0.45609 0.45609 
 0.05001 0.53560 0.53560 0.03382 0.03382 -0.21597 -0.21597 0.46441 0.46441 
 0.05101 0.52764 0.52764 0.03164 0.03164 -0.20650 -0.20650 0.47236 0.47236 
 0.05201 0.52004 0.52004 0.02938 0.02938 -0.19689 -0.19689 0.47996 0.47996 
 0.05301 0.51280 0.51280 0.02704 0.02704 -0.18717 -0.18717 0.48720 0.48720 
 0.05401 0.50594 0.50594 0.02464 0.02464 -0.17737 -0.17737 0.49406 0.49406 
 0.05501 0.49944 0.49944 0.02218 0.02218 -0.16751 -0.16751 0.50056 0.50056 
 0.05601 0.49332 0.49332 0.01967 0.01967 -0.15761 -0.15761 0.50668 0.50668 
 0.05701 0.48757 0.48757 0.01711 0.01711 -0.14770 -0.14770 0.51243 0.51243 
 0.05801 0.48219 0.48219 0.01451 0.01451 -0.13781 -0.13781 0.51781 0.51781 
 0.05901 0.47718 0.47718 0.01188 0.01188 -0.12794 -0.12794 0.52282 0.52282 
 0.06001 0.47255 0.47255 0.00922 0.00922 -0.11813 -0.11813 0.52745 0.52745 
 0.06101 0.46828 0.46828 0.00654 0.00654 -0.10839 -0.10839 0.53172 0.53172 
 0.06201 0.46438 0.46438 0.00385 0.00385 -0.09874 -0.09874 0.53562 0.53562 
 0.06301 0.46084 0.46084 0.00115 0.00115 -0.08921 -0.08921 0.53916 0.53916 
 0.06401 0.45765 0.45765 -0.00156 -0.00156 -0.07980 -0.07980 0.54234 0.54234 
 0.06501 0.45482 0.45482 -0.00427 -0.00427 -0.07054 -0.07054 0.54518 0.54518 
 0.06601 0.45234 0.45234 -0.00697 -0.00697 -0.06144 -0.06144 0.54766 0.54766 
 0.06701 0.45019 0.45019 -0.00966 -0.00966 -0.05252 -0.05252 0.54981 0.54981 
 0.06801 0.44838 0.44838 -0.01234 -0.01234 -0.04379 -0.04379 0.55162 0.55162 
 0.06901 0.44689 0.44689 -0.01501 -0.01501 -0.03526 -0.03526 0.55311 0.55311 
 0.07001 0.44572 0.44572 -0.01765 -0.01765 -0.02695 -0.02695 0.55428 0.55428 
 0.07101 0.44486 0.44486 -0.02027 -0.02027 -0.01887 -0.01887 0.55514 0.55514 
 0.07201 0.44429 0.44429 -0.02287 -0.02287 -0.01103 -0.01103 0.55571 0.55571 
 0.07301 0.44402 0.44402 -0.02544 -0.02544 -0.00344 -0.00344 0.55598 0.55598 
 0.07401 0.44403 0.44403 -0.02797 -0.02797 0.00390 0.00390 0.55597 0.55597 
 0.07501 0.44431 0.44431 -0.03048 -0.03048 0.01096 0.01096 0.55569 0.55569 
 0.07601 0.44486 0.44486 -0.03295 -0.03295 0.01775 0.01775 0.55514 0.55514 
 0.07701 0.44565 0.44565 -0.03538 -0.03538 0.02425 0.02425 0.55435 0.55435 
 0.07801 0.44668 0.44668 -0.03778 -0.03778 0.03047 0.03047 0.55332 0.55332 
 0.07901 0.44794 0.44794 -0.04013 -0.04013 0.03639 0.03639 0.55206 0.55206 
 0.08001 0.44942 0.44942 -0.04245 -0.04245 0.04201 0.04201 0.55058 0.55058 
 0.08101 0.45110 0.45110 -0.04472 -0.04472 0.04732 0.04732 0.54890 0.54890 
 0.08201 0.45298 0.45298 -0.04695 -0.04695 0.05233 0.05233 0.54702 0.54702 
 0.08301 0.45504 0.45504 -0.04914 -0.04914 0.05703 0.05703 0.54496 0.54496 
 0.08401 0.45727 0.45727 -0.05129 -0.05129 0.06141 0.06141 0.54273 0.54273 
 0.08501 0.45966 0.45966 -0.05339 -0.05339 0.06548 0.06548 0.54034 0.54034 
 0.08601 0.46220 0.46220 -0.05545 -0.05545 0.06924 0.06924 0.53780 0.53780 
 0.08701 0.46487 0.46487 -0.05746 -0.05746 0.07268 0.07268 0.53512 0.53512 
 0.08801 0.46767 0.46767 -0.05943 -0.05943 0.07581 0.07581 0.53233 0.53233 
 0.08901 0.47058 0.47058 -0.06135 -0.06135 0.07863 0.07863 0.52942 0.52942 
 0.09001 0.47359 0.47359 -0.06324 -0.06324 0.08114 0.08114 0.52641 0.52641 
 0.09101 0.47669 0.47669 -0.06507 -0.06507 0.08334 0.08334 0.52331 0.52331 
 0.09201 0.47987 0.47987 -0.06686 -0.06686 0.08523 0.08523 0.52013 0.52013 
 0.09301 0.48311 0.48311 -0.06861 -0.06861 0.08682 0.08682 0.51689 0.51689 
 0.09401 0.48641 0.48641 -0.07032 -0.07032 0.08812 0.08812 0.51359 0.51359 
 0.09501 0.48975 0.48975 -0.07198 -0.07198 0.08912 0.08912 0.51025 0.51025 
 0.09601 0.49312 0.49312 -0.07360 -0.07360 0.08984 0.08984 0.50688 0.50688 
 0.09701 0.49651 0.49651 -0.07518 -0.07518 0.09028 0.09028 0.50349 0.50349 
 0.09801 0.49992 0.49992 -0.07672 -0.07672 0.09044 0.09044 0.50008 0.50008 
 0.09901 0.50332 0.50332 -0.07821 -0.07821 0.09033 0.09033 0.49668 0.49668 
 0.10001 0.50672 0.50672 -0.07967 -0.07967 0.08996 0.08996 0.49328 0.49328 
 0.10101 0.51010 0.51010 -0.08109 -0.08109 0.08933 0.08933 0.48990 0.48990 
 0.10201 0.51345 0.51345 -0.08247 -0.08247 0.08846 0.08846 0.48655 0.48655 
 0.10301 0.51676 0.51676 -0.08381 -0.08381 0.08736 0.08736 0.48324 0.48324 
 0.10401 0.52003 0.52003 -0.08511 -0.08511 0.08602 0.08602 0.47997 0.47997 
 0.10501 0.52324 0.52324 -0.08638 -0.08638 0.08446 0.08446 0.47676 0.47676 
 0.10601 0.52639 0.52639 -0.08761 -0.08761 0.08269 0.08269 0.47361 0.47361 
 0.10701 0.52947 0.52947 -0.08881 -0.08881 0.08072 0.08072 0.47053 0.47053 
 0.10801 0.53247 0.53247 -0.08997 -0.08997 0.07856 0.07856 0.46753 0.46753 
 0.10901 0.53538 0.53538 -0.09110 -0.09110 0.07621 0.07621 0.46462 0.46462 
 0.11001 0.53821 0.53821 -0.09220 -0.09220 0.07369 0.07369 0.46179 0.46179 
 0.11101 0.54093 0.54093 -0.09327 -0.09327 0.07101 0.07101 0.45907 0.45907 
 0.11201 0.54356 0.54356 -0.09430 -0.09430 0.06817 0.06817 0.45644 0.45644 
 0.11301 0.54607 0.54607 -0.09531 -0.09531 0.06519 0.06519 0.45393 0.45393 
 0.11401 0.54847 0.54847 -0.09629 -0.09629 0.06209 0.06209 0.45153 0.45153 
 0.11501 0.55074 0.55074 -0.09724 -0.09724 0.05886 0.05886 0.44926 0.44926 
 0.11601 0.55290 0.55290 -0.09816 -0.09816 0.05552 0.05552 0.44710 0.44710 
 0.11701 0.55493 0.55493 -0.09906 -0.09906 0.05207 0.05207 0.44507 0.44507 
 0.11801 0.55682 0.55682 -0.09993 -0.09993 0.04855 0.04855 0.44318 0.44318 
 0.11901 0.55858 0.55858 -0.10078 -0.10078 0.04494 0.04494 0.44142 0.44142 
 0.12001 0.56021 0.56021 -0.10161 -0.10161 0.04126 0.04126 0.43979 0.43979 
 0.12101 0.56169 0.56169 -0.10241 -0.10241 0.03752 0.03752 0.43831 0.43831 
 0.12201 0.56303 0.56303 -0.10319 -0.10319 0.03374 0.03374 0.43697 0.43697 
 0.12301 0.56423 0.56423 -0.10396 -0.10396 0.02992 0.02992 0.43577 0.43577 
 0.12401 0.56529 0.56529 -0.10470 -0.10470 0.02607 0.02607 0.43471 0.43471 
 0.12501 0.56620 0.56620 -0.10542 -0.10542 0.02220 0.02220 0.43380 0.43380 
 0.12601 0.56696 0.56696 -0.10613 -0.10613 0.01833 0.01833 0.43304 0.43304 
 0.12701 0.56758 0.56758 -0.10681 -0.10681 0.01446 0.01446 0.43242 0.43242 
 0.12801 0.56805 0.56805 -0.10749 -0.10749 0.01059 0.01059 0.43195 0.43195 
 0.12901 0.56837 0.56837 -0.10815 -0.10815 0.00675 0.00675 0.43162 0.43162 
 0.13001 0.56856 0.56856 -0.10879 -0.10879 0.00293 0.00293 0.43144 0.43144 
 0.13101 0.56860 0.56860 -0.10942 -0.10942 -0.00085 -0.00085 0.43140 0.43140 
 0.13201 0.56849 0.56849 -0.11004 -0.11004 -0.00458 -0.00458 0.43151 0.43151 
 0.13301 0.56825 0.56825 -0.11064 -0.11064 -0.00826 -0.00826 0.43175 0.43175 
 0.13401 0.56787 0.56787 -0.11124 -0.11124 -0.01189 -0.01189 0.43213 0.43213 
 0.13501 0.56736 0.56736 -0.11183 -0.11183 -0.01544 -0.01544 0.43264 0.43264 
 0.13601 0.56671 0.56671 -0.11240 -0.11240 -0.01892 -0.01892 0.43329 0.43329 
 0.13701 0.56593 0.56593 -0.11297 -0.11297 -0.02232 -0.02232 0.43407 0.43407 
 0.13801 0.56503 0.56503 -0.11353 -0.11353 -0.02563 -0.02563 0.43497 0.43497 
 0.13901 0.56400 0.56400 -0.11409 -0.11409 -0.02885 -0.02885 0.43600 0.43600 
 0.14001 0.56286 0.56286 -0.11464 -0.11464 -0.03197 -0.03197 0.43714 0.43714 
 0.14101 0.56160 0.56160 -0.11518 -0.11518 -0.03498 -0.03498 0.43840 0.43840 
 0.14201 0.56022 0.56022 -0.11572 -0.11572 -0.03789 -0.03789 0.43978 0.43978 
 0.14301 0.55874 0.55874 -0.11626 -0.11626 -0.04068 -0.04068 0.44126 0.44126 
 0.14401 0.55716 0.55716 -0.11680 -0.11680 -0.04335 -0.04335 0.44284 0.44284 
 0.14501 0.55548 0.55548 -0.11733 -0.11733 -0.04590 -0.04590 0.44452 0.44452 
 0.14601 0.55370 0.55370 -0.11786 -0.11786 -0.04833 -0.04833 0.44630 0.44630 
 0.14701 0.55184 0.55184 -0.11839 -0.11839 -0.05063 -0.05063 0.44816 0.44816 
 0.14801 0.54989 0.54989 -0.11892 -0.11892 -0.05280 -0.05280 0.45011 0.45011 
 0.14901 0.54786 0.54786 -0.11945 -0.11945 -0.05484 -0.05484 0.45214 0.45214 
 0.15002 0.54576 0.54576 -0.11998 -0.11998 -0.05674 -0.05674 0.45424 0.45424 
 0.15102 0.54359 0.54359 -0.12051 -0.12051 -0.05850 -0.05850 0.45641 0.45641 
 0.15202 0.54135 0.54135 -0.12105 -0.12105 -0.06013 -0.06013 0.45865 0.45865 
 0.15302 0.53906 0.53906 -0.12159 -0.12159 -0.06162 -0.06162 0.46094 0.46094 
 0.15402 0.53671 0.53671 -0.12213 -0.12213 -0.06297 -0.06297 0.46329 0.46329 
 0.15502 0.53432 0.53432 -0.12268 -0.12268 -0.06418 -0.06418 0.46568 0.46568 
 0.15602 0.53188 0.53188 -0.12323 -0.12323 -0.06525 -0.06525 0.46812 0.46812 
 0.15702 0.52940 0.52940 -0.12378 -0.12378 -0.06619 -0.06619 0.47060 0.47060 
 0.15802 0.52689 0.52689 -0.12434 -0.12434 -0.06698 -0.06698 0.47311 0.47311 
 0.15902 0.52436 0.52436 -0.12490 -0.12490 -0.06764 -0.06764 0.47564 0.47564 
 0.16002 0.52180 0.52180 -0.12547 -0.12547 -0.06817 -0.06817 0.47820 0.47820 
 0.16102 0.51922 0.51922 -0.12605 -0.12605 -0.06856 -0.06856 0.48078 0.48078 
 0.16202 0.51663 0.51663 -0.12663 -0.12663 -0.06882 -0.06882 0.48337 0.48337 
 0.16302 0.51404 0.51404 -0.12722 -0.12722 -0.06895 -0.06895 0.48596 0.48596 
 0.16402 0.51144 0.51144 -0.12782 -0.12782 -0.06895 -0.06895 0.48856 0.48856 
 0.16502 0.50884 0.50884 -0.12842 -0.12842 -0.06883 -0.06883 0.49116 0.49116 
 0.16602 0.50626 0.50626 -0.12903 -0.12903 -0.06859 -0.06859 0.49374 0.49374 
 0.16702 0.50368 0.50368 -0.12964 -0.12964 -0.06823 -0.06823 0.49632 0.49632 
 0.16802 0.50112 0.50112 -0.13027 -0.13027 -0.06776 -0.06776 0.49888 0.49888 
 0.16902 0.49857 0.49857 -0.13090 -0.13090 -0.06717 -0.06717 0.50143 0.50143 
 0.17002 0.49606 0.49606 -0.13154 -0.13154 -0.06648 -0.06648 0.50394 0.50394 
 0.17102 0.49357 0.49357 -0.13219 -0.13219 -0.06568 -0.06568 0.50643 0.50643 
 0.17202 0.49111 0.49111 -0.13284 -0.13284 -0.06478 -0.06478 0.50889 0.50889 
 0.17302 0.48869 0.48869 -0.13350 -0.13350 -0.06379 -0.06379 0.51131 0.51131 
 0.17402 0.48630 0.48630 -0.13417 -0.13417 -0.06271 -0.06271 0.51370 0.51370 
 0.17502 0.48396 0.48396 -0.13485 -0.13485 -0.06154 -0.06154 0.51604 0.51604 
 0.17602 0.48167 0.48167 -0.13554 -0.13554 -0.06029 -0.06029 0.51833 0.51833 
 0.17702 0.47942 0.47942 -0.13623 -0.13623 -0.05896 -0.05896 0.52058 0.52058 
 0.17802 0.47723 0.47723 -0.13693 -0.13693 -0.05756 -0.05756 0.52277 0.52277 
 0.17902 0.47508 0.47508 -0.13763 -0.13763 -0.05609 -0.05609 0.52492 0.52492 
 0.18002 0.47300 0.47300 -0.13835 -0.13835 -0.05455 -0.05455 0.52700 0.52700 
 0.18102 0.47097 0.47097 -0.13907 -0.13907 -0.05296 -0.05296 0.52902 0.52902 
 0.18202 0.46901 0.46901 -0.13979 -0.13979 -0.05132 -0.05132 0.53099 0.53099 
 0.18302 0.46711 0.46711 -0.14053 -0.14053 -0.04962 -0.04962 0.53289 0.53289 
 0.18402 0.46527 0.46527 -0.14126 -0.14126 -0.04789 -0.04789 0.53473 0.53473 
 0.18502 0.46350 0.46350 -0.14201 -0.14201 -0.04611 -0.04611 0.53650 0.53650 
 0.18602 0.46180 0.46180 -0.14276 -0.14276 -0.04430 -0.04430 0.53820 0.53820 
 0.18702 0.46016 0.46016 -0.14351 -0.14351 -0.04246 -0.04246 0.53984 0.53984 
 0.18802 0.45860 0.45860 -0.14427 -0.14427 -0.04060 -0.04060 0.54140 0.54140 
 0.18902 0.45711 0.45711 -0.14503 -0.14503 -0.03871 -0.03871 0.54289 0.54289 
 0.19002 0.45568 0.45568 -0.14580 -0.14580 -0.03681 -0.03681 0.54432 0.54432 
 0.19102 0.45433 0.45433 -0.14657 -0.14657 -0.03490 -0.03490 0.54567 0.54567 
 0.19202 0.45305 0.45305 -0.14735 -0.14735 -0.03298 -0.03298 0.54695 0.54695 
 0.19302 0.45185 0.45185 -0.14812 -0.14812 -0.03107 -0.03107 0.54815 0.54815 
 0.19402 0.45071 0.45071 -0.14890 -0.14890 -0.02915 -0.02915 0.54929 0.54929 
 0.19502 0.44965 0.44965 -0.14969 -0.14969 -0.02724 -0.02724 0.55035 0.55035 
 0.19602 0.44866 0.44866 -0.15047 -0.15047 -0.02534 -0.02534 0.55134 0.55134 
 0.19702 0.44774 0.44774 -0.15126 -0.15126 -0.02346 -0.02346 0.55226 0.55226 
 0.19802 0.44689 0.44689 -0.15204 -0.15204 -0.02159 -0.02159 0.55311 0.55311 
 0.19902 0.44611 0.44611 -0.15283 -0.15283 -0.01975 -0.01975 0.55389 0.55389 
 0.20002 0.44525 0.44540 -0.15499 -0.15362 -0.01702 -0.01793 0.55607 0.55460 
 0.20102 0.44492 0.44476 -0.15585 -0.15440 -0.01556 -0.01615 0.55673 0.55524 
 0.20202 0.44465 0.44419 -0.15645 -0.15519 -0.01415 -0.01439 0.55713 0.55581 
 0.20302 0.44436 0.44368 -0.15695 -0.15597 -0.01250 -0.01267 0.55758 0.55632 
 0.20402 0.44385 0.44323 -0.15760 -0.15676 -0.01072 -0.01099 0.55782 0.55677 
 0.20502 0.44320 0.44285 -0.15839 -0.15754 -0.00912 -0.00935 0.55804 0.55715 
 0.20602 0.44265 0.44253 -0.15923 -0.15832 -0.00755 -0.00776 0.55813 0.55747 
 0.20702 0.44202 0.44226 -0.16028 -0.15909 -0.00615 -0.00621 0.55855 0.55774 
 0.20802 0.44141 0.44206 -0.16138 -0.15986 -0.00487 -0.00471 0.55873 0.55794 
 0.20902 0.44131 0.44191 -0.16234 -0.16063 -0.00358 -0.00326 0.55879 0.55809 
 0.21002 0.44158 0.44181 -0.16325 -0.16140 -0.00216 -0.00187 0.55874 0.55819 
 0.21102 0.44153 0.44177 -0.16409 -0.16216 -0.00079 -0.00053 0.55855 0.55823 
 0.21202 0.44148 0.44177 -0.16477 -0.16292 0.00074 0.00075 0.55846 0.55823 
 0.21302 0.44160 0.44182 -0.16547 -0.16367 0.00200 0.00198 0.55827 0.55818 
 0.21402 0.44184 0.44192 -0.16647 -0.16441 0.00327 0.00314 0.55790 0.55808 
 0.21502 0.44198 0.44206 -0.16732 -0.16515 0.00442 0.00425 0.55778 0.55794 
 0.21602 0.44208 0.44224 -0.16793 -0.16589 0.00560 0.00529 0.55782 0.55776 
 0.21702 0.44231 0.44246 -0.16865 -0.16662 0.00667 0.00628 0.55777 0.55754 
 0.21802 0.44275 0.44271 -0.16944 -0.16734 0.00783 0.00719 0.55745 0.55729 
 0.21902 0.44279 0.44300 -0.17024 -0.16805 0.00888 0.00805 0.55703 0.55700 
 0.22002 0.44276 0.44332 -0.17121 -0.16876 0.00978 0.00884 0.55667 0.55668 
 0.22102 0.44283 0.44366 -0.17218 -0.16946 0.01024 0.00957 0.55620 0.55634 
 0.22202 0.44325 0.44404 -0.17303 -0.17015 0.01086 0.01023 0.55549 0.55596 
 0.22302 0.44354 0.44443 -0.17376 -0.17084 0.01142 0.01083 0.55500 0.55557 
 0.22402 0.44387 0.44485 -0.17439 -0.17151 0.01192 0.01137 0.55460 0.55515 
 0.22502 0.44438 0.44529 -0.17505 -0.17218 0.01237 0.01184 0.55431 0.55471 
 0.22602 0.44508 0.44574 -0.17554 -0.17284 0.01280 0.01225 0.55391 0.55426 
 0.22702 0.44556 0.44621 -0.17615 -0.17349 0.01292 0.01260 0.55326 0.55379 
 0.22802 0.44582 0.44669 -0.17698 -0.17414 0.01278 0.01289 0.55271 0.55331 
 0.22902 0.44624 0.44718 -0.17768 -0.17477 0.01286 0.01312 0.55195 0.55282 
 0.23002 0.44687 0.44768 -0.17825 -0.17539 0.01287 0.01328 0.55133 0.55232 
 0.23102 0.44739 0.44818 -0.17878 -0.17601 0.01284 0.01339 0.55074 0.55182 
 0.23202 0.44789 0.44869 -0.17950 -0.17661 0.01299 0.01345 0.54998 0.55131 
 0.23302 0.44856 0.44919 -0.18017 -0.17721 0.01323 0.01344 0.54950 0.55081 
 0.23402 0.44913 0.44970 -0.18081 -0.17780 0.01338 0.01339 0.54907 0.55030 
 0.23502 0.44961 0.45020 -0.18132 -0.17838 0.01339 0.01328 0.54864 0.54980 
 0.23602 0.45016 0.45070 -0.18202 -0.17894 0.01309 0.01312 0.54812 0.54930 
 0.23702 0.45069 0.45119 -0.18277 -0.17950 0.01269 0.01291 0.54778 0.54881 
 0.23802 0.45123 0.45167 -0.18347 -0.18005 0.01232 0.01265 0.54756 0.54833 
 0.23902 0.45152 0.45214 -0.18426 -0.18060 0.01172 0.01235 0.54716 0.54786 
 0.24002 0.45184 0.45260 -0.18492 -0.18113 0.01126 0.01201 0.54668 0.54740 
 0.24102 0.45230 0.45305 -0.18576 -0.18165 0.01064 0.01162 0.54637 0.54695 
 0.24202 0.45259 0.45348 -0.18636 -0.18216 0.01015 0.01119 0.54619 0.54652 
 0.24302 0.45300 0.45389 -0.18692 -0.18266 0.00968 0.01073 0.54587 0.54611 
 0.24402 0.45349 0.45428 -0.18751 -0.18316 0.00918 0.01023 0.54556 0.54572 
 0.24502 0.45412 0.45466 -0.18803 -0.18364 0.00855 0.00970 0.54502 0.54534 
 0.24602 0.45490 0.45501 -0.18862 -0.18412 0.00779 0.00913 0.54446 0.54499 
 0.24702 0.45554 0.45535 -0.18920 -0.18459 0.00697 0.00854 0.54394 0.54465 
 0.24802 0.45570 0.45566 -0.18953 -0.18505 0.00607 0.00792 0.54351 0.54434 
 0.24902 0.45595 0.45594 -0.18982 -0.18550 0.00522 0.00727 0.54327 0.54406 
 0.25003 0.45617 0.45621 -0.19033 -0.18594 0.00447 0.00660 0.54306 0.54380 
 0.25103 0.45627 0.45644 -0.19084 -0.18638 0.00384 0.00592 0.54298 0.54356 
 0.25203 0.45633 0.45665 -0.19132 -0.18680 0.00327 0.00521 0.54283 0.54335 
 0.25303 0.45644 0.45683 -0.19167 -0.18722 0.00258 0.00449 0.54275 0.54317 
 0.25403 0.45632 0.45699 -0.19205 -0.18763 0.00171 0.00375 0.54281 0.54301 
 0.25503 0.45614 0.45712 -0.19253 -0.18804 0.00069 0.00301 0.54274 0.54288 
 0.25603 0.45600 0.45721 -0.19290 -0.18843 -0.00004 0.00225 0.54266 0.54278 
 0.25703 0.45576 0.45728 -0.19338 -0.18882 -0.00102 0.00149 0.54284 0.54271 
 0.25803 0.45560 0.45733 -0.19362 -0.18921 -0.00192 0.00072 0.54294 0.54267 
 0.25903 0.45554 0.45734 -0.19378 -0.18958 -0.00288 -0.00005 0.54311 0.54266 
 0.26003 0.45539 0.45732 -0.19391 -0.18995 -0.00388 -0.00083 0.54323 0.54268 
 0.26103 0.45520 0.45728 -0.19414 -0.19032 -0.00492 -0.00160 0.54358 0.54272 
 0.26203 0.45500 0.45720 -0.19435 -0.19068 -0.00574 -0.00237 0.54383 0.54280 
 0.26303 0.45460 0.45710 -0.19460 -0.19103 -0.00661 -0.00314 0.54407 0.54290 
 0.26403 0.45430 0.45697 -0.19497 -0.19137 -0.00751 -0.00390 0.54429 0.54303 
 0.26503 0.45398 0.45681 -0.19534 -0.19172 -0.00852 -0.00465 0.54450 0.54319 
 0.26603 0.45381 0.45661 -0.19573 -0.19205 -0.00932 -0.00540 0.54481 0.54339 
 0.26703 0.45364 0.45640 -0.19594 -0.19239 -0.01003 -0.00613 0.54524 0.54360 
 0.26803 0.45344 0.45615 -0.19613 -0.19271 -0.01067 -0.00685 0.54564 0.54385 
 0.26903 0.45308 0.45588 -0.19641 -0.19304 -0.01136 -0.00755 0.54604 0.54412 
 0.27003 0.45285 0.45559 -0.19674 -0.19336 -0.01201 -0.00824 0.54638 0.54441 
 0.27103 0.45263 0.45526 -0.19707 -0.19367 -0.01268 -0.00892 0.54676 0.54474 
 0.27203 0.45229 0.45491 -0.19738 -0.19398 -0.01328 -0.00957 0.54727 0.54509 
 0.27303 0.45168 0.45454 -0.19764 -0.19429 -0.01398 -0.01021 0.54783 0.54546 
 0.27403 0.45110 0.45415 -0.19787 -0.19460 -0.01459 -0.01082 0.54849 0.54585 
 0.27503 0.45059 0.45373 -0.19811 -0.19490 -0.01516 -0.01142 0.54910 0.54627 
 0.27603 0.44990 0.45328 -0.19833 -0.19520 -0.01577 -0.01199 0.54965 0.54671 
 0.27703 0.44912 0.45282 -0.19855 -0.19550 -0.01625 -0.01253 0.55021 0.54718 
 0.27803 0.44836 0.45234 -0.19877 -0.19579 -0.01661 -0.01306 0.55062 0.54766 
 0.27903 0.44765 0.45184 -0.19910 -0.19609 -0.01697 -0.01356 0.55108 0.54816 
 0.28003 0.44698 0.45132 -0.19930 -0.19638 -0.01728 -0.01403 0.55176 0.54868 
 0.28103 0.44632 0.45078 -0.19955 -0.19667 -0.01762 -0.01448 0.55254 0.54922 
 0.28203 0.44562 0.45023 -0.19984 -0.19695 -0.01797 -0.01490 0.55332 0.54977 
 0.28303 0.44498 0.44966 -0.20012 -0.19724 -0.01820 -0.01529 0.55416 0.55034 
 0.28403 0.44443 0.44908 -0.20035 -0.19753 -0.01831 -0.01566 0.55504 0.55092 
 0.28503 0.44383 0.44848 -0.20058 -0.19781 -0.01829 -0.01600 0.55583 0.55152 
 0.28603 0.44328 0.44787 -0.20075 -0.19809 -0.01836 -0.01631 0.55660 0.55213 
 0.28703 0.44268 0.44725 -0.20086 -0.19837 -0.01842 -0.01659 0.55728 0.55275 
 0.28803 0.44203 0.44662 -0.20107 -0.19866 -0.01851 -0.01685 0.55796 0.55338 
 0.28903 0.44123 0.44598 -0.20128 -0.19894 -0.01866 -0.01707 0.55870 0.55402 
 0.29003 0.44034 0.44534 -0.20154 -0.19922 -0.01882 -0.01727 0.55935 0.55466 
 0.29103 0.43955 0.44468 -0.20178 -0.19950 -0.01885 -0.01744 0.56003 0.55532 
 0.29203 0.43883 0.44402 -0.20206 -0.19978 -0.01885 -0.01758 0.56073 0.55598 
 0.29303 0.43810 0.44336 -0.20234 -0.20006 -0.01877 -0.01770 0.56142 0.55664 
 0.29403 0.43733 0.44269 -0.20264 -0.20034 -0.01873 -0.01778 0.56216 0.55731 
 0.29503 0.43671 0.44202 -0.20301 -0.20063 -0.01862 -0.01785 0.56296 0.55798 
 0.29603 0.43601 0.44134 -0.20342 -0.20091 -0.01847 -0.01788 0.56377 0.55866 
 0.29703 0.43521 0.44067 -0.20373 -0.20119 -0.01833 -0.01789 0.56448 0.55933 
 0.29803 0.43439 0.44000 -0.20395 -0.20147 -0.01824 -0.01787 0.56526 0.56000 
 0.29903 0.43365 0.43933 -0.20412 -0.20175 -0.01800 -0.01783 0.56607 0.56068 
 0.30003 0.43302 0.43866 -0.20428 -0.20204 -0.01765 -0.01776 0.56675 0.56134 
 0.30103 0.43240 0.43799 -0.20448 -0.20232 -0.01734 -0.01767 0.56741 0.56201 
 0.30203 0.43170 0.43732 -0.20481 -0.20261 -0.01710 -0.01755 0.56796 0.56268 
 0.30303 0.43107 0.43667 -0.20509 -0.20289 -0.01674 -0.01742 0.56849 0.56334 
 0.30403 0.43053 0.43601 -0.20535 -0.20318 -0.01645 -0.01726 0.56899 0.56399 
 0.30503 0.42995 0.43537 -0.20571 -0.20347 -0.01609 -0.01708 0.56956 0.56463 
 0.30603 0.42937 0.43472 -0.20617 -0.20375 -0.01575 -0.01688 0.57012 0.56527 
 0.30703 0.42885 0.43409 -0.20670 -0.20404 -0.01536 -0.01667 0.57075 0.56591 
 0.30803 0.42819 0.43347 -0.20721 -0.20433 -0.01502 -0.01643 0.57137 0.56653 
 0.30903 0.42748 0.43285 -0.20762 -0.20462 -0.01464 -0.01618 0.57196 0.56715 
 0.31003 0.42691 0.43225 -0.20790 -0.20491 -0.01417 -0.01591 0.57275 0.56775 
 0.31103 0.42638 0.43166 -0.20812 -0.20520 -0.01372 -0.01562 0.57342 0.56834 
 0.31203 0.42582 0.43107 -0.20839 -0.20549 -0.01327 -0.01532 0.57392 0.56893 
 0.31303 0.42517 0.43050 -0.20868 -0.20578 -0.01286 -0.01501 0.57424 0.56950 
 0.31403 0.42440 0.42994 -0.20894 -0.20608 -0.01246 -0.01468 0.57455 0.57006 
 0.31503 0.42369 0.42940 -0.20921 -0.20637 -0.01202 -0.01435 0.57492 0.57060 
 0.31603 0.42306 0.42886 -0.20944 -0.20666 -0.01158 -0.01400 0.57537 0.57114 
 0.31703 0.42268 0.42834 -0.20974 -0.20696 -0.01104 -0.01364 0.57580 0.57166 
 0.31803 0.42236 0.42783 -0.21008 -0.20725 -0.01052 -0.01328 0.57628 0.57217 
 0.31903 0.42204 0.42734 -0.21051 -0.20755 -0.01001 -0.01290 0.57666 0.57266 
 0.32003 0.42168 0.42686 -0.21098 -0.20784 -0.00947 -0.01252 0.57697 0.57314 
 0.32103 0.42127 0.42640 -0.21144 -0.20813 -0.00892 -0.01213 0.57728 0.57360 
 0.32203 0.42086 0.42595 -0.21193 -0.20843 -0.00842 -0.01174 0.57758 0.57405 
 0.32303 0.42046 0.42551 -0.21241 -0.20872 -0.00797 -0.01135 0.57793 0.57449 
 0.32403 0.42019 0.42509 -0.21287 -0.20902 -0.00752 -0.01095 0.57810 0.57491 
 0.32503 0.41992 0.42469 -0.21331 -0.20932 -0.00703 -0.01055 0.57828 0.57531 
 0.32603 0.41973 0.42430 -0.21376 -0.20961 -0.00662 -0.01015 0.57855 0.57570 
 0.32703 0.41959 0.42392 -0.21413 -0.20990 -0.00623 -0.00975 0.57881 0.57608 
 0.32803 0.41941 0.42356 -0.21439 -0.21020 -0.00578 -0.00935 0.57903 0.57644 
 0.32903 0.41929 0.42322 -0.21470 -0.21049 -0.00534 -0.00895 0.57923 0.57678 
 0.33003 0.41911 0.42289 -0.21499 -0.21079 -0.00493 -0.00855 0.57944 0.57711 
 0.33103 0.41896 0.42257 -0.21529 -0.21108 -0.00450 -0.00816 0.57965 0.57742 
 0.33203 0.41878 0.42228 -0.21562 -0.21137 -0.00407 -0.00777 0.57978 0.57773 
 0.33303 0.41863 0.42199 -0.21596 -0.21166 -0.00368 -0.00738 0.57992 0.57801 
 0.33403 0.41853 0.42172 -0.21633 -0.21195 -0.00331 -0.00700 0.58011 0.57828 
 0.33503 0.41849 0.42146 -0.21668 -0.21224 -0.00294 -0.00663 0.58033 0.57854 
 0.33603 0.41843 0.42122 -0.21701 -0.21253 -0.00261 -0.00626 0.58052 0.57878 
 0.33703 0.41841 0.42099 -0.21738 -0.21282 -0.00228 -0.00590 0.58067 0.57901 
 0.33803 0.41835 0.42077 -0.21778 -0.21310 -0.00196 -0.00555 0.58078 0.57923 
 0.33903 0.41830 0.42057 -0.21822 -0.21338 -0.00171 -0.00521 0.58084 0.57943 
 0.34003 0.41823 0.42038 -0.21868 -0.21367 -0.00144 -0.00487 0.58087 0.57962 
 0.34103 0.41823 0.42020 -0.21908 -0.21395 -0.00111 -0.00455 0.58096 0.57979 
 0.34203 0.41827 0.42004 -0.21950 -0.21423 -0.00079 -0.00423 0.58107 0.57996 
 0.34303 0.41826 0.41989 -0.21987 -0.21451 -0.00048 -0.00393 0.58115 0.58011 
 0.34403 0.41823 0.41974 -0.22023 -0.21479 -0.00026 -0.00363 0.58120 0.58026 
 0.34503 0.41824 0.41961 -0.22059 -0.21506 -0.00012 -0.00335 0.58119 0.58039 
 0.34603 0.41826 0.41949 -0.22096 -0.21533 0.00007 -0.00308 0.58117 0.58051 
 0.34703 0.41822 0.41938 -0.22137 -0.21561 0.00020 -0.00282 0.58117 0.58062 
 0.34803 0.41817 0.41928 -0.22179 -0.21588 0.00033 -0.00257 0.58122 0.58072 
 0.34903 0.41819 0.41919 -0.22216 -0.21614 0.00046 -0.00233 0.58121 0.58081 
 0.35004 0.41821 0.41910 -0.22251 -0.21641 0.00060 -0.00211 0.58126 0.58090 
 0.35104 0.41823 0.41903 -0.22289 -0.21667 0.00069 -0.00190 0.58121 0.58097 
 0.35204 0.41823 0.41896 -0.22323 -0.21693 0.00075 -0.00170 0.58114 0.58104 
 0.35304 0.41828 0.41890 -0.22355 -0.21719 0.00083 -0.00152 0.58108 0.58110 
 0.35404 0.41840 0.41885 -0.22385 -0.21745 0.00093 -0.00134 0.58106 0.58115 
 0.35504 0.41852 0.41880 -0.22415 -0.21770 0.00099 -0.00119 0.58110 0.58120 
 0.35604 0.41863 0.41875 -0.22446 -0.21796 0.00106 -0.00104 0.58116 0.58125 
 0.35704 0.41872 0.41872 -0.22477 -0.21821 0.00115 -0.00091 0.58117 0.58128 
 0.35804 0.41872 0.41869 -0.22504 -0.21845 0.00121 -0.00079 0.58117 0.58131 
 0.35904 0.41875 0.41866 -0.22530 -0.21870 0.00121 -0.00068 0.58109 0.58134 
 0.36004 0.41875 0.41864 -0.22556 -0.21894 0.00125 -0.00058 0.58106 0.58136 
 0.36104 0.41874 0.41862 -0.22581 -0.21918 0.00125 -0.00050 0.58099 0.58138 
 0.36204 0.41878 0.41860 -0.22603 -0.21941 0.00126 -0.00043 0.58102 0.58140 
 0.36304 0.41887 0.41858 -0.22628 -0.21965 0.00125 -0.00037 0.58107 0.58142 
 0.36404 0.41894 0.41857 -0.22655 -0.21988 0.00122 -0.00032 0.58111 0.58143 
 0.36504 0.41893 0.41856 -0.22686 -0.22011 0.00114 -0.00029 0.58114 0.58144 
 0.36604 0.41892 0.41855 -0.22705 -0.22034 0.00111 -0.00027 0.58117 0.58145 
 0.36704 0.41897 0.41854 -0.22728 -0.22056 0.00105 -0.00025 0.58116 0.58146 
 0.36804 0.41900 0.41853 -0.22749 -0.22078 0.00095 -0.00025 0.58114 0.58147 
 0.36904 0.41902 0.41852 -0.22771 -0.22100 0.00086 -0.00026 0.58105 0.58148 
 0.37004 0.41907 0.41851 -0.22785 -0.22122 0.00074 -0.00028 0.58100 0.58149 
 0.37104 0.41917 0.41850 -0.22805 -0.22143 0.00057 -0.00031 0.58095 0.58150 
 0.37204 0.41919 0.41848 -0.22828 -0.22164 0.00038 -0.00035 0.58092 0.58152 
 0.37304 0.41918 0.41847 -0.22854 -0.22185 0.00023 -0.00040 0.58084 0.58153 
 0.37404 0.41918 0.41846 -0.22873 -0.22206 0.00012 -0.00046 0.58080 0.58154 
 0.37504 0.41918 0.41844 -0.22896 -0.22226 -0.00006 -0.00052 0.58078 0.58156 
 0.37604 0.41920 0.41842 -0.22916 -0.22246 -0.00021 -0.00059 0.58071 0.58158 
 0.37704 0.41924 0.41839 -0.22936 -0.22266 -0.00038 -0.00068 0.58064 0.58161 
 0.37804 0.41925 0.41836 -0.22948 -0.22286 -0.00050 -0.00076 0.58064 0.58164 
 0.37904 0.41926 0.41833 -0.22962 -0.22305 -0.00070 -0.00086 0.58065 0.58167 
 0.38004 0.41917 0.41830 -0.22971 -0.22324 -0.00085 -0.00096 0.58067 0.58170 
 0.38104 0.41910 0.41826 -0.22984 -0.22343 -0.00102 -0.00107 0.58067 0.58174 
 0.38204 0.41902 0.41822 -0.22997 -0.22362 -0.00121 -0.00118 0.58066 0.58178 
 0.38304 0.41897 0.41817 -0.23015 -0.22380 -0.00143 -0.00130 0.58066 0.58183 
 0.38404 0.41894 0.41812 -0.23026 -0.22398 -0.00164 -0.00142 0.58076 0.58188 
 0.38504 0.41895 0.41807 -0.23038 -0.22416 -0.00182 -0.00154 0.58081 0.58193 
 0.38604 0.41895 0.41801 -0.23053 -0.22434 -0.00198 -0.00167 0.58091 0.58200 
 0.38704 0.41898 0.41794 -0.23068 -0.22451 -0.00219 -0.00181 0.58102 0.58206 
 0.38804 0.41900 0.41787 -0.23085 -0.22468 -0.00241 -0.00194 0.58116 0.58213 
 0.38904 0.41898 0.41779 -0.23104 -0.22486 -0.00263 -0.00208 0.58133 0.58221 
 0.39004 0.41891 0.41771 -0.23123 -0.22503 -0.00286 -0.00222 0.58146 0.58229 
 0.39104 0.41879 0.41763 -0.23145 -0.22519 -0.00315 -0.00236 0.58160 0.58237 
 0.39204 0.41868 0.41753 -0.23161 -0.22536 -0.00341 -0.00250 0.58178 0.58247 
 0.39304 0.41851 0.41744 -0.23179 -0.22552 -0.00367 -0.00265 0.58197 0.58256 
 0.39404 0.41833 0.41734 -0.23193 -0.22568 -0.00386 -0.00279 0.58214 0.58266 
 0.39504 0.41810 0.41723 -0.23208 -0.22584 -0.00401 -0.00293 0.58228 0.58277 
 0.39604 0.41792 0.41711 -0.23222 -0.22600 -0.00418 -0.00308 0.58245 0.58289 
 0.39704 0.41771 0.41700 -0.23239 -0.22615 -0.00436 -0.00322 0.58260 0.58300 
 0.39804 0.41750 0.41687 -0.23257 -0.22631 -0.00449 -0.00336 0.58273 0.58313 
 0.39904 0.41724 0.41674 -0.23272 -0.22646 -0.00466 -0.00350 0.58290 0.58326 
 0.40004 0.41704 0.41661 -0.23291 -0.22661 -0.00484 -0.00364 0.58309 0.58339 
 0.40104 0.41681 0.41647 -0.23311 -0.22676 -0.00501 -0.00377 0.58326 0.58353 
 0.40204 0.41658 0.41632 -0.23330 -0.22691 -0.00517 -0.00390 0.58340 0.58368 
 0.40304 0.41637 0.41617 -0.23350 -0.22706 -0.00537 -0.00403 0.58359 0.58383 
 0.40404 0.41617 0.41602 -0.23367 -0.22720 -0.00555 -0.00416 0.58377 0.58398 
 0.40504 0.41595 0.41586 -0.23385 -0.22735 -0.00570 -0.00428 0.58392 0.58414 
 0.40604 0.41578 0.41570 -0.23395 -0.22749 -0.00581 -0.00440 0.58410 0.58430 
 0.40704 0.41559 0.41553 -0.23406 -0.22763 -0.00595 -0.00452 0.58431 0.58447 
 0.40804 0.41537 0.41536 -0.23419 -0.22777 -0.00609 -0.00463 0.58452 0.58464 
 0.40904 0.41513 0.41518 -0.23431 -0.22791 -0.00621 -0.00474 0.58474 0.58482 
 0.41004 0.41490 0.41500 -0.23440 -0.22805 -0.00630 -0.00484 0.58496 0.58500 
 0.41104 0.41463 0.41481 -0.23453 -0.22819 -0.00643 -0.00494 0.58517 0.58518 
 0.41204 0.41436 0.41463 -0.23460 -0.22832 -0.00652 -0.00503 0.58537 0.58537 
 0.41304 0.41410 0.41444 -0.23471 -0.22846 -0.00660 -0.00512 0.58556 0.58556 
 0.41404 0.41383 0.41424 -0.23482 -0.22859 -0.00666 -0.00521 0.58578 0.58576 
 0.41504 0.41355 0.41404 -0.23495 -0.22873 -0.00674 -0.00528 0.58601 0.58596 
 0.41604 0.41326 0.41384 -0.23509 -0.22886 -0.00679 -0.00536 0.58623 0.58616 
 0.41704 0.41298 0.41364 -0.23525 -0.22899 -0.00685 -0.00542 0.58650 0.58636 
 0.41804 0.41273 0.41343 -0.23538 -0.22912 -0.00688 -0.00549 0.58673 0.58657 
 0.41904 0.41248 0.41323 -0.23551 -0.22925 -0.00691 -0.00554 0.58697 0.58677 
 0.42004 0.41226 0.41302 -0.23565 -0.22939 -0.00694 -0.00559 0.58720 0.58698 
 0.42104 0.41201 0.41280 -0.23578 -0.22951 -0.00695 -0.00564 0.58747 0.58720 
 0.42204 0.41175 0.41259 -0.23594 -0.22964 -0.00695 -0.00568 0.58772 0.58741 
 0.42304 0.41149 0.41238 -0.23607 -0.22977 -0.00694 -0.00571 0.58795 0.58762 
 0.42404 0.41128 0.41216 -0.23619 -0.22990 -0.00692 -0.00574 0.58819 0.58784 
 0.42504 0.41105 0.41195 -0.23632 -0.23003 -0.00689 -0.00576 0.58844 0.58805 
 0.42604 0.41086 0.41173 -0.23644 -0.23015 -0.00682 -0.00578 0.58867 0.58827 
 0.42704 0.41063 0.41151 -0.23656 -0.23028 -0.00675 -0.00579 0.58892 0.58849 
 0.42804 0.41044 0.41129 -0.23670 -0.23041 -0.00667 -0.00580 0.58916 0.58871 
 0.42904 0.41023 0.41107 -0.23687 -0.23053 -0.00658 -0.00580 0.58941 0.58893 
 0.43004 0.40999 0.41085 -0.23704 -0.23066 -0.00651 -0.00580 0.58969 0.58915 
 0.43104 0.40973 0.41064 -0.23720 -0.23078 -0.00642 -0.00579 0.58997 0.58936 
 0.43204 0.40947 0.41042 -0.23736 -0.23091 -0.00635 -0.00577 0.59024 0.58958 
 0.43304 0.40921 0.41020 -0.23751 -0.23103 -0.00627 -0.00575 0.59050 0.58980 
 0.43404 0.40892 0.40998 -0.23765 -0.23116 -0.00619 -0.00573 0.59073 0.59002 
 0.43504 0.40866 0.40977 -0.23779 -0.23128 -0.00608 -0.00570 0.59098 0.59023 
 0.43604 0.40843 0.40956 -0.23793 -0.23140 -0.00596 -0.00567 0.59126 0.59044 
 0.43704 0.40820 0.40934 -0.23807 -0.23153 -0.00583 -0.00563 0.59154 0.59066 
 0.43804 0.40799 0.40913 -0.23825 -0.23165 -0.00572 -0.00559 0.59180 0.59087 
 0.43904 0.40775 0.40892 -0.23844 -0.23177 -0.00560 -0.00554 0.59206 0.59108 
 0.44004 0.40751 0.40871 -0.23863 -0.23189 -0.00550 -0.00549 0.59229 0.59129 
 0.44104 0.40729 0.40851 -0.23884 -0.23202 -0.00536 -0.00543 0.59249 0.59149 
 0.44204 0.40706 0.40830 -0.23905 -0.23214 -0.00522 -0.00538 0.59267 0.59170 
 0.44304 0.40682 0.40810 -0.23923 -0.23226 -0.00505 -0.00532 0.59287 0.59190 
 0.44404 0.40662 0.40790 -0.23940 -0.23238 -0.00491 -0.00525 0.59306 0.59210 
 0.44504 0.40642 0.40771 -0.23959 -0.23250 -0.00475 -0.00518 0.59323 0.59229 
 0.44604 0.40622 0.40751 -0.23978 -0.23262 -0.00461 -0.00511 0.59339 0.59249 
 0.44704 0.40602 0.40732 -0.23996 -0.23274 -0.00446 -0.00504 0.59355 0.59268 
 0.44804 0.40583 0.40713 -0.24014 -0.23286 -0.00432 -0.00496 0.59370 0.59287 
 0.44904 0.40565 0.40695 -0.24033 -0.23298 -0.00417 -0.00489 0.59384 0.59305 
 0.45005 0.40548 0.40676 -0.24052 -0.23310 -0.00403 -0.00481 0.59397 0.59323 
 0.45105 0.40533 0.40659 -0.24069 -0.23322 -0.00386 -0.00472 0.59413 0.59341 
 0.45205 0.40520 0.40641 -0.24087 -0.23334 -0.00370 -0.00464 0.59429 0.59359 
 0.45305 0.40507 0.40624 -0.24105 -0.23345 -0.00355 -0.00456 0.59444 0.59376 
 0.45405 0.40495 0.40607 -0.24122 -0.23357 -0.00340 -0.00447 0.59457 0.59393 
 0.45505 0.40483 0.40590 -0.24138 -0.23369 -0.00325 -0.00438 0.59469 0.59410 
 0.45605 0.40474 0.40574 -0.24158 -0.23381 -0.00311 -0.00429 0.59482 0.59426 
 0.45705 0.40465 0.40558 -0.24180 -0.23392 -0.00298 -0.00420 0.59492 0.59442 
 0.45805 0.40454 0.40542 -0.24202 -0.23404 -0.00285 -0.00411 0.59501 0.59458 
 0.45905 0.40442 0.40527 -0.24224 -0.23416 -0.00272 -0.00402 0.59510 0.59473 
 0.46005 0.40432 0.40512 -0.24246 -0.23427 -0.00259 -0.00393 0.59518 0.59488 
 0.46105 0.40422 0.40497 -0.24267 -0.23439 -0.00247 -0.00384 0.59525 0.59503 
 0.46205 0.40414 0.40483 -0.24286 -0.23450 -0.00234 -0.00375 0.59531 0.59517 
 0.46305 0.40405 0.40469 -0.24306 -0.23462 -0.00222 -0.00366 0.59538 0.59531 
 0.46405 0.40399 0.40455 -0.24325 -0.23473 -0.00208 -0.00358 0.59544 0.59545 
 0.46505 0.40390 0.40442 -0.24345 -0.23484 -0.00196 -0.00349 0.59552 0.59558 
 0.46605 0.40382 0.40429 -0.24365 -0.23496 -0.00183 -0.00340 0.59559 0.59571 
 0.46705 0.40374 0.40416 -0.24384 -0.23507 -0.00170 -0.00331 0.59566 0.59584 
 0.46805 0.40367 0.40404 -0.24403 -0.23518 -0.00157 -0.00323 0.59571 0.59596 
 0.46905 0.40361 0.40392 -0.24423 -0.23529 -0.00146 -0.00314 0.59577 0.59608 
 0.47005 0.40355 0.40380 -0.24444 -0.23540 -0.00136 -0.00306 0.59581 0.59620 
 0.47105 0.40349 0.40369 -0.24464 -0.23551 -0.00126 -0.00298 0.59584 0.59631 
 0.47205 0.40344 0.40358 -0.24485 -0.23562 -0.00117 -0.00290 0.59586 0.59642 
 0.47305 0.40339 0.40347 -0.24505 -0.23573 -0.00110 -0.00282 0.59591 0.59653 
 0.47405 0.40336 0.40336 -0.24528 -0.23584 -0.00104 -0.00275 0.59594 0.59664 
 0.47505 0.40330 0.40326 -0.24548 -0.23595 -0.00098 -0.00267 0.59596 0.59674 
 0.47605 0.40325 0.40316 -0.24567 -0.23605 -0.00091 -0.00260 0.59596 0.59684 
 0.47705 0.40319 0.40307 -0.24585 -0.23616 -0.00084 -0.00253 0.59597 0.59693 
 0.47805 0.40314 0.40297 -0.24603 -0.23627 -0.00076 -0.00246 0.59598 0.59703 
 0.47905 0.40310 0.40288 -0.24620 -0.23637 -0.00070 -0.00240 0.59598 0.59712 
 0.48005 0.40309 0.40279 -0.24636 -0.23647 -0.00064 -0.00233 0.59600 0.59721 
 0.48105 0.40309 0.40270 -0.24654 -0.23658 -0.00059 -0.00227 0.59602 0.59730 
 0.48205 0.40308 0.40262 -0.24674 -0.23668 -0.00053 -0.00221 0.59604 0.59738 
 0.48305 0.40305 0.40254 -0.24693 -0.23678 -0.00048 -0.00216 0.59604 0.59746 
 0.48405 0.40301 0.40246 -0.24711 -0.23689 -0.00042 -0.00211 0.59602 0.59754 
 0.48505 0.40296 0.40238 -0.24727 -0.23699 -0.00038 -0.00206 0.59603 0.59762 
 0.48605 0.40293 0.40230 -0.24743 -0.23708 -0.00035 -0.00201 0.59604 0.59770 
 0.48705 0.40290 0.40223 -0.24758 -0.23718 -0.00031 -0.00196 0.59605 0.59777 
 0.48805 0.40289 0.40215 -0.24774 -0.23728 -0.00029 -0.00192 0.59605 0.59785 
 0.48905 0.40288 0.40208 -0.24790 -0.23738 -0.00027 -0.00188 0.59606 0.59792 
 0.49005 0.40285 0.40201 -0.24807 -0.23748 -0.00026 -0.00184 0.59606 0.59799 
 0.49105 0.40281 0.40194 -0.24824 -0.23757 -0.00026 -0.00181 0.59605 0.59806 
 0.49205 0.40279 0.40188 -0.24840 -0.23767 -0.00025 -0.00177 0.59603 0.59812 
 0.49305 0.40277 0.40181 -0.24855 -0.23776 -0.00024 -0.00175 0.59602 0.59819 
 0.49405 0.40276 0.40175 -0.24870 -0.23786 -0.00025 -0.00172 0.59602 0.59825 
 0.49505 0.40274 0.40168 -0.24885 -0.23795 -0.00026 -0.00169 0.59603 0.59832 
 0.49605 0.40273 0.40162 -0.24900 -0.23804 -0.00028 -0.00167 0.59605 0.59838 
 0.49705 0.40272 0.40155 -0.24914 -0.23813 -0.00030 -0.00165 0.59606 0.59845 
 0.49805 0.40270 0.40149 -0.24928 -0.23822 -0.00033 -0.00164 0.59608 0.59851 
 0.49905 0.40267 0.40143 -0.24942 -0.23831 -0.00037 -0.00162 0.59607 0.59857 
 0.50005 0.40265 0.40137 -0.24955 -0.23840 -0.00041 -0.00161 0.59606 0.59863 
 0.50105 0.40262 0.40131 -0.24968 -0.23849 -0.00047 -0.00160 0.59607 0.59869 
 0.50205 0.40261 0.40125 -0.24980 -0.23858 -0.00052 -0.00159 0.59608 0.59875 
 0.50305 0.40258 0.40119 -0.24992 -0.23866 -0.00057 -0.00158 0.59608 0.59881 
 0.50405 0.40256 0.40113 -0.25003 -0.23875 -0.00062 -0.00158 0.59609 0.59887 
 0.50505 0.40254 0.40107 -0.25014 -0.23883 -0.00069 -0.00158 0.59612 0.59893 
 0.50605 0.40251 0.40101 -0.25025 -0.23892 -0.00076 -0.00158 0.59616 0.59899 
 0.50705 0.40247 0.40095 -0.25036 -0.23900 -0.00085 -0.00158 0.59619 0.59905 
 0.50805 0.40243 0.40089 -0.25047 -0.23908 -0.00093 -0.00159 0.59621 0.59911 
 0.50905 0.40238 0.40083 -0.25058 -0.23917 -0.00103 -0.00159 0.59624 0.59917 
 0.51005 0.40234 0.40077 -0.25068 -0.23925 -0.00111 -0.00160 0.59628 0.59923 
 0.51105 0.40230 0.40071 -0.25079 -0.23933 -0.00120 -0.00161 0.59633 0.59929 
 0.51205 0.40226 0.40065 -0.25090 -0.23941 -0.00128 -0.00162 0.59640 0.59935 
 0.51305 0.40221 0.40059 -0.25100 -0.23949 -0.00138 -0.00163 0.59647 0.59941 
 0.51405 0.40216 0.40053 -0.25110 -0.23956 -0.00147 -0.00164 0.59653 0.59947 
 0.51505 0.40210 0.40047 -0.25119 -0.23964 -0.00156 -0.00166 0.59658 0.59953 
 0.51605 0.40202 0.40040 -0.25127 -0.23972 -0.00164 -0.00167 0.59664 0.59960 
 0.51705 0.40194 0.40034 -0.25136 -0.23979 -0.00172 -0.00169 0.59670 0.59966 
 0.51805 0.40188 0.40028 -0.25145 -0.23987 -0.00181 -0.00171 0.59678 0.59972 
 0.51905 0.40182 0.40021 -0.25153 -0.23994 -0.00189 -0.00173 0.59688 0.59979 
 0.52005 0.40177 0.40015 -0.25161 -0.24002 -0.00197 -0.00175 0.59697 0.59985 
 0.52105 0.40170 0.40008 -0.25169 -0.24009 -0.00205 -0.00176 0.59706 0.59992 
 0.52205 0.40164 0.40001 -0.25177 -0.24016 -0.00212 -0.00179 0.59715 0.59999 
 0.52305 0.40156 0.39994 -0.25185 -0.24023 -0.00220 -0.00181 0.59724 0.60006 
 0.52405 0.40149 0.39988 -0.25192 -0.24030 -0.00227 -0.00183 0.59733 0.60012 
 0.52505 0.40139 0.39981 -0.25200 -0.24037 -0.00236 -0.00185 0.59742 0.60019 
 0.52605 0.40130 0.39974 -0.25208 -0.24044 -0.00245 -0.00187 0.59752 0.60026 
 0.52705 0.40120 0.39967 -0.25216 -0.24051 -0.00253 -0.00189 0.59763 0.60033 
 0.52805 0.40111 0.39959 -0.25223 -0.24058 -0.00261 -0.00191 0.59773 0.60040 
 0.52905 0.40102 0.39952 -0.25230 -0.24065 -0.00268 -0.00194 0.59784 0.60048 
 0.53005 0.40094 0.39945 -0.25236 -0.24072 -0.00275 -0.00196 0.59794 0.60055 
 0.53105 0.40084 0.39937 -0.25243 -0.24078 -0.00282 -0.00198 0.59805 0.60062 
 0.53205 0.40074 0.39930 -0.25248 -0.24085 -0.00289 -0.00200 0.59817 0.60070 
 0.53305 0.40062 0.39922 -0.25253 -0.24091 -0.00297 -0.00202 0.59829 0.60078 
 0.53405 0.40050 0.39915 -0.25258 -0.24098 -0.00304 -0.00204 0.59841 0.60085 
 0.53505 0.40038 0.39907 -0.25263 -0.24105 -0.00310 -0.00206 0.59854 0.60093 
 0.53605 0.40026 0.39899 -0.25267 -0.24111 -0.00316 -0.00208 0.59866 0.60101 
 0.53705 0.40013 0.39891 -0.25272 -0.24117 -0.00321 -0.00210 0.59878 0.60109 
 0.53805 0.40001 0.39883 -0.25277 -0.24124 -0.00325 -0.00212 0.59890 0.60117 
 0.53905 0.39989 0.39875 -0.25282 -0.24130 -0.00330 -0.00214 0.59903 0.60125 
 0.54005 0.39977 0.39867 -0.25288 -0.24136 -0.00334 -0.00216 0.59917 0.60133 
 0.54105 0.39964 0.39859 -0.25293 -0.24142 -0.00338 -0.00218 0.59931 0.60141 
 0.54205 0.39952 0.39851 -0.25299 -0.24148 -0.00342 -0.00219 0.59945 0.60149 
 0.54305 0.39939 0.39842 -0.25305 -0.24154 -0.00346 -0.00221 0.59959 0.60157 
 0.54405 0.39926 0.39834 -0.25311 -0.24160 -0.00349 -0.00222 0.59974 0.60166 
 0.54505 0.39912 0.39826 -0.25316 -0.24166 -0.00352 -0.00223 0.59988 0.60174 
 0.54605 0.39900 0.39817 -0.25321 -0.24172 -0.00354 -0.00225 0.60003 0.60183 
 0.54705 0.39886 0.39809 -0.25326 -0.24178 -0.00355 -0.00226 0.60019 0.60191 
 0.54805 0.39874 0.39800 -0.25332 -0.24184 -0.00357 -0.00227 0.60034 0.60200 
 0.54905 0.39860 0.39792 -0.25337 -0.24190 -0.00357 -0.00228 0.60050 0.60208 
 0.55006 0.39847 0.39783 -0.25342 -0.24196 -0.00357 -0.00229 0.60064 0.60217 
 0.55106 0.39832 0.39775 -0.25347 -0.24202 -0.00357 -0.00229 0.60079 0.60225 
 0.55206 0.39819 0.39766 -0.25351 -0.24207 -0.00356 -0.00230 0.60093 0.60234 
 0.55306 0.39805 0.39757 -0.25356 -0.24213 -0.00355 -0.00231 0.60108 0.60243 
 0.55406 0.39792 0.39748 -0.25360 -0.24219 -0.00353 -0.00231 0.60123 0.60252 
 0.55506 0.39779 0.39740 -0.25364 -0.24224 -0.00351 -0.00231 0.60137 0.60260 
 0.55606 0.39766 0.39731 -0.25370 -0.24230 -0.00350 -0.00232 0.60151 0.60269 
 0.55706 0.39752 0.39722 -0.25375 -0.24235 -0.00348 -0.00232 0.60166 0.60278 
 0.55806 0.39740 0.39714 -0.25380 -0.24241 -0.00345 -0.00232 0.60180 0.60286 
 0.55906 0.39727 0.39705 -0.25385 -0.24247 -0.00342 -0.00231 0.60194 0.60295 
 0.56006 0.39714 0.39696 -0.25391 -0.24252 -0.00338 -0.00231 0.60207 0.60304 
 0.56106 0.39701 0.39687 -0.25397 -0.24258 -0.00335 -0.00231 0.60221 0.60313 
 0.56206 0.39689 0.39679 -0.25402 -0.24263 -0.00330 -0.00230 0.60235 0.60321 
 0.56306 0.39677 0.39670 -0.25408 -0.24268 -0.00325 -0.00230 0.60250 0.60330 
 0.56406 0.39666 0.39661 -0.25413 -0.24274 -0.00320 -0.00229 0.60265 0.60338 
 0.56506 0.39654 0.39653 -0.25419 -0.24279 -0.00314 -0.00228 0.60279 0.60347 
 0.56606 0.39642 0.39644 -0.25426 -0.24284 -0.00308 -0.00228 0.60293 0.60356 
 0.56706 0.39630 0.39636 -0.25432 -0.24290 -0.00301 -0.00227 0.60306 0.60364 
 0.56806 0.39617 0.39627 -0.25439 -0.24295 -0.00294 -0.00225 0.60319 0.60373 
 0.56906 0.39605 0.39619 -0.25445 -0.24300 -0.00287 -0.00224 0.60331 0.60381 
 0.57006 0.39594 0.39610 -0.25452 -0.24305 -0.00279 -0.00223 0.60344 0.60390 
 0.57106 0.39583 0.39602 -0.25458 -0.24311 -0.00271 -0.00222 0.60356 0.60398 
 0.57206 0.39574 0.39594 -0.25466 -0.24316 -0.00262 -0.00220 0.60367 0.60406 
 0.57306 0.39563 0.39585 -0.25473 -0.24321 -0.00254 -0.00219 0.60378 0.60415 
 0.57406 0.39554 0.39577 -0.25480 -0.24326 -0.00246 -0.00217 0.60389 0.60423 
 0.57506 0.39544 0.39569 -0.25488 -0.24331 -0.00237 -0.00216 0.60399 0.60431 
 0.57606 0.39535 0.39561 -0.25496 -0.24336 -0.00229 -0.00214 0.60409 0.60439 
 0.57706 0.39527 0.39553 -0.25505 -0.24341 -0.00221 -0.00212 0.60420 0.60447 
 0.57806 0.39519 0.39545 -0.25513 -0.24346 -0.00212 -0.00210 0.60429 0.60455 
 0.57906 0.39511 0.39537 -0.25521 -0.24352 -0.00204 -0.00208 0.60438 0.60463 
 0.58006 0.39503 0.39529 -0.25530 -0.24357 -0.00196 -0.00206 0.60447 0.60471 
 0.58106 0.39496 0.39521 -0.25539 -0.24361 -0.00187 -0.00204 0.60454 0.60479 
 0.58206 0.39490 0.39514 -0.25547 -0.24366 -0.00178 -0.00202 0.60461 0.60486 
 0.58306 0.39483 0.39506 -0.25556 -0.24371 -0.00169 -0.00200 0.60468 0.60494 
 0.58406 0.39477 0.39499 -0.25566 -0.24376 -0.00160 -0.00198 0.60475 0.60501 
 0.58506 0.39471 0.39491 -0.25575 -0.24381 -0.00151 -0.00196 0.60481 0.60509 
 0.58606 0.39466 0.39484 -0.25584 -0.24386 -0.00142 -0.00194 0.60487 0.60516 
 0.58706 0.39460 0.39477 -0.25593 -0.24391 -0.00133 -0.00192 0.60492 0.60523 
 0.58806 0.39455 0.39470 -0.25602 -0.24396 -0.00123 -0.00189 0.60497 0.60530 
 0.58906 0.39450 0.39462 -0.25611 -0.24400 -0.00114 -0.00187 0.60502 0.60538 
 0.59006 0.39446 0.39455 -0.25621 -0.24405 -0.00105 -0.00185 0.60506 0.60545 
 0.59106 0.39442 0.39448 -0.25630 -0.24410 -0.00096 -0.00182 0.60509 0.60552 
 0.59206 0.39439 0.39442 -0.25641 -0.24415 -0.00088 -0.00180 0.60513 0.60558 
 0.59306 0.39436 0.39435 -0.25651 -0.24419 -0.00079 -0.00178 0.60516 0.60565 
 0.59406 0.39433 0.39428 -0.25662 -0.24424 -0.00070 -0.00176 0.60518 0.60572 
 0.59506 0.39431 0.39422 -0.25672 -0.24429 -0.00063 -0.00173 0.60521 0.60578 
 0.59606 0.39429 0.39415 -0.25682 -0.24433 -0.00055 -0.00171 0.60523 0.60585 
 0.59706 0.39426 0.39409 -0.25693 -0.24438 -0.00048 -0.00169 0.60524 0.60591 
 0.59806 0.39424 0.39403 -0.25704 -0.24443 -0.00041 -0.00166 0.60525 0.60598 
 0.59906 0.39422 0.39396 -0.25714 -0.24447 -0.00034 -0.00164 0.60526 0.60604 
 0.60006 0.39421 0.39390 -0.25726 -0.24452 -0.00028 -0.00162 0.60527 0.60610 
 0.60106 0.39419 0.39384 -0.25737 -0.24456 -0.00022 -0.00160 0.60527 0.60616 
 0.60206 0.39418 0.39378 -0.25748 -0.24461 -0.00017 -0.00157 0.60527 0.60622 
 0.60306 0.39416 0.39372 -0.25759 -0.24465 -0.00011 -0.00155 0.60527 0.60628 
 0.60406 0.39415 0.39366 -0.25770 -0.24470 -0.00006 -0.00153 0.60527 0.60634 
 0.60506 0.39414 0.39361 -0.25780 -0.24474 -0.00001 -0.00151 0.60527 0.60639 
 0.60606 0.39414 0.39355 -0.25791 -0.24478 0.00004 -0.00149 0.60526 0.60645 
 0.60706 0.39414 0.39349 -0.25802 -0.24483 0.00009 -0.00147 0.60526 0.60650 
 0.60806 0.39414 0.39344 -0.25813 -0.24487 0.00013 -0.00145 0.60526 0.60656 
 0.60906 0.39414 0.39338 -0.25824 -0.24491 0.00017 -0.00143 0.60525 0.60662 
 0.61006 0.39414 0.39333 -0.25835 -0.24496 0.00020 -0.00141 0.60523 0.60667 
 0.61106 0.39415 0.39328 -0.25847 -0.24500 0.00023 -0.00139 0.60521 0.60672 
 0.61206 0.39416 0.39323 -0.25859 -0.24504 0.00026 -0.00137 0.60518 0.60677 
 0.61306 0.39418 0.39318 -0.25870 -0.24508 0.00029 -0.00136 0.60516 0.60682 
 0.61406 0.39420 0.39313 -0.25882 -0.24512 0.00031 -0.00134 0.60514 0.60688 
 0.61506 0.39422 0.39308 -0.25894 -0.24517 0.00032 -0.00132 0.60513 0.60693 
 0.61606 0.39423 0.39303 -0.25905 -0.24521 0.00033 -0.00131 0.60511 0.60698 
 0.61706 0.39424 0.39298 -0.25917 -0.24525 0.00034 -0.00129 0.60509 0.60702 
 0.61806 0.39426 0.39293 -0.25928 -0.24529 0.00035 -0.00128 0.60506 0.60707 
 0.61906 0.39427 0.39288 -0.25940 -0.24533 0.00035 -0.00126 0.60504 0.60712 
 0.62006 0.39429 0.39283 -0.25951 -0.24537 0.00035 -0.00125 0.60502 0.60717 
 0.62106 0.39431 0.39279 -0.25962 -0.24541 0.00035 -0.00123 0.60500 0.60721 
 0.62206 0.39433 0.39274 -0.25973 -0.24545 0.00034 -0.00122 0.60499 0.60726 
 0.62306 0.39434 0.39269 -0.25984 -0.24549 0.00032 -0.00121 0.60497 0.60731 
 0.62406 0.39436 0.39265 -0.25995 -0.24553 0.00031 -0.00120 0.60496 0.60735 
 0.62506 0.39438 0.39260 -0.26006 -0.24556 0.00029 -0.00119 0.60494 0.60740 
 0.62606 0.39440 0.39256 -0.26016 -0.24560 0.00026 -0.00118 0.60492 0.60744 
 0.62706 0.39441 0.39252 -0.26027 -0.24564 0.00023 -0.00116 0.60490 0.60749 
 0.62806 0.39442 0.39247 -0.26037 -0.24568 0.00020 -0.00116 0.60489 0.60753 
 0.62906 0.39443 0.39243 -0.26046 -0.24572 0.00017 -0.00115 0.60488 0.60757 
 0.63006 0.39444 0.39238 -0.26055 -0.24575 0.00013 -0.00114 0.60488 0.60762 
 0.63106 0.39444 0.39234 -0.26064 -0.24579 0.00009 -0.00113 0.60487 0.60766 
 0.63206 0.39445 0.39230 -0.26073 -0.24583 0.00005 -0.00112 0.60487 0.60770 
 0.63306 0.39445 0.39226 -0.26082 -0.24586 0.00000 -0.00112 0.60487 0.60774 
 0.63406 0.39445 0.39222 -0.26091 -0.24590 -0.00005 -0.00111 0.60487 0.60778 
 0.63506 0.39445 0.39217 -0.26099 -0.24593 -0.00010 -0.00110 0.60488 0.60783 
 0.63606 0.39445 0.39213 -0.26108 -0.24597 -0.00015 -0.00110 0.60489 0.60787 
 0.63706 0.39444 0.39209 -0.26116 -0.24601 -0.00021 -0.00109 0.60490 0.60791 
 0.63806 0.39443 0.39205 -0.26124 -0.24604 -0.00027 -0.00109 0.60491 0.60795 
 0.63906 0.39442 0.39201 -0.26132 -0.24607 -0.00033 -0.00108 0.60491 0.60799 
 0.64006 0.39441 0.39197 -0.26140 -0.24611 -0.00039 -0.00108 0.60493 0.60803 
 0.64106 0.39439 0.39193 -0.26148 -0.24614 -0.00045 -0.00108 0.60495 0.60807 
 0.64206 0.39438 0.39189 -0.26155 -0.24618 -0.00052 -0.00107 0.60497 0.60811 
 0.64306 0.39436 0.39185 -0.26163 -0.24621 -0.00059 -0.00107 0.60499 0.60815 
 0.64406 0.39433 0.39181 -0.26170 -0.24624 -0.00066 -0.00107 0.60502 0.60819 
 0.64506 0.39431 0.39177 -0.26177 -0.24628 -0.00073 -0.00107 0.60505 0.60823 
 0.64606 0.39428 0.39173 -0.26184 -0.24631 -0.00080 -0.00106 0.60509 0.60827 
 0.64706 0.39425 0.39169 -0.26191 -0.24634 -0.00087 -0.00106 0.60512 0.60831 
 0.64806 0.39421 0.39165 -0.26197 -0.24638 -0.00094 -0.00106 0.60516 0.60835 
 0.64906 0.39418 0.39161 -0.26203 -0.24641 -0.00101 -0.00106 0.60520 0.60839 
 0.65007 0.39414 0.39157 -0.26209 -0.24644 -0.00108 -0.00106 0.60525 0.60843 
 0.65107 0.39411 0.39153 -0.26214 -0.24647 -0.00115 -0.00106 0.60530 0.60847 
 0.65207 0.39406 0.39149 -0.26220 -0.24650 -0.00122 -0.00106 0.60535 0.60851 
 0.65307 0.39402 0.39145 -0.26226 -0.24653 -0.00129 -0.00106 0.60540 0.60855 
 0.65407 0.39397 0.39141 -0.26231 -0.24656 -0.00136 -0.00106 0.60545 0.60859 
 0.65507 0.39391 0.39137 -0.26236 -0.24659 -0.00142 -0.00106 0.60551 0.60863 
 0.65607 0.39386 0.39133 -0.26240 -0.24663 -0.00149 -0.00106 0.60556 0.60867 
 0.65707 0.39380 0.39129 -0.26244 -0.24666 -0.00155 -0.00106 0.60562 0.60871 
 0.65807 0.39374 0.39125 -0.26247 -0.24668 -0.00161 -0.00106 0.60569 0.60875 
 0.65907 0.39368 0.39121 -0.26251 -0.24671 -0.00167 -0.00106 0.60576 0.60879 
 0.66007 0.39362 0.39117 -0.26254 -0.24674 -0.00173 -0.00106 0.60583 0.60883 
 0.66107 0.39355 0.39113 -0.26258 -0.24677 -0.00179 -0.00106 0.60590 0.60887 
 0.66207 0.39348 0.39109 -0.26261 -0.24680 -0.00184 -0.00107 0.60597 0.60891 
 0.66307 0.39341 0.39105 -0.26264 -0.24683 -0.00190 -0.00107 0.60605 0.60895 
 0.66407 0.39334 0.39101 -0.26266 -0.24686 -0.00195 -0.00107 0.60613 0.60899 
 0.66507 0.39327 0.39097 -0.26269 -0.24689 -0.00200 -0.00107 0.60621 0.60903 
 0.66607 0.39319 0.39093 -0.26272 -0.24692 -0.00205 -0.00107 0.60629 0.60907 
 0.66707 0.39312 0.39089 -0.26274 -0.24694 -0.00210 -0.00107 0.60638 0.60911 
 0.66807 0.39303 0.39085 -0.26277 -0.24697 -0.00214 -0.00107 0.60646 0.60915 
 0.66907 0.39295 0.39081 -0.26279 -0.24700 -0.00218 -0.00107 0.60655 0.60919 
 0.67007 0.39286 0.39076 -0.26282 -0.24703 -0.00223 -0.00107 0.60664 0.60923 
 0.67107 0.39277 0.39072 -0.26284 -0.24705 -0.00227 -0.00107 0.60673 0.60928 
 0.67207 0.39269 0.39068 -0.26286 -0.24708 -0.00230 -0.00107 0.60682 0.60932 
 0.67307 0.39260 0.39064 -0.26288 -0.24711 -0.00233 -0.00107 0.60692 0.60936 
 0.67407 0.39252 0.39060 -0.26290 -0.24713 -0.00236 -0.00107 0.60702 0.60940 
 0.67507 0.39243 0.39056 -0.26291 -0.24716 -0.00239 -0.00107 0.60712 0.60944 
 0.67607 0.39234 0.39052 -0.26293 -0.24719 -0.00242 -0.00107 0.60722 0.60948 
 0.67707 0.39225 0.39048 -0.26295 -0.24721 -0.00244 -0.00107 0.60732 0.60952 
 0.67807 0.39215 0.39044 -0.26296 -0.24724 -0.00246 -0.00107 0.60742 0.60956 
 0.67907 0.39206 0.39040 -0.26297 -0.24726 -0.00248 -0.00107 0.60753 0.60960 
 0.68007 0.39197 0.39036 -0.26299 -0.24729 -0.00249 -0.00107 0.60763 0.60964 
 0.68107 0.39188 0.39032 -0.26300 -0.24732 -0.00250 -0.00107 0.60774 0.60968 
 0.68207 0.39179 0.39028 -0.26301 -0.24734 -0.00250 -0.00107 0.60784 0.60972 
 0.68307 0.39169 0.39024 -0.26302 -0.24737 -0.00251 -0.00107 0.60795 0.60976 
 0.68407 0.39160 0.39020 -0.26303 -0.24739 -0.00251 -0.00107 0.60805 0.60980 
 0.68507 0.39151 0.39016 -0.26305 -0.24741 -0.00250 -0.00107 0.60816 0.60984 
 0.68607 0.39141 0.39012 -0.26306 -0.24744 -0.00250 -0.00106 0.60826 0.60988 
 0.68707 0.39132 0.39008 -0.26307 -0.24746 -0.00249 -0.00106 0.60836 0.60992 
 0.68807 0.39122 0.39004 -0.26309 -0.24749 -0.00247 -0.00106 0.60846 0.60996 
 0.68907 0.39113 0.39000 -0.26310 -0.24751 -0.00246 -0.00106 0.60856 0.61000 
 0.69007 0.39104 0.38996 -0.26311 -0.24754 -0.00244 -0.00105 0.60867 0.61004 
 0.69107 0.39095 0.38992 -0.26312 -0.24756 -0.00242 -0.00105 0.60877 0.61008 
 0.69207 0.39086 0.38988 -0.26314 -0.24758 -0.00239 -0.00105 0.60887 0.61012 
 0.69307 0.39077 0.38984 -0.26315 -0.24761 -0.00236 -0.00104 0.60897 0.61016 
 0.69407 0.39069 0.38980 -0.26317 -0.24763 -0.00233 -0.00104 0.60906 0.61020 
 0.69507 0.39060 0.38976 -0.26318 -0.24765 -0.00229 -0.00104 0.60916 0.61024 
 0.69607 0.39052 0.38972 -0.26320 -0.24768 -0.00225 -0.00103 0.60925 0.61028 
 0.69707 0.39043 0.38969 -0.26321 -0.24770 -0.00221 -0.00103 0.60935 0.61032 
 0.69807 0.39036 0.38965 -0.26323 -0.24772 -0.00217 -0.00102 0.60944 0.61035 
 0.69907 0.39028 0.38961 -0.26325 -0.24774 -0.00213 -0.00102 0.60953 0.61039 
 0.70007 0.39020 0.38957 -0.26327 -0.24777 -0.00209 -0.00102 0.60961 0.61043 
 0.70107 0.39013 0.38953 -0.26329 -0.24779 -0.00204 -0.00101 0.60970 0.61047 
 0.70207 0.39005 0.38949 -0.26331 -0.24781 -0.00199 -0.00101 0.60978 0.61051 
 0.70307 0.38998 0.38946 -0.26333 -0.24783 -0.00194 -0.00100 0.60986 0.61054 
 0.70407 0.38992 0.38942 -0.26335 -0.24786 -0.00188 -0.00100 0.60994 0.61058 
 0.70507 0.38985 0.38938 -0.26338 -0.24788 -0.00182 -0.00099 0.61001 0.61062 
 0.70607 0.38979 0.38934 -0.26340 -0.24790 -0.00176 -0.00098 0.61008 0.61066 
 0.70707 0.38973 0.38931 -0.26343 -0.24792 -0.00170 -0.00098 0.61014 0.61069 
 0.70807 0.38968 0.38927 -0.26345 -0.24794 -0.00164 -0.00097 0.61021 0.61073 
 0.70907 0.38962 0.38923 -0.26348 -0.24797 -0.00157 -0.00097 0.61027 0.61077 
 0.71007 0.38957 0.38920 -0.26352 -0.24799 -0.00151 -0.00096 0.61033 0.61080 
 0.71107 0.38952 0.38916 -0.26355 -0.24801 -0.00144 -0.00095 0.61038 0.61084 
 0.71207 0.38947 0.38912 -0.26358 -0.24803 -0.00137 -0.00095 0.61044 0.61087 
 0.71307 0.38943 0.38909 -0.26362 -0.24805 -0.00130 -0.00094 0.61049 0.61091 
 0.71407 0.38938 0.38905 -0.26365 -0.24807 -0.00123 -0.00093 0.61053 0.61094 
 0.71507 0.38934 0.38902 -0.26369 -0.24809 -0.00116 -0.00093 0.61058 0.61098 
 0.71607 0.38931 0.38899 -0.26373 -0.24811 -0.00108 -0.00092 0.61062 0.61101 
 0.71707 0.38927 0.38895 -0.26377 -0.24813 -0.00101 -0.00091 0.61066 0.61105 
 0.71807 0.38924 0.38892 -0.26382 -0.24815 -0.00094 -0.00091 0.61070 0.61108 
 0.71907 0.38921 0.38888 -0.26386 -0.24818 -0.00087 -0.00090 0.61073 0.61112 
 0.72007 0.38919 0.38885 -0.26391 -0.24819 -0.00080 -0.00089 0.61077 0.61115 
 0.72107 0.38916 0.38882 -0.26396 -0.24822 -0.00073 -0.00089 0.61079 0.61118 
 0.72207 0.38914 0.38878 -0.26401 -0.24824 -0.00065 -0.00088 0.61081 0.61122 
 0.72307 0.38912 0.38875 -0.26407 -0.24826 -0.00058 -0.00087 0.61084 0.61125 
 0.72407 0.38911 0.38872 -0.26412 -0.24827 -0.00052 -0.00086 0.61085 0.61128 
 0.72507 0.38910 0.38868 -0.26418 -0.24829 -0.00045 -0.00086 0.61087 0.61132 
 0.72607 0.38910 0.38865 -0.26423 -0.24832 -0.00038 -0.00085 0.61088 0.61135 
 0.72707 0.38909 0.38862 -0.26429 -0.24833 -0.00032 -0.00084 0.61089 0.61138 
 0.72807 0.38909 0.38859 -0.26435 -0.24835 -0.00025 -0.00084 0.61090 0.61141 
 0.72907 0.38909 0.38856 -0.26441 -0.24837 -0.00019 -0.00083 0.61091 0.61144 
 0.73007 0.38909 0.38853 -0.26447 -0.24839 -0.00013 -0.00082 0.61091 0.61147 
 0.73107 0.38910 0.38849 -0.26454 -0.24841 -0.00007 -0.00081 0.61091 0.61150 
 0.73207 0.38910 0.38846 -0.26460 -0.24843 -0.00001 -0.00081 0.61090 0.61154 
 0.73307 0.38912 0.38843 -0.26466 -0.24845 0.00005 -0.00080 0.61090 0.61157 
 0.73407 0.38913 0.38840 -0.26473 -0.24847 0.00010 -0.00079 0.61090 0.61160 
 0.73507 0.38915 0.38837 -0.26480 -0.24849 0.00015 -0.00079 0.61089 0.61163 
 0.73607 0.38916 0.38834 -0.26487 -0.24851 0.00020 -0.00078 0.61087 0.61165 
 0.73707 0.38918 0.38832 -0.26494 -0.24852 0.00025 -0.00077 0.61086 0.61169 
 0.73807 0.38920 0.38829 -0.26501 -0.24854 0.00029 -0.00077 0.61084 0.61171 
 0.73907 0.38922 0.38826 -0.26508 -0.24856 0.00033 -0.00076 0.61083 0.61174 
 0.74007 0.38924 0.38823 -0.26516 -0.24858 0.00037 -0.00075 0.61081 0.61177 
 0.74107 0.38927 0.38820 -0.26523 -0.24860 0.00041 -0.00075 0.61079 0.61180 
 0.74207 0.38929 0.38817 -0.26531 -0.24861 0.00044 -0.00074 0.61077 0.61183 
 0.74307 0.38932 0.38815 -0.26539 -0.24863 0.00047 -0.00073 0.61075 0.61186 
 0.74407 0.38934 0.38812 -0.26546 -0.24865 0.00050 -0.00073 0.61072 0.61188 
 0.74507 0.38937 0.38809 -0.26554 -0.24867 0.00052 -0.00072 0.61070 0.61191 
 0.74607 0.38940 0.38806 -0.26562 -0.24868 0.00054 -0.00072 0.61067 0.61194 
 0.74707 0.38943 0.38804 -0.26570 -0.24870 0.00056 -0.00071 0.61065 0.61196 
 0.74807 0.38946 0.38801 -0.26578 -0.24872 0.00057 -0.00070 0.61062 0.61199 
 0.74907 0.38949 0.38798 -0.26586 -0.24874 0.00059 -0.00070 0.61060 0.61202 
 0.75008 0.38952 0.38796 -0.26594 -0.24875 0.00060 -0.00069 0.61058 0.61204 
 0.75108 0.38955 0.38793 -0.26601 -0.24877 0.00060 -0.00069 0.61055 0.61207 
 0.75208 0.38959 0.38791 -0.26609 -0.24879 0.00060 -0.00068 0.61053 0.61209 
 0.75308 0.38962 0.38788 -0.26617 -0.24880 0.00060 -0.00068 0.61051 0.61212 
 0.75408 0.38965 0.38786 -0.26625 -0.24882 0.00060 -0.00067 0.61048 0.61215 
 0.75508 0.38967 0.38783 -0.26633 -0.24884 0.00059 -0.00067 0.61046 0.61217 
 0.75608 0.38970 0.38780 -0.26641 -0.24885 0.00058 -0.00066 0.61043 0.61220 
 0.75708 0.38973 0.38778 -0.26649 -0.24887 0.00057 -0.00066 0.61041 0.61222 
 0.75808 0.38975 0.38776 -0.26656 -0.24888 0.00056 -0.00065 0.61039 0.61225 
 0.75908 0.38978 0.38773 -0.26664 -0.24890 0.00054 -0.00065 0.61037 0.61227 
 0.76008 0.38980 0.38771 -0.26672 -0.24891 0.00052 -0.00064 0.61035 0.61229 
 0.76108 0.38983 0.38768 -0.26679 -0.24893 0.00049 -0.00064 0.61033 0.61232 
 0.76208 0.38985 0.38766 -0.26687 -0.24895 0.00047 -0.00064 0.61031 0.61234 
 0.76308 0.38987 0.38763 -0.26694 -0.24896 0.00044 -0.00063 0.61029 0.61237 
 0.76408 0.38990 0.38761 -0.26702 -0.24898 0.00041 -0.00063 0.61028 0.61239 
 0.76508 0.38992 0.38759 -0.26709 -0.24899 0.00038 -0.00062 0.61026 0.61241 
 0.76608 0.38994 0.38756 -0.26716 -0.24901 0.00034 -0.00062 0.61025 0.61244 
 0.76708 0.38995 0.38754 -0.26723 -0.24902 0.00030 -0.00062 0.61023 0.61246 
 0.76808 0.38997 0.38752 -0.26730 -0.24904 0.00026 -0.00061 0.61022 0.61248 
 0.76908 0.38998 0.38749 -0.26737 -0.24905 0.00022 -0.00061 0.61021 0.61251 
 0.77008 0.38999 0.38747 -0.26744 -0.24907 0.00018 -0.00061 0.61020 0.61253 
 0.77108 0.39000 0.38745 -0.26750 -0.24908 0.00013 -0.00060 0.61019 0.61255 
 0.77208 0.39001 0.38743 -0.26757 -0.24910 0.00009 -0.00060 0.61019 0.61257 
 0.77308 0.39001 0.38740 -0.26763 -0.24911 0.00004 -0.00060 0.61018 0.61260 
 0.77408 0.39001 0.38738 -0.26769 -0.24913 -0.00001 -0.00060 0.61018 0.61262 
 0.77508 0.39002 0.38736 -0.26775 -0.24914 -0.00006 -0.00059 0.61018 0.61264 
 0.77608 0.39002 0.38733 -0.26781 -0.24915 -0.00011 -0.00059 0.61018 0.61267 
 0.77708 0.39002 0.38731 -0.26787 -0.24917 -0.00017 -0.00059 0.61018 0.61269 
 0.77808 0.39001 0.38729 -0.26793 -0.24918 -0.00022 -0.00059 0.61019 0.61271 
 0.77908 0.39001 0.38727 -0.26799 -0.24920 -0.00027 -0.00058 0.61019 0.61273 
 0.78008 0.39000 0.38725 -0.26804 -0.24921 -0.00033 -0.00058 0.61020 0.61275 
 0.78108 0.38999 0.38722 -0.26809 -0.24922 -0.00039 -0.00058 0.61022 0.61277 
 0.78208 0.38998 0.38720 -0.26814 -0.24924 -0.00044 -0.00058 0.61023 0.61280 
 0.78308 0.38997 0.38718 -0.26819 -0.24925 -0.00050 -0.00058 0.61025 0.61282 
 0.78408 0.38995 0.38716 -0.26824 -0.24926 -0.00056 -0.00057 0.61027 0.61284 
 0.78508 0.38993 0.38714 -0.26829 -0.24928 -0.00062 -0.00057 0.61029 0.61286 
 0.78608 0.38991 0.38712 -0.26833 -0.24929 -0.00068 -0.00057 0.61032 0.61288 
 0.78708 0.38988 0.38710 -0.26837 -0.24930 -0.00073 -0.00057 0.61035 0.61291 
 0.78808 0.38986 0.38707 -0.26841 -0.24932 -0.00079 -0.00057 0.61038 0.61293 
 0.78908 0.38983 0.38705 -0.26845 -0.24933 -0.00085 -0.00056 0.61041 0.61295 
 0.79008 0.38980 0.38703 -0.26849 -0.24934 -0.00091 -0.00056 0.61044 0.61297 
 0.79108 0.38977 0.38701 -0.26852 -0.24935 -0.00096 -0.00056 0.61048 0.61299 
 0.79208 0.38973 0.38699 -0.26856 -0.24937 -0.00102 -0.00056 0.61052 0.61301 
 0.79308 0.38969 0.38697 -0.26859 -0.24938 -0.00108 -0.00056 0.61056 0.61303 
 0.79408 0.38965 0.38695 -0.26862 -0.24939 -0.00113 -0.00056 0.61061 0.61305 
 0.79508 0.38961 0.38693 -0.26865 -0.24940 -0.00119 -0.00055 0.61065 0.61307 
 0.79608 0.38956 0.38690 -0.26868 -0.24942 -0.00124 -0.00055 0.61070 0.61309 
 0.79708 0.38951 0.38688 -0.26871 -0.24943 -0.00129 -0.00055 0.61075 0.61311 
 0.79808 0.38947 0.38686 -0.26873 -0.24944 -0.00134 -0.00055 0.61081 0.61314 
 0.79908 0.38942 0.38684 -0.26876 -0.24945 -0.00139 -0.00055 0.61086 0.61316 
 0.80008 0.38936 0.38682 -0.26878 -0.24947 -0.00144 -0.00055 0.61092 0.61318 
 0.80108 0.38931 0.38680 -0.26880 -0.24948 -0.00148 -0.00054 0.61098 0.61320 
 0.80208 0.38926 0.38678 -0.26882 -0.24949 -0.00153 -0.00054 0.61104 0.61322 
 0.80308 0.38920 0.38676 -0.26884 -0.24950 -0.00157 -0.00054 0.61110 0.61324 
 0.80408 0.38914 0.38674 -0.26885 -0.24951 -0.00161 -0.00054 0.61117 0.61326 
 0.80508 0.38909 0.38672 -0.26887 -0.24952 -0.00165 -0.00054 0.61124 0.61328 
 0.80608 0.38903 0.38670 -0.26888 -0.24954 -0.00169 -0.00054 0.61131 0.61330 
 0.80708 0.38897 0.38668 -0.26890 -0.24955 -0.00172 -0.00053 0.61138 0.61332 
 0.80808 0.38890 0.38666 -0.26891 -0.24956 -0.00176 -0.00053 0.61145 0.61334 
 0.80908 0.38884 0.38664 -0.26893 -0.24957 -0.00179 -0.00053 0.61152 0.61336 
 0.81008 0.38878 0.38662 -0.26894 -0.24958 -0.00182 -0.00053 0.61159 0.61338 
 0.81108 0.38871 0.38660 -0.26895 -0.24959 -0.00184 -0.00053 0.61167 0.61340 
 0.81208 0.38864 0.38658 -0.26896 -0.24960 -0.00187 -0.00053 0.61174 0.61342 
 0.81308 0.38857 0.38656 -0.26897 -0.24962 -0.00189 -0.00052 0.61182 0.61344 
 0.81408 0.38851 0.38654 -0.26898 -0.24963 -0.00191 -0.00052 0.61190 0.61346 
 0.81508 0.38844 0.38652 -0.26899 -0.24964 -0.00192 -0.00052 0.61198 0.61348 
 0.81608 0.38837 0.38650 -0.26900 -0.24965 -0.00194 -0.00052 0.61206 0.61350 
 0.81708 0.38829 0.38648 -0.26901 -0.24966 -0.00195 -0.00052 0.61214 0.61352 
 0.81808 0.38822 0.38646 -0.26901 -0.24967 -0.00196 -0.00052 0.61222 0.61354 
 0.81908 0.38815 0.38644 -0.26902 -0.24968 -0.00197 -0.00051 0.61230 0.61356 
 0.82008 0.38808 0.38642 -0.26903 -0.24969 -0.00198 -0.00051 0.61238 0.61358 
 0.82108 0.38800 0.38640 -0.26904 -0.24970 -0.00198 -0.00051 0.61246 0.61360 
 0.82208 0.38793 0.38638 -0.26904 -0.24971 -0.00198 -0.00051 0.61254 0.61362 
 0.82308 0.38786 0.38637 -0.26905 -0.24972 -0.00198 -0.00051 0.61262 0.61363 
 0.82408 0.38779 0.38635 -0.26905 -0.24973 -0.00198 -0.00050 0.61270 0.61365 
 0.82508 0.38772 0.38633 -0.26906 -0.24974 -0.00197 -0.00050 0.61278 0.61367 
 0.82608 0.38765 0.38631 -0.26906 -0.24975 -0.00196 -0.00050 0.61286 0.61369 
 0.82708 0.38758 0.38629 -0.26907 -0.24976 -0.00195 -0.00050 0.61294 0.61371 
 0.82808 0.38751 0.38627 -0.26907 -0.24977 -0.00194 -0.00050 0.61302 0.61373 
 0.82908 0.38745 0.38625 -0.26908 -0.24978 -0.00192 -0.00049 0.61310 0.61375 
 0.83008 0.38738 0.38623 -0.26908 -0.24979 -0.00191 -0.00049 0.61317 0.61377 
 0.83108 0.38731 0.38622 -0.26909 -0.24980 -0.00188 -0.00049 0.61325 0.61378 
 0.83208 0.38725 0.38620 -0.26910 -0.24981 -0.00186 -0.00049 0.61332 0.61380 
 0.83308 0.38719 0.38618 -0.26910 -0.24982 -0.00184 -0.00048 0.61340 0.61382 
 0.83408 0.38713 0.38616 -0.26911 -0.24983 -0.00181 -0.00048 0.61347 0.61384 
 0.83508 0.38707 0.38614 -0.26912 -0.24984 -0.00178 -0.00048 0.61354 0.61386 
 0.83608 0.38701 0.38612 -0.26913 -0.24985 -0.00175 -0.00048 0.61361 0.61387 
 0.83708 0.38695 0.38611 -0.26914 -0.24986 -0.00171 -0.00047 0.61368 0.61389 
 0.83808 0.38689 0.38609 -0.26915 -0.24987 -0.00168 -0.00047 0.61375 0.61391 
 0.83908 0.38684 0.38607 -0.26916 -0.24988 -0.00164 -0.00047 0.61381 0.61393 
 0.84008 0.38678 0.38605 -0.26917 -0.24989 -0.00160 -0.00047 0.61387 0.61395 
 0.84108 0.38673 0.38604 -0.26919 -0.24990 -0.00155 -0.00046 0.61393 0.61396 
 0.84208 0.38668 0.38602 -0.26920 -0.24990 -0.00151 -0.00046 0.61399 0.61398 
 0.84308 0.38663 0.38600 -0.26921 -0.24991 -0.00146 -0.00046 0.61405 0.61400 
 0.84408 0.38659 0.38599 -0.26923 -0.24992 -0.00141 -0.00046 0.61411 0.61401 
 0.84508 0.38654 0.38597 -0.26924 -0.24993 -0.00136 -0.00045 0.61417 0.61403 
 0.84608 0.38650 0.38595 -0.26926 -0.24994 -0.00131 -0.00045 0.61422 0.61405 
 0.84708 0.38646 0.38593 -0.26928 -0.24995 -0.00126 -0.00045 0.61427 0.61407 
 0.84808 0.38642 0.38592 -0.26930 -0.24996 -0.00121 -0.00045 0.61431 0.61408 
 0.84908 0.38639 0.38590 -0.26932 -0.24997 -0.00116 -0.00044 0.61436 0.61410 
 0.85009 0.38635 0.38588 -0.26934 -0.24998 -0.00110 -0.00044 0.61440 0.61412 
 0.85109 0.38632 0.38587 -0.26936 -0.24999 -0.00105 -0.00044 0.61444 0.61413 
 0.85209 0.38629 0.38585 -0.26939 -0.24999 -0.00099 -0.00043 0.61448 0.61415 
 0.85309 0.38627 0.38583 -0.26941 -0.25000 -0.00093 -0.00043 0.61452 0.61417 
 0.85409 0.38624 0.38582 -0.26944 -0.25001 -0.00088 -0.00043 0.61455 0.61418 
 0.85509 0.38622 0.38580 -0.26947 -0.25002 -0.00082 -0.00043 0.61458 0.61420 
 0.85609 0.38620 0.38579 -0.26950 -0.25003 -0.00076 -0.00042 0.61461 0.61421 
 0.85709 0.38618 0.38577 -0.26953 -0.25004 -0.00071 -0.00042 0.61464 0.61423 
 0.85809 0.38617 0.38575 -0.26956 -0.25005 -0.00065 -0.00042 0.61466 0.61425 
 0.85909 0.38615 0.38574 -0.26959 -0.25005 -0.00059 -0.00041 0.61469 0.61426 
 0.86009 0.38614 0.38572 -0.26963 -0.25006 -0.00054 -0.00041 0.61471 0.61428 
 0.86109 0.38613 0.38571 -0.26966 -0.25007 -0.00048 -0.00041 0.61473 0.61429 
 0.86209 0.38612 0.38569 -0.26970 -0.25008 -0.00043 -0.00041 0.61474 0.61431 
 0.86309 0.38612 0.38568 -0.26974 -0.25009 -0.00038 -0.00040 0.61476 0.61432 
 0.86409 0.38611 0.38566 -0.26978 -0.25010 -0.00032 -0.00040 0.61477 0.61434 
 0.86509 0.38611 0.38565 -0.26982 -0.25010 -0.00027 -0.00040 0.61478 0.61435 
 0.86609 0.38612 0.38563 -0.26986 -0.25011 -0.00022 -0.00040 0.61478 0.61437 
 0.86709 0.38612 0.38562 -0.26991 -0.25012 -0.00017 -0.00039 0.61479 0.61438 
 0.86809 0.38612 0.38560 -0.26995 -0.25013 -0.00012 -0.00039 0.61479 0.61440 
 0.86909 0.38613 0.38559 -0.27000 -0.25013 -0.00007 -0.00039 0.61479 0.61441 
 0.87009 0.38614 0.38557 -0.27005 -0.25014 -0.00003 -0.00039 0.61479 0.61443 
 0.87109 0.38615 0.38556 -0.27009 -0.25015 0.00001 -0.00038 0.61479 0.61444 
 0.87209 0.38617 0.38554 -0.27014 -0.25016 0.00006 -0.00038 0.61478 0.61446 
 0.87309 0.38618 0.38553 -0.27020 -0.25017 0.00010 -0.00038 0.61477 0.61447 
 0.87409 0.38620 0.38552 -0.27025 -0.25017 0.00014 -0.00038 0.61477 0.61448 
 0.87509 0.38622 0.38550 -0.27030 -0.25018 0.00018 -0.00037 0.61476 0.61450 
 0.87609 0.38624 0.38549 -0.27035 -0.25019 0.00021 -0.00037 0.61474 0.61451 
 0.87709 0.38626 0.38547 -0.27041 -0.25020 0.00025 -0.00037 0.61473 0.61453 
 0.87809 0.38628 0.38546 -0.27046 -0.25020 0.00028 -0.00037 0.61472 0.61454 
 0.87909 0.38630 0.38545 -0.27052 -0.25021 0.00031 -0.00036 0.61470 0.61455 
 0.88009 0.38632 0.38543 -0.27058 -0.25022 0.00034 -0.00036 0.61468 0.61457 
 0.88109 0.38635 0.38542 -0.27063 -0.25022 0.00037 -0.00036 0.61466 0.61458 
 0.88209 0.38637 0.38540 -0.27069 -0.25023 0.00039 -0.00036 0.61464 0.61460 
 0.88309 0.38640 0.38539 -0.27075 -0.25024 0.00041 -0.00035 0.61462 0.61461 
 0.88409 0.38643 0.38538 -0.27081 -0.25025 0.00043 -0.00035 0.61460 0.61462 
 0.88509 0.38645 0.38537 -0.27087 -0.25025 0.00045 -0.00035 0.61458 0.61464 
 0.88609 0.38648 0.38535 -0.27093 -0.25026 0.00046 -0.00035 0.61456 0.61465 
 0.88709 0.38651 0.38534 -0.27099 -0.25027 0.00048 -0.00035 0.61454 0.61466 
 0.88809 0.38654 0.38533 -0.27105 -0.25027 0.00049 -0.00034 0.61452 0.61467 
 0.88909 0.38657 0.38531 -0.27111 -0.25028 0.00050 -0.00034 0.61450 0.61469 
 0.89009 0.38660 0.38530 -0.27117 -0.25029 0.00050 -0.00034 0.61448 0.61470 
 0.89109 0.38662 0.38529 -0.27124 -0.25029 0.00051 -0.00034 0.61445 0.61471 
 0.89209 0.38665 0.38527 -0.27130 -0.25030 0.00051 -0.00034 0.61443 0.61472 
 0.89309 0.38668 0.38526 -0.27136 -0.25031 0.00051 -0.00033 0.61441 0.61474 
 0.89409 0.38671 0.38525 -0.27142 -0.25032 0.00050 -0.00033 0.61438 0.61475 
 0.89509 0.38674 0.38524 -0.27148 -0.25032 0.00050 -0.00033 0.61436 0.61476 
 0.89609 0.38676 0.38522 -0.27154 -0.25033 0.00049 -0.00033 0.61434 0.61477 
 0.89709 0.38679 0.38521 -0.27161 -0.25033 0.00049 -0.00033 0.61432 0.61479 
 0.89809 0.38681 0.38520 -0.27167 -0.25034 0.00047 -0.00032 0.61430 0.61480 
 0.89909 0.38684 0.38519 -0.27173 -0.25035 0.00046 -0.00032 0.61428 0.61481 
 0.90009 0.38686 0.38518 -0.27179 -0.25035 0.00045 -0.00032 0.61426 0.61482 
 0.90109 0.38689 0.38516 -0.27185 -0.25036 0.00043 -0.00032 0.61424 0.61484 
 0.90209 0.38691 0.38515 -0.27191 -0.25037 0.00041 -0.00032 0.61422 0.61485 
 0.90309 0.38693 0.38514 -0.27198 -0.25037 0.00039 -0.00032 0.61420 0.61486 
 0.90409 0.38695 0.38513 -0.27204 -0.25038 0.00036 -0.00031 0.61418 0.61487 
 0.90509 0.38697 0.38512 -0.27210 -0.25039 0.00034 -0.00031 0.61416 0.61488 
 0.90609 0.38699 0.38510 -0.27216 -0.25039 0.00031 -0.00031 0.61415 0.61489 
 0.90709 0.38700 0.38509 -0.27221 -0.25040 0.00028 -0.00031 0.61414 0.61491 
 0.90809 0.38702 0.38508 -0.27227 -0.25040 0.00025 -0.00031 0.61412 0.61492 
 0.90909 0.38703 0.38507 -0.27233 -0.25041 0.00021 -0.00031 0.61411 0.61493 
 0.91009 0.38704 0.38506 -0.27238 -0.25042 0.00018 -0.00030 0.61410 0.61494 
 0.91109 0.38705 0.38505 -0.27244 -0.25042 0.00014 -0.00030 0.61409 0.61495 
 0.91209 0.38706 0.38504 -0.27249 -0.25043 0.00011 -0.00030 0.61409 0.61496 
 0.91309 0.38707 0.38502 -0.27255 -0.25043 0.00007 -0.00030 0.61408 0.61498 
 0.91409 0.38708 0.38501 -0.27260 -0.25044 0.00003 -0.00030 0.61407 0.61499 
 0.91509 0.38708 0.38500 -0.27265 -0.25045 -0.00001 -0.00030 0.61407 0.61500 
 0.91609 0.38708 0.38499 -0.27270 -0.25045 -0.00006 -0.00030 0.61407 0.61501 
 0.91709 0.38709 0.38498 -0.27275 -0.25046 -0.00010 -0.00029 0.61407 0.61502 
 0.91809 0.38709 0.38497 -0.27280 -0.25046 -0.00014 -0.00029 0.61408 0.61503 
 0.91909 0.38708 0.38496 -0.27284 -0.25047 -0.00019 -0.00029 0.61408 0.61504 
 0.92009 0.38708 0.38495 -0.27289 -0.25047 -0.00024 -0.00029 0.61409 0.61505 
 0.92109 0.38708 0.38494 -0.27293 -0.25048 -0.00028 -0.00029 0.61409 0.61506 
 0.92209 0.38707 0.38493 -0.27298 -0.25049 -0.00033 -0.00029 0.61410 0.61508 
 0.92309 0.38706 0.38491 -0.27302 -0.25049 -0.00038 -0.00029 0.61412 0.61509 
 0.92409 0.38705 0.38490 -0.27306 -0.25050 -0.00043 -0.00029 0.61413 0.61510 
 0.92509 0.38704 0.38489 -0.27310 -0.25050 -0.00047 -0.00028 0.61415 0.61511 
 0.92609 0.38702 0.38488 -0.27314 -0.25051 -0.00052 -0.00028 0.61417 0.61512 
 0.92709 0.38701 0.38487 -0.27318 -0.25051 -0.00057 -0.00028 0.61419 0.61513 
 0.92809 0.38699 0.38486 -0.27322 -0.25052 -0.00062 -0.00028 0.61421 0.61514 
 0.92909 0.38697 0.38485 -0.27326 -0.25052 -0.00067 -0.00028 0.61423 0.61515 
 0.93009 0.38695 0.38484 -0.27329 -0.25053 -0.00072 -0.00028 0.61426 0.61516 
 0.93109 0.38692 0.38483 -0.27332 -0.25053 -0.00077 -0.00028 0.61429 0.61517 
 0.93209 0.38690 0.38482 -0.27336 -0.25054 -0.00081 -0.00028 0.61432 0.61518 
 0.93309 0.38687 0.38481 -0.27339 -0.25054 -0.00086 -0.00027 0.61435 0.61519 
 0.93409 0.38684 0.38480 -0.27342 -0.25055 -0.00091 -0.00027 0.61439 0.61520 
 0.93509 0.38681 0.38479 -0.27345 -0.25055 -0.00095 -0.00027 0.61443 0.61521 
 0.93609 0.38677 0.38478 -0.27348 -0.25056 -0.00100 -0.00027 0.61447 0.61522 
 0.93709 0.38674 0.38477 -0.27350 -0.25056 -0.00104 -0.00027 0.61451 0.61523 
 0.93809 0.38670 0.38476 -0.27353 -0.25057 -0.00109 -0.00027 0.61455 0.61524 
 0.93909 0.38666 0.38475 -0.27356 -0.25057 -0.00113 -0.00027 0.61460 0.61525 
 0.94009 0.38662 0.38474 -0.27358 -0.25058 -0.00117 -0.00027 0.61465 0.61526 
 0.94109 0.38658 0.38473 -0.27360 -0.25058 -0.00121 -0.00027 0.61470 0.61527 
 0.94209 0.38654 0.38472 -0.27363 -0.25059 -0.00125 -0.00026 0.61475 0.61528 
 0.94309 0.38649 0.38471 -0.27365 -0.25059 -0.00128 -0.00026 0.61480 0.61529 
 0.94409 0.38645 0.38470 -0.27367 -0.25060 -0.00132 -0.00026 0.61485 0.61530 
 0.94509 0.38640 0.38469 -0.27369 -0.25060 -0.00135 -0.00026 0.61491 0.61531 
 0.94609 0.38636 0.38468 -0.27371 -0.25061 -0.00139 -0.00026 0.61496 0.61532 
 0.94709 0.38631 0.38467 -0.27372 -0.25061 -0.00142 -0.00026 0.61502 0.61533 
 0.94809 0.38625 0.38466 -0.27374 -0.25062 -0.00145 -0.00026 0.61508 0.61534 
 0.94909 0.38620 0.38465 -0.27375 -0.25062 -0.00148 -0.00026 0.61514 0.61535 
 0.95010 0.38615 0.38464 -0.27377 -0.25063 -0.00150 -0.00025 0.61520 0.61536 
 0.95110 0.38609 0.38463 -0.27378 -0.25063 -0.00153 -0.00025 0.61526 0.61537 
 0.95210 0.38604 0.38462 -0.27380 -0.25064 -0.00155 -0.00025 0.61532 0.61538 
 0.95310 0.38599 0.38461 -0.27381 -0.25064 -0.00157 -0.00025 0.61539 0.61539 
 0.95410 0.38593 0.38460 -0.27382 -0.25065 -0.00159 -0.00025 0.61545 0.61540 
 0.95510 0.38588 0.38459 -0.27383 -0.25065 -0.00161 -0.00025 0.61552 0.61541 
 0.95610 0.38582 0.38458 -0.27385 -0.25065 -0.00163 -0.00025 0.61558 0.61542 
 0.95710 0.38576 0.38457 -0.27386 -0.25066 -0.00164 -0.00025 0.61565 0.61543 
 0.95810 0.38570 0.38456 -0.27387 -0.25066 -0.00165 -0.00025 0.61572 0.61544 
 0.95910 0.38565 0.38455 -0.27388 -0.25067 -0.00166 -0.00024 0.61578 0.61545 
 0.96010 0.38559 0.38455 -0.27389 -0.25067 -0.00167 -0.00024 0.61585 0.61545 
 0.96110 0.38553 0.38454 -0.27390 -0.25068 -0.00167 -0.00024 0.61592 0.61546 
 0.96210 0.38547 0.38453 -0.27391 -0.25068 -0.00168 -0.00024 0.61598 0.61547 
 0.96310 0.38542 0.38452 -0.27392 -0.25068 -0.00168 -0.00024 0.61605 0.61548 
 0.96410 0.38536 0.38451 -0.27392 -0.25069 -0.00168 -0.00024 0.61612 0.61549 
 0.96510 0.38530 0.38450 -0.27393 -0.25069 -0.00167 -0.00024 0.61619 0.61550 
 0.96610 0.38525 0.38449 -0.27394 -0.25070 -0.00167 -0.00024 0.61626 0.61551 
 0.96710 0.38519 0.38448 -0.27395 -0.25070 -0.00166 -0.00023 0.61632 0.61552 
 0.96810 0.38514 0.38447 -0.27396 -0.25071 -0.00165 -0.00023 0.61639 0.61553 
 0.96910 0.38508 0.38447 -0.27397 -0.25071 -0.00164 -0.00023 0.61646 0.61554 
 0.97010 0.38503 0.38446 -0.27398 -0.25071 -0.00163 -0.00023 0.61653 0.61554 
 0.97110 0.38497 0.38445 -0.27399 -0.25072 -0.00162 -0.00023 0.61659 0.61555 
 0.97210 0.38492 0.38444 -0.27400 -0.25072 -0.00160 -0.00023 0.61666 0.61556 
 0.97310 0.38486 0.38443 -0.27401 -0.25073 -0.00158 -0.00023 0.61672 0.61557 
 0.97410 0.38481 0.38442 -0.27402 -0.25073 -0.00156 -0.00023 0.61678 0.61558 
 0.97510 0.38476 0.38441 -0.27403 -0.25073 -0.00154 -0.00022 0.61685 0.61559 
 0.97610 0.38471 0.38440 -0.27404 -0.25074 -0.00152 -0.00022 0.61691 0.61560 
 0.97710 0.38466 0.38440 -0.27406 -0.25074 -0.00149 -0.00022 0.61697 0.61560 
 0.97810 0.38461 0.38439 -0.27407 -0.25075 -0.00146 -0.00022 0.61703 0.61561 
 0.97910 0.38456 0.38438 -0.27408 -0.25075 -0.00143 -0.00022 0.61708 0.61562 
 0.98010 0.38452 0.38437 -0.27409 -0.25075 -0.00140 -0.00022 0.61714 0.61563 
 0.98110 0.38448 0.38436 -0.27411 -0.25076 -0.00137 -0.00022 0.61719 0.61564 
 0.98210 0.38444 0.38436 -0.27412 -0.25076 -0.00133 -0.00022 0.61725 0.61564 
 0.98310 0.38440 0.38435 -0.27414 -0.25077 -0.00130 -0.00022 0.61730 0.61565 
 0.98410 0.38436 0.38434 -0.27416 -0.25077 -0.00126 -0.00021 0.61735 0.61566 
 0.98510 0.38432 0.38433 -0.27417 -0.25077 -0.00122 -0.00021 0.61740 0.61567 
 0.98610 0.38429 0.38432 -0.27419 -0.25078 -0.00118 -0.00021 0.61744 0.61568 
 0.98710 0.38425 0.38432 -0.27421 -0.25078 -0.00114 -0.00021 0.61749 0.61569 
 0.98810 0.38422 0.38431 -0.27423 -0.25078 -0.00110 -0.00021 0.61753 0.61569 
 0.98910 0.38419 0.38430 -0.27425 -0.25079 -0.00105 -0.00021 0.61757 0.61570 
 0.99010 0.38416 0.38429 -0.27427 -0.25079 -0.00101 -0.00021 0.61761 0.61571 
 0.99110 0.38414 0.38428 -0.27429 -0.25079 -0.00097 -0.00021 0.61765 0.61572 
 0.99210 0.38411 0.38428 -0.27432 -0.25080 -0.00092 -0.00020 0.61768 0.61572 
 0.99310 0.38409 0.38427 -0.27434 -0.25080 -0.00088 -0.00020 0.61772 0.61573 
 0.99410 0.38407 0.38426 -0.27437 -0.25081 -0.00083 -0.00020 0.61775 0.61574 
 0.99510 0.38405 0.38425 -0.27440 -0.25081 -0.00079 -0.00020 0.61778 0.61575 
 0.99610 0.38403 0.38425 -0.27442 -0.25081 -0.00074 -0.00020 0.61781 0.61576 
 0.99710 0.38401 0.38424 -0.27445 -0.25082 -0.00069 -0.00020 0.61783 0.61576 
 0.99810 0.38400 0.38423 -0.27449 -0.25082 -0.00065 -0.00020 0.61786 0.61577 
 0.99910 0.38398 0.38422 -0.27452 -0.25082 -0.00060 -0.00020 0.61788 0.61578 
