 0.00000 1.00000 1.00000 0.00000 0.00000 0.00000 0.00000 0.00000 0.00000 
 0.00100 0.99965 0.99965 0.00013 0.00013 -0.01880 -0.01880 0.00035 0.00035 
 0.00200 0.99858 0.99858 0.00052 0.00052 -0.03751 -0.03751 0.00142 0.00142 
 0.00300 0.99682 0.99682 0.00114 0.00114 -0.05606 -0.05606 0.00318 0.00318 
 0.00400 0.99436 0.99436 0.00199 0.00199 -0.07441 -0.07441 0.00564 0.00564 
 0.00500 0.99122 0.99122 0.00305 0.00305 -0.09251 -0.09251 0.00878 0.00878 
 0.00600 0.98740 0.98740 0.00430 0.00430 -0.11031 -0.11031 0.01260 0.01260 
 0.00700 0.98291 0.98291 0.00574 0.00574 -0.12778 -0.12778 0.01709 0.01709 
 0.00800 0.97777 0.97777 0.00733 0.00733 -0.14486 -0.14486 0.02223 0.02223 
 0.00900 0.97200 0.97200 0.00906 0.00906 -0.16152 -0.16152 0.02800 0.02800 
 0.01000 0.96561 0.96561 0.01092 0.01092 -0.17772 -0.17772 0.03439 0.03439 
 0.01100 0.95862 0.95862 0.01289 0.01289 -0.19343 -0.19343 0.04138 0.04138 
 0.01200 0.95104 0.95104 0.01495 0.01495 -0.20861 -0.20861 0.04896 0.04896 
 0.01300 0.94291 0.94291 0.01708 0.01708 -0.22324 -0.22324 0.05709 0.05709 
 0.01400 0.93423 0.93423 0.01927 0.01927 -0.23728 -0.23728 0.06577 0.06577 
 0.01500 0.92504 0.92504 0.02149 0.02149 -0.25072 -0.25072 0.07496 0.07496 
 0.01600 0.91535 0.91535 0.02373 0.02373 -0.26352 -0.26352 0.08465 0.08465 
 0.01700 0.90519 0.90519 0.02598 0.02598 -0.27567 -0.27567 0.09481 0.09481 
 0.01800 0.89458 0.89458 0.02821 0.02821 -0.28714 -0.28714 0.10541 0.10541 
 0.01900 0.88356 0.88356 0.03041 0.03041 -0.29793 -0.29793 0.11644 0.11644 
 0.02000 0.87215 0.87215 0.03257 0.03257 -0.30801 -0.30801 0.12785 0.12785 
 0.02100 0.86036 0.86036 0.03467 0.03467 -0.31739 -0.31739 0.13964 0.13964 
 0.02200 0.84824 0.84824 0.03670 0.03670 -0.32603 -0.32603 0.15176 0.15176 
 0.02300 0.83581 0.83581 0.03864 0.03864 -0.33395 -0.33395 0.16419 0.16419 
 0.02400 0.82309 0.82309 0.04048 0.04048 -0.34113 -0.34113 0.17691 0.17691 
 0.02500 0.81011 0.81011 0.04221 0.04221 -0.34757 -0.34757 0.18989 0.18989 
 0.02600 0.79691 0.79691 0.04381 0.04381 -0.35327 -0.35327 0.20309 0.20309 
 0.02700 0.78351 0.78351 0.04528 0.04528 -0.35822 -0.35822 0.21649 0.21649 
 0.02800 0.76993 0.76993 0.04661 0.04661 -0.36244 -0.36244 0.23007 0.23007 
 0.02900 0.75621 0.75621 0.04779 0.04779 -0.36592 -0.36592 0.24379 0.24379 
 0.03000 0.74237 0.74237 0.04881 0.04881 -0.36867 -0.36867 0.25763 0.25763 
 0.03100 0.72844 0.72844 0.04965 0.04965 -0.37070 -0.37070 0.27156 0.27156 
 0.03200 0.71444 0.71444 0.05032 0.05032 -0.37202 -0.37202 0.28556 0.28556 
 0.03300 0.70042 0.70042 0.05082 0.05082 -0.37263 -0.37263 0.29958 0.29958 
 0.03400 0.68638 0.68638 0.05112 0.05112 -0.37256 -0.37256 0.31362 0.31362 
 0.03500 0.67235 0.67235 0.05124 0.05124 -0.37180 -0.37180 0.32765 0.32765 
 0.03600 0.65837 0.65837 0.05116 0.05116 -0.37038 -0.37038 0.34163 0.34163 
 0.03700 0.64446 0.64446 0.05088 0.05088 -0.36831 -0.36831 0.35554 0.35554 
 0.03800 0.63063 0.63063 0.05041 0.05041 -0.36561 -0.36561 0.36937 0.36937 
 0.03900 0.61692 0.61692 0.04974 0.04974 -0.36229 -0.36229 0.38308 0.38308 
 0.04000 0.60334 0.60334 0.04886 0.04886 -0.35838 -0.35838 0.39666 0.39666 
 0.04100 0.58992 0.58992 0.04779 0.04779 -0.35390 -0.35390 0.41008 0.41008 
 0.04200 0.57668 0.57668 0.04651 0.04651 -0.34886 -0.34886 0.42332 0.42332 
 0.04300 0.56364 0.56364 0.04504 0.04504 -0.34328 -0.34328 0.43636 0.43636 
 0.04400 0.55082 0.55082 0.04336 0.04336 -0.33720 -0.33720 0.44918 0.44918 
 0.04500 0.53824 0.53824 0.04150 0.04150 -0.33062 -0.33062 0.46176 0.46176 
 0.04600 0.52592 0.52592 0.03944 0.03944 -0.32358 -0.32358 0.47408 0.47408 
 0.04700 0.51387 0.51387 0.03719 0.03719 -0.31609 -0.31609 0.48613 0.48613 
 0.04800 0.50211 0.50211 0.03475 0.03475 -0.30819 -0.30819 0.49789 0.49789 
 0.04900 0.49065 0.49065 0.03214 0.03214 -0.29989 -0.29989 0.50935 0.50935 
 0.05001 0.47952 0.47952 0.02935 0.02935 -0.29122 -0.29122 0.52048 0.52048 
 0.05101 0.46871 0.46871 0.02639 0.02639 -0.28221 -0.28221 0.53129 0.53129 
 0.05201 0.45826 0.45826 0.02327 0.02327 -0.27287 -0.27287 0.54174 0.54174 
 0.05301 0.44816 0.44816 0.01998 0.01998 -0.26325 -0.26325 0.55184 0.55184 
 0.05401 0.43843 0.43843 0.01654 0.01654 -0.25335 -0.25335 0.56157 0.56157 
 0.05501 0.42907 0.42907 0.01296 0.01296 -0.24321 -0.24321 0.57093 0.57093 
 0.05601 0.42010 0.42010 0.00923 0.00923 -0.23286 -0.23286 0.57990 0.57990 
 0.05701 0.41153 0.41153 0.00537 0.00537 -0.22231 -0.22231 0.58847 0.58847 
 0.05801 0.40336 0.40336 0.00138 0.00138 -0.21159 -0.21159 0.59664 0.59664 
 0.05901 0.39559 0.39559 -0.00272 -0.00272 -0.20073 -0.20073 0.60441 0.60441 
 0.06001 0.38823 0.38823 -0.00694 -0.00694 -0.18975 -0.18975 0.61177 0.61177 
 0.06101 0.38129 0.38129 -0.01126 -0.01126 -0.17868 -0.17868 0.61871 0.61871 
 0.06201 0.37477 0.37477 -0.01568 -0.01568 -0.16754 -0.16754 0.62523 0.62523 
 0.06301 0.36867 0.36867 -0.02019 -0.02019 -0.15635 -0.15635 0.63133 0.63133 
 0.06401 0.36299 0.36299 -0.02478 -0.02478 -0.14514 -0.14514 0.63701 0.63701 
 0.06501 0.35773 0.35773 -0.02945 -0.02945 -0.13393 -0.13393 0.64227 0.64227 
 0.06601 0.35290 0.35290 -0.03418 -0.03418 -0.12274 -0.12274 0.64710 0.64710 
 0.06701 0.34848 0.34848 -0.03897 -0.03897 -0.11160 -0.11160 0.65151 0.65151 
 0.06801 0.34449 0.34449 -0.04382 -0.04382 -0.10052 -0.10052 0.65551 0.65551 
 0.06901 0.34091 0.34091 -0.04871 -0.04871 -0.08953 -0.08953 0.65909 0.65909 
 0.07001 0.33774 0.33774 -0.05363 -0.05363 -0.07865 -0.07865 0.66226 0.66226 
 0.07101 0.33498 0.33498 -0.05859 -0.05859 -0.06789 -0.06789 0.66502 0.66502 
 0.07201 0.33263 0.33263 -0.06357 -0.06357 -0.05728 -0.05728 0.66738 0.66738 
 0.07301 0.33066 0.33066 -0.06856 -0.06856 -0.04683 -0.04683 0.66934 0.66934 
 0.07401 0.32909 0.32909 -0.07356 -0.07356 -0.03657 -0.03657 0.67091 0.67091 
 0.07501 0.32791 0.32791 -0.07856 -0.07856 -0.02650 -0.02650 0.67209 0.67209 
 0.07601 0.32710 0.32710 -0.08356 -0.08356 -0.01664 -0.01664 0.67290 0.67290 
 0.07701 0.32665 0.32665 -0.08855 -0.08855 -0.00702 -0.00702 0.67335 0.67335 
 0.07801 0.32656 0.32656 -0.09352 -0.09352 0.00236 0.00236 0.67344 0.67344 
 0.07901 0.32682 0.32682 -0.09846 -0.09846 0.01148 0.01148 0.67317 0.67317 
 0.08001 0.32743 0.32743 -0.10338 -0.10338 0.02034 0.02034 0.67258 0.67258 
 0.08101 0.32835 0.32835 -0.10826 -0.10826 0.02891 0.02891 0.67165 0.67165 
 0.08201 0.32960 0.32960 -0.11310 -0.11310 0.03718 0.03718 0.67040 0.67040 
 0.08301 0.33115 0.33115 -0.11789 -0.11789 0.04515 0.04515 0.66885 0.66885 
 0.08401 0.33300 0.33300 -0.12263 -0.12263 0.05280 0.05280 0.66700 0.66700 
 0.08501 0.33513 0.33513 -0.12732 -0.12732 0.06013 0.06013 0.66487 0.66487 
 0.08601 0.33752 0.33752 -0.13195 -0.13195 0.06713 0.06713 0.66248 0.66248 
 0.08701 0.34018 0.34018 -0.13651 -0.13651 0.07379 0.07379 0.65982 0.65982 
 0.08801 0.34308 0.34308 -0.14100 -0.14100 0.08011 0.08011 0.65692 0.65692 
 0.08901 0.34621 0.34621 -0.14542 -0.14542 0.08607 0.08607 0.65379 0.65379 
 0.09001 0.34956 0.34956 -0.14977 -0.14977 0.09167 0.09167 0.65044 0.65044 
 0.09101 0.35311 0.35311 -0.15404 -0.15404 0.09692 0.09692 0.64689 0.64689 
 0.09201 0.35686 0.35686 -0.15822 -0.15822 0.10180 0.10180 0.64314 0.64314 
 0.09301 0.36078 0.36078 -0.16232 -0.16232 0.10631 0.10631 0.63922 0.63922 
 0.09401 0.36486 0.36486 -0.16633 -0.16633 0.11046 0.11046 0.63514 0.63514 
 0.09501 0.36910 0.36910 -0.17025 -0.17025 0.11424 0.11424 0.63090 0.63090 
 0.09601 0.37347 0.37347 -0.17408 -0.17408 0.11765 0.11765 0.62653 0.62653 
 0.09701 0.37796 0.37796 -0.17781 -0.17781 0.12069 0.12069 0.62204 0.62204 
 0.09801 0.38255 0.38255 -0.18144 -0.18144 0.12336 0.12336 0.61745 0.61745 
 0.09901 0.38725 0.38725 -0.18498 -0.18498 0.12566 0.12566 0.61275 0.61275 
 0.10001 0.39202 0.39202 -0.18842 -0.18842 0.12761 0.12761 0.60798 0.60798 
 0.10101 0.39686 0.39686 -0.19176 -0.19176 0.12919 0.12919 0.60314 0.60314 
 0.10201 0.40175 0.40175 -0.19500 -0.19500 0.13042 0.13042 0.59825 0.59825 
 0.10301 0.40668 0.40668 -0.19813 -0.19813 0.13130 0.13130 0.59332 0.59332 
 0.10401 0.41164 0.41164 -0.20117 -0.20117 0.13183 0.13183 0.58836 0.58836 
 0.10501 0.41661 0.41661 -0.20410 -0.20410 0.13203 0.13203 0.58339 0.58339 
 0.10601 0.42158 0.42158 -0.20693 -0.20693 0.13188 0.13188 0.57842 0.57842 
 0.10701 0.42654 0.42654 -0.20965 -0.20965 0.13142 0.13142 0.57346 0.57346 
 0.10801 0.43148 0.43148 -0.21228 -0.21228 0.13063 0.13063 0.56852 0.56852 
 0.10901 0.43638 0.43638 -0.21480 -0.21480 0.12953 0.12953 0.56362 0.56362 
 0.11001 0.44123 0.44123 -0.21722 -0.21722 0.12813 0.12813 0.55877 0.55877 
 0.11101 0.44603 0.44603 -0.21954 -0.21954 0.12644 0.12644 0.55397 0.55397 
 0.11201 0.45076 0.45076 -0.22177 -0.22177 0.12447 0.12447 0.54924 0.54924 
 0.11301 0.45540 0.45540 -0.22389 -0.22389 0.12221 0.12221 0.54460 0.54460 
 0.11401 0.45996 0.45996 -0.22592 -0.22592 0.11970 0.11970 0.54004 0.54004 
 0.11501 0.46442 0.46442 -0.22785 -0.22785 0.11693 0.11693 0.53558 0.53558 
 0.11601 0.46877 0.46877 -0.22969 -0.22969 0.11392 0.11392 0.53123 0.53123 
 0.11701 0.47300 0.47300 -0.23143 -0.23143 0.11067 0.11067 0.52700 0.52700 
 0.11801 0.47711 0.47711 -0.23309 -0.23309 0.10720 0.10720 0.52289 0.52289 
 0.11901 0.48107 0.48107 -0.23465 -0.23465 0.10353 0.10353 0.51892 0.51892 
 0.12001 0.48490 0.48490 -0.23613 -0.23613 0.09966 0.09966 0.51510 0.51510 
 0.12101 0.48858 0.48858 -0.23752 -0.23752 0.09560 0.09560 0.51142 0.51142 
 0.12201 0.49210 0.49210 -0.23883 -0.23883 0.09137 0.09137 0.50790 0.50790 
 0.12301 0.49546 0.49546 -0.24007 -0.24007 0.08697 0.08697 0.50454 0.50454 
 0.12401 0.49866 0.49866 -0.24122 -0.24122 0.08243 0.08243 0.50135 0.50135 
 0.12501 0.50167 0.50167 -0.24229 -0.24229 0.07776 0.07776 0.49833 0.49833 
 0.12601 0.50451 0.50451 -0.24330 -0.24330 0.07295 0.07295 0.49549 0.49549 
 0.12701 0.50717 0.50717 -0.24423 -0.24423 0.06804 0.06804 0.49283 0.49283 
 0.12801 0.50964 0.50964 -0.24509 -0.24509 0.06303 0.06303 0.49036 0.49036 
 0.12901 0.51192 0.51192 -0.24589 -0.24589 0.05793 0.05793 0.48808 0.48808 
 0.13001 0.51400 0.51400 -0.24662 -0.24662 0.05276 0.05276 0.48600 0.48600 
 0.13101 0.51589 0.51589 -0.24730 -0.24730 0.04753 0.04753 0.48411 0.48411 
 0.13201 0.51758 0.51758 -0.24791 -0.24791 0.04224 0.04224 0.48242 0.48242 
 0.13301 0.51907 0.51907 -0.24847 -0.24847 0.03692 0.03692 0.48093 0.48093 
 0.13401 0.52036 0.52036 -0.24898 -0.24898 0.03158 0.03158 0.47964 0.47964 
 0.13501 0.52145 0.52145 -0.24944 -0.24944 0.02622 0.02622 0.47855 0.47855 
 0.13601 0.52234 0.52234 -0.24985 -0.24985 0.02086 0.02086 0.47766 0.47766 
 0.13701 0.52302 0.52302 -0.25021 -0.25021 0.01550 0.01550 0.47698 0.47698 
 0.13801 0.52351 0.52351 -0.25054 -0.25054 0.01017 0.01017 0.47649 0.47649 
 0.13901 0.52379 0.52379 -0.25082 -0.25082 0.00487 0.00487 0.47621 0.47621 
 0.14001 0.52387 0.52387 -0.25107 -0.25107 -0.00038 -0.00038 0.47613 0.47613 
 0.14101 0.52376 0.52376 -0.25129 -0.25129 -0.00559 -0.00559 0.47624 0.47624 
 0.14201 0.52345 0.52345 -0.25147 -0.25147 -0.01073 -0.01073 0.47655 0.47655 
 0.14301 0.52295 0.52295 -0.25163 -0.25163 -0.01580 -0.01580 0.47705 0.47705 
 0.14401 0.52226 0.52226 -0.25176 -0.25176 -0.02079 -0.02079 0.47774 0.47774 
 0.14501 0.52139 0.52139 -0.25187 -0.25187 -0.02568 -0.02568 0.47861 0.47861 
 0.14601 0.52033 0.52033 -0.25195 -0.25195 -0.03048 -0.03048 0.47967 0.47967 
 0.14701 0.51909 0.51909 -0.25202 -0.25202 -0.03517 -0.03517 0.48091 0.48091 
 0.14801 0.51768 0.51768 -0.25208 -0.25208 -0.03974 -0.03974 0.48232 0.48232 
 0.14901 0.51610 0.51610 -0.25212 -0.25212 -0.04418 -0.04418 0.48390 0.48390 
 0.15002 0.51436 0.51436 -0.25215 -0.25215 -0.04850 -0.04850 0.48564 0.48564 
 0.15102 0.51245 0.51245 -0.25216 -0.25216 -0.05268 -0.05268 0.48755 0.48755 
 0.15202 0.51039 0.51039 -0.25218 -0.25218 -0.05671 -0.05671 0.48961 0.48961 
 0.15302 0.50818 0.50818 -0.25219 -0.25219 -0.06059 -0.06059 0.49182 0.49182 
 0.15402 0.50582 0.50582 -0.25220 -0.25220 -0.06432 -0.06432 0.49417 0.49417 
 0.15502 0.50333 0.50333 -0.25220 -0.25220 -0.06788 -0.06788 0.49667 0.49667 
 0.15602 0.50071 0.50071 -0.25221 -0.25221 -0.07128 -0.07128 0.49929 0.49929 
 0.15702 0.49797 0.49797 -0.25222 -0.25222 -0.07451 -0.07451 0.50203 0.50203 
 0.15802 0.49510 0.49510 -0.25224 -0.25224 -0.07756 -0.07756 0.50490 0.50490 
 0.15902 0.49212 0.49212 -0.25227 -0.25227 -0.08044 -0.08044 0.50788 0.50788 
 0.16002 0.48904 0.48904 -0.25230 -0.25230 -0.08313 -0.08313 0.51096 0.51096 
 0.16102 0.48586 0.48586 -0.25234 -0.25234 -0.08565 -0.08565 0.51414 0.51414 
 0.16202 0.48259 0.48259 -0.25240 -0.25240 -0.08797 -0.08797 0.51741 0.51741 
 0.16302 0.47924 0.47924 -0.25247 -0.25247 -0.09011 -0.09011 0.52076 0.52076 
 0.16402 0.47580 0.47580 -0.25255 -0.25255 -0.09206 -0.09206 0.52420 0.52420 
 0.16502 0.47230 0.47230 -0.25266 -0.25266 -0.09382 -0.09382 0.52770 0.52770 
 0.16602 0.46874 0.46874 -0.25277 -0.25277 -0.09539 -0.09539 0.53126 0.53126 
 0.16702 0.46512 0.46512 -0.25291 -0.25291 -0.09677 -0.09677 0.53488 0.53488 
 0.16802 0.46145 0.46145 -0.25307 -0.25307 -0.09796 -0.09796 0.53855 0.53855 
 0.16902 0.45774 0.45774 -0.25324 -0.25324 -0.09897 -0.09897 0.54226 0.54226 
 0.17002 0.45399 0.45399 -0.25344 -0.25344 -0.09978 -0.09978 0.54601 0.54601 
 0.17102 0.45022 0.45022 -0.25366 -0.25366 -0.10041 -0.10041 0.54978 0.54978 
 0.17202 0.44643 0.44643 -0.25390 -0.25390 -0.10085 -0.10085 0.55357 0.55357 
 0.17302 0.44263 0.44263 -0.25417 -0.25417 -0.10111 -0.10111 0.55737 0.55737 
 0.17402 0.43882 0.43882 -0.25446 -0.25446 -0.10119 -0.10119 0.56119 0.56119 
 0.17502 0.43500 0.43500 -0.25478 -0.25478 -0.10109 -0.10109 0.56500 0.56500 
 0.17602 0.43120 0.43120 -0.25512 -0.25512 -0.10082 -0.10082 0.56880 0.56880 
 0.17702 0.42741 0.42741 -0.25549 -0.25549 -0.10038 -0.10038 0.57259 0.57259 
 0.17802 0.42364 0.42364 -0.25588 -0.25588 -0.09977 -0.09977 0.57636 0.57636 
 0.17902 0.41990 0.41990 -0.25630 -0.25630 -0.09899 -0.09899 0.58010 0.58010 
 0.18002 0.41618 0.41618 -0.25674 -0.25674 -0.09806 -0.09806 0.58382 0.58382 
 0.18102 0.41251 0.41251 -0.25721 -0.25721 -0.09698 -0.09698 0.58749 0.58749 
 0.18202 0.40888 0.40888 -0.25771 -0.25771 -0.09575 -0.09575 0.59112 0.59112 
 0.18302 0.40530 0.40530 -0.25823 -0.25823 -0.09437 -0.09437 0.59470 0.59470 
 0.18402 0.40177 0.40177 -0.25878 -0.25878 -0.09285 -0.09285 0.59823 0.59823 
 0.18502 0.39830 0.39830 -0.25935 -0.25935 -0.09121 -0.09121 0.60170 0.60170 
 0.18602 0.39490 0.39490 -0.25995 -0.25995 -0.08943 -0.08943 0.60510 0.60510 
 0.18702 0.39156 0.39156 -0.26057 -0.26057 -0.08753 -0.08753 0.60843 0.60843 
 0.18802 0.38831 0.38831 -0.26122 -0.26122 -0.08552 -0.08552 0.61169 0.61169 
 0.18902 0.38512 0.38512 -0.26189 -0.26189 -0.08339 -0.08339 0.61488 0.61488 
 0.19002 0.38202 0.38202 -0.26259 -0.26259 -0.08117 -0.08117 0.61798 0.61798 
 0.19102 0.37901 0.37901 -0.26331 -0.26331 -0.07884 -0.07884 0.62099 0.62099 
 0.19202 0.37608 0.37608 -0.26405 -0.26405 -0.07643 -0.07643 0.62392 0.62392 
 0.19302 0.37325 0.37325 -0.26482 -0.26482 -0.07393 -0.07393 0.62675 0.62675 
 0.19402 0.37051 0.37051 -0.26560 -0.26560 -0.07136 -0.07136 0.62949 0.62949 
 0.19502 0.36788 0.36788 -0.26641 -0.26641 -0.06871 -0.06871 0.63213 0.63213 
 0.19602 0.36534 0.36534 -0.26723 -0.26723 -0.06600 -0.06600 0.63466 0.63466 
 0.19702 0.36290 0.36290 -0.26808 -0.26808 -0.06323 -0.06323 0.63710 0.63710 
 0.19802 0.36057 0.36057 -0.26894 -0.26894 -0.06041 -0.06041 0.63943 0.63943 
 0.19902 0.35835 0.35835 -0.26982 -0.26982 -0.05754 -0.05754 0.64165 0.64165 
 0.20002 0.35582 0.35624 -0.26811 -0.27071 -0.05540 -0.05464 0.64482 0.64376 
 0.20102 0.35388 0.35424 -0.26897 -0.27162 -0.05203 -0.05171 0.64674 0.64576 
 0.20202 0.35202 0.35234 -0.26988 -0.27255 -0.04886 -0.04875 0.64868 0.64766 
 0.20302 0.35035 0.35056 -0.27100 -0.27348 -0.04599 -0.04578 0.65070 0.64944 
 0.20402 0.34894 0.34890 -0.27194 -0.27443 -0.04324 -0.04279 0.65249 0.65111 
 0.20502 0.34780 0.34734 -0.27300 -0.27540 -0.04068 -0.03980 0.65424 0.65266 
 0.20602 0.34694 0.34590 -0.27375 -0.27637 -0.03785 -0.03681 0.65584 0.65410 
 0.20702 0.34614 0.34457 -0.27453 -0.27735 -0.03483 -0.03382 0.65764 0.65543 
 0.20802 0.34527 0.34335 -0.27548 -0.27833 -0.03204 -0.03085 0.65908 0.65665 
 0.20902 0.34403 0.34224 -0.27647 -0.27933 -0.02890 -0.02790 0.66022 0.65776 
 0.21002 0.34289 0.34125 -0.27727 -0.28033 -0.02587 -0.02497 0.66129 0.65875 
 0.21102 0.34187 0.34036 -0.27841 -0.28133 -0.02298 -0.02208 0.66242 0.65964 
 0.21202 0.34082 0.33958 -0.27932 -0.28234 -0.02016 -0.01922 0.66333 0.66042 
 0.21302 0.34001 0.33891 -0.28039 -0.28335 -0.01749 -0.01640 0.66411 0.66109 
 0.21402 0.33963 0.33835 -0.28155 -0.28437 -0.01481 -0.01362 0.66460 0.66165 
 0.21502 0.33913 0.33788 -0.28267 -0.28538 -0.01225 -0.01090 0.66498 0.66212 
 0.21602 0.33877 0.33752 -0.28360 -0.28639 -0.00955 -0.00823 0.66518 0.66248 
 0.21702 0.33842 0.33726 -0.28469 -0.28740 -0.00675 -0.00562 0.66538 0.66274 
 0.21802 0.33828 0.33710 -0.28554 -0.28841 -0.00387 -0.00308 0.66543 0.66290 
 0.21902 0.33814 0.33703 -0.28666 -0.28941 -0.00126 -0.00061 0.66545 0.66297 
 0.22002 0.33804 0.33705 -0.28748 -0.29041 0.00110 0.00180 0.66555 0.66295 
 0.22102 0.33815 0.33716 -0.28826 -0.29140 0.00336 0.00412 0.66566 0.66284 
 0.22202 0.33860 0.33736 -0.28921 -0.29239 0.00536 0.00637 0.66527 0.66264 
 0.22302 0.33868 0.33764 -0.29040 -0.29336 0.00717 0.00853 0.66464 0.66236 
 0.22402 0.33873 0.33800 -0.29169 -0.29433 0.00882 0.01061 0.66414 0.66200 
 0.22502 0.33902 0.33844 -0.29296 -0.29529 0.01063 0.01260 0.66367 0.66156 
 0.22602 0.33959 0.33895 -0.29406 -0.29623 0.01261 0.01450 0.66282 0.66105 
 0.22702 0.34036 0.33953 -0.29535 -0.29717 0.01439 0.01631 0.66231 0.66047 
 0.22802 0.34098 0.34018 -0.29639 -0.29809 0.01617 0.01802 0.66172 0.65982 
 0.22902 0.34193 0.34089 -0.29738 -0.29900 0.01795 0.01964 0.66112 0.65911 
 0.23002 0.34321 0.34166 -0.29811 -0.29990 0.01971 0.02115 0.66064 0.65834 
 0.23102 0.34440 0.34248 -0.29881 -0.30078 0.02144 0.02257 0.65991 0.65752 
 0.23202 0.34551 0.34336 -0.29973 -0.30164 0.02291 0.02389 0.65934 0.65664 
 0.23302 0.34635 0.34428 -0.30074 -0.30249 0.02428 0.02510 0.65844 0.65572 
 0.23402 0.34730 0.34525 -0.30164 -0.30332 0.02555 0.02621 0.65749 0.65475 
 0.23502 0.34816 0.34625 -0.30226 -0.30413 0.02668 0.02722 0.65660 0.65375 
 0.23602 0.34877 0.34730 -0.30303 -0.30493 0.02766 0.02813 0.65550 0.65270 
 0.23702 0.34935 0.34837 -0.30411 -0.30570 0.02835 0.02893 0.65472 0.65163 
 0.23802 0.35006 0.34948 -0.30508 -0.30646 0.02905 0.02963 0.65385 0.65052 
 0.23902 0.35100 0.35060 -0.30565 -0.30720 0.02987 0.03023 0.65291 0.64940 
 0.24002 0.35171 0.35175 -0.30646 -0.30791 0.03029 0.03072 0.65166 0.64825 
 0.24102 0.35291 0.35292 -0.30744 -0.30861 0.03039 0.03112 0.65047 0.64708 
 0.24202 0.35425 0.35409 -0.30827 -0.30928 0.03071 0.03141 0.64928 0.64590 
 0.24302 0.35548 0.35528 -0.30904 -0.30994 0.03096 0.03161 0.64819 0.64472 
 0.24402 0.35654 0.35648 -0.30988 -0.31057 0.03118 0.03171 0.64676 0.64352 
 0.24502 0.35767 0.35767 -0.31060 -0.31118 0.03142 0.03172 0.64532 0.64233 
 0.24602 0.35854 0.35886 -0.31133 -0.31177 0.03149 0.03163 0.64392 0.64114 
 0.24702 0.35938 0.36005 -0.31174 -0.31234 0.03165 0.03145 0.64264 0.63995 
 0.24802 0.36046 0.36123 -0.31237 -0.31288 0.03167 0.03118 0.64141 0.63877 
 0.24902 0.36175 0.36240 -0.31307 -0.31341 0.03142 0.03082 0.64018 0.63760 
 0.25003 0.36309 0.36355 -0.31397 -0.31391 0.03100 0.03038 0.63871 0.63645 
 0.25103 0.36446 0.36469 -0.31476 -0.31438 0.03054 0.02986 0.63736 0.63531 
 0.25203 0.36570 0.36580 -0.31544 -0.31484 0.03000 0.02925 0.63629 0.63420 
 0.25303 0.36699 0.36689 -0.31600 -0.31527 0.02941 0.02857 0.63544 0.63311 
 0.25403 0.36840 0.36795 -0.31682 -0.31568 0.02859 0.02782 0.63456 0.63204 
 0.25503 0.36954 0.36899 -0.31753 -0.31607 0.02799 0.02699 0.63370 0.63101 
 0.25603 0.37069 0.36999 -0.31823 -0.31644 0.02747 0.02610 0.63269 0.63001 
 0.25703 0.37176 0.37095 -0.31911 -0.31678 0.02676 0.02514 0.63160 0.62905 
 0.25803 0.37260 0.37188 -0.31980 -0.31711 0.02594 0.02412 0.63071 0.62812 
 0.25903 0.37345 0.37277 -0.32047 -0.31741 0.02507 0.02304 0.62971 0.62723 
 0.26003 0.37420 0.37362 -0.32124 -0.31769 0.02435 0.02191 0.62833 0.62638 
 0.26103 0.37487 0.37442 -0.32193 -0.31795 0.02347 0.02073 0.62730 0.62558 
 0.26203 0.37553 0.37518 -0.32231 -0.31820 0.02264 0.01950 0.62657 0.62482 
 0.26303 0.37609 0.37589 -0.32254 -0.31842 0.02177 0.01822 0.62569 0.62411 
 0.26403 0.37672 0.37655 -0.32297 -0.31862 0.02062 0.01690 0.62482 0.62345 
 0.26503 0.37736 0.37716 -0.32342 -0.31880 0.01928 0.01555 0.62421 0.62284 
 0.26603 0.37808 0.37772 -0.32390 -0.31897 0.01793 0.01416 0.62369 0.62228 
 0.26703 0.37864 0.37823 -0.32425 -0.31912 0.01638 0.01275 0.62320 0.62177 
 0.26803 0.37932 0.37868 -0.32468 -0.31925 0.01498 0.01130 0.62247 0.62132 
 0.26903 0.37989 0.37908 -0.32503 -0.31936 0.01350 0.00984 0.62182 0.62092 
 0.27003 0.38041 0.37942 -0.32540 -0.31945 0.01205 0.00835 0.62134 0.62058 
 0.27103 0.38066 0.37971 -0.32552 -0.31954 0.01056 0.00685 0.62098 0.62029 
 0.27203 0.38076 0.37994 -0.32566 -0.31960 0.00918 0.00534 0.62053 0.62006 
 0.27303 0.38105 0.38011 -0.32590 -0.31965 0.00782 0.00382 0.62013 0.61989 
 0.27403 0.38143 0.38023 -0.32621 -0.31969 0.00650 0.00230 0.61979 0.61977 
 0.27503 0.38170 0.38028 -0.32653 -0.31971 0.00491 0.00077 0.61962 0.61972 
 0.27603 0.38196 0.38028 -0.32683 -0.31972 0.00326 -0.00076 0.61959 0.61972 
 0.27703 0.38214 0.38023 -0.32704 -0.31972 0.00166 -0.00228 0.61964 0.61977 
 0.27803 0.38215 0.38011 -0.32739 -0.31971 0.00020 -0.00379 0.61945 0.61989 
 0.27903 0.38207 0.37994 -0.32778 -0.31968 -0.00112 -0.00529 0.61935 0.62006 
 0.28003 0.38210 0.37972 -0.32811 -0.31965 -0.00249 -0.00678 0.61928 0.62028 
 0.28103 0.38203 0.37943 -0.32835 -0.31961 -0.00392 -0.00825 0.61941 0.62057 
 0.28203 0.38175 0.37909 -0.32849 -0.31955 -0.00532 -0.00970 0.61962 0.62091 
 0.28303 0.38137 0.37870 -0.32850 -0.31949 -0.00672 -0.01112 0.62009 0.62130 
 0.28403 0.38111 0.37826 -0.32855 -0.31942 -0.00793 -0.01252 0.62056 0.62174 
 0.28503 0.38069 0.37776 -0.32837 -0.31935 -0.00899 -0.01389 0.62094 0.62224 
 0.28603 0.38027 0.37721 -0.32832 -0.31927 -0.01016 -0.01524 0.62109 0.62279 
 0.28703 0.37972 0.37661 -0.32820 -0.31918 -0.01143 -0.01654 0.62140 0.62339 
 0.28803 0.37929 0.37596 -0.32812 -0.31909 -0.01243 -0.01782 0.62172 0.62404 
 0.28903 0.37875 0.37527 -0.32807 -0.31899 -0.01356 -0.01905 0.62219 0.62473 
 0.29003 0.37823 0.37453 -0.32803 -0.31889 -0.01467 -0.02025 0.62274 0.62547 
 0.29103 0.37766 0.37374 -0.32797 -0.31879 -0.01582 -0.02140 0.62344 0.62626 
 0.29203 0.37716 0.37292 -0.32798 -0.31868 -0.01691 -0.02251 0.62421 0.62708 
 0.29303 0.37671 0.37205 -0.32805 -0.31858 -0.01813 -0.02358 0.62496 0.62795 
 0.29403 0.37623 0.37114 -0.32801 -0.31847 -0.01920 -0.02460 0.62566 0.62886 
 0.29503 0.37573 0.37020 -0.32808 -0.31836 -0.02011 -0.02557 0.62638 0.62980 
 0.29603 0.37521 0.36922 -0.32799 -0.31825 -0.02089 -0.02649 0.62699 0.63079 
 0.29703 0.37455 0.36820 -0.32784 -0.31814 -0.02167 -0.02737 0.62773 0.63180 
 0.29803 0.37373 0.36715 -0.32781 -0.31803 -0.02255 -0.02819 0.62842 0.63285 
 0.29903 0.37276 0.36608 -0.32796 -0.31793 -0.02354 -0.02896 0.62912 0.63392 
 0.30003 0.37172 0.36497 -0.32818 -0.31782 -0.02442 -0.02967 0.62972 0.63503 
 0.30103 0.37067 0.36384 -0.32831 -0.31772 -0.02522 -0.03033 0.63040 0.63616 
 0.30203 0.36954 0.36269 -0.32844 -0.31762 -0.02606 -0.03094 0.63102 0.63731 
 0.30303 0.36839 0.36151 -0.32863 -0.31753 -0.02695 -0.03150 0.63191 0.63849 
 0.30403 0.36743 0.36031 -0.32876 -0.31744 -0.02768 -0.03200 0.63299 0.63968 
 0.30503 0.36645 0.35910 -0.32886 -0.31735 -0.02820 -0.03244 0.63432 0.64090 
 0.30603 0.36542 0.35787 -0.32886 -0.31727 -0.02857 -0.03283 0.63550 0.64213 
 0.30703 0.36417 0.35663 -0.32888 -0.31719 -0.02894 -0.03316 0.63677 0.64337 
 0.30803 0.36300 0.35537 -0.32891 -0.31712 -0.02926 -0.03344 0.63807 0.64463 
 0.30903 0.36194 0.35411 -0.32891 -0.31705 -0.02950 -0.03367 0.63930 0.64589 
 0.31003 0.36088 0.35284 -0.32881 -0.31699 -0.02977 -0.03384 0.64039 0.64716 
 0.31103 0.35957 0.35156 -0.32870 -0.31694 -0.02994 -0.03395 0.64143 0.64844 
 0.31203 0.35845 0.35028 -0.32854 -0.31689 -0.03018 -0.03402 0.64250 0.64972 
 0.31303 0.35734 0.34900 -0.32839 -0.31685 -0.03043 -0.03403 0.64357 0.65100 
 0.31403 0.35629 0.34772 -0.32833 -0.31681 -0.03053 -0.03399 0.64453 0.65228 
 0.31503 0.35532 0.34644 -0.32839 -0.31679 -0.03061 -0.03390 0.64577 0.65356 
 0.31603 0.35443 0.34516 -0.32848 -0.31677 -0.03038 -0.03376 0.64697 0.65484 
 0.31703 0.35316 0.34389 -0.32843 -0.31676 -0.03017 -0.03358 0.64822 0.65611 
 0.31803 0.35192 0.34263 -0.32839 -0.31675 -0.02994 -0.03334 0.64945 0.65737 
 0.31903 0.35069 0.34138 -0.32834 -0.31676 -0.02977 -0.03306 0.65089 0.65862 
 0.32003 0.34965 0.34014 -0.32809 -0.31677 -0.02954 -0.03274 0.65220 0.65986 
 0.32103 0.34861 0.33892 -0.32802 -0.31679 -0.02945 -0.03237 0.65338 0.66108 
 0.32203 0.34746 0.33770 -0.32797 -0.31681 -0.02928 -0.03196 0.65427 0.66229 
 0.32303 0.34628 0.33651 -0.32783 -0.31685 -0.02911 -0.03151 0.65512 0.66349 
 0.32403 0.34503 0.33533 -0.32777 -0.31689 -0.02893 -0.03102 0.65607 0.66467 
 0.32503 0.34380 0.33417 -0.32758 -0.31694 -0.02849 -0.03050 0.65725 0.66583 
 0.32603 0.34276 0.33303 -0.32746 -0.31700 -0.02798 -0.02994 0.65852 0.66697 
 0.32703 0.34189 0.33192 -0.32732 -0.31707 -0.02732 -0.02934 0.65987 0.66808 
 0.32803 0.34106 0.33082 -0.32732 -0.31714 -0.02672 -0.02872 0.66103 0.66918 
 0.32903 0.34004 0.32975 -0.32751 -0.31722 -0.02615 -0.02806 0.66207 0.67025 
 0.33003 0.33891 0.32871 -0.32773 -0.31731 -0.02555 -0.02738 0.66297 0.67129 
 0.33103 0.33781 0.32769 -0.32800 -0.31741 -0.02503 -0.02667 0.66388 0.67231 
 0.33203 0.33686 0.32670 -0.32815 -0.31751 -0.02448 -0.02594 0.66473 0.67330 
 0.33303 0.33601 0.32574 -0.32826 -0.31762 -0.02384 -0.02518 0.66559 0.67426 
 0.33403 0.33513 0.32480 -0.32828 -0.31774 -0.02327 -0.02441 0.66642 0.67520 
 0.33503 0.33426 0.32390 -0.32816 -0.31787 -0.02255 -0.02361 0.66723 0.67610 
 0.33603 0.33355 0.32302 -0.32802 -0.31800 -0.02176 -0.02280 0.66797 0.67698 
 0.33703 0.33283 0.32218 -0.32798 -0.31814 -0.02094 -0.02198 0.66872 0.67782 
 0.33803 0.33219 0.32137 -0.32800 -0.31828 -0.02017 -0.02114 0.66940 0.67863 
 0.33903 0.33152 0.32059 -0.32795 -0.31843 -0.01949 -0.02029 0.67021 0.67941 
 0.34003 0.33083 0.31984 -0.32797 -0.31858 -0.01876 -0.01943 0.67088 0.68016 
 0.34103 0.33022 0.31912 -0.32800 -0.31874 -0.01799 -0.01857 0.67153 0.68088 
 0.34203 0.32969 0.31844 -0.32807 -0.31891 -0.01727 -0.01770 0.67212 0.68156 
 0.34303 0.32917 0.31779 -0.32815 -0.31907 -0.01651 -0.01682 0.67268 0.68221 
 0.34403 0.32865 0.31717 -0.32818 -0.31925 -0.01572 -0.01595 0.67328 0.68283 
 0.34503 0.32819 0.31659 -0.32830 -0.31943 -0.01498 -0.01507 0.67391 0.68341 
 0.34603 0.32778 0.31604 -0.32847 -0.31961 -0.01423 -0.01420 0.67454 0.68396 
 0.34703 0.32735 0.31552 -0.32869 -0.31979 -0.01353 -0.01333 0.67514 0.68448 
 0.34803 0.32697 0.31503 -0.32891 -0.31998 -0.01282 -0.01247 0.67574 0.68497 
 0.34903 0.32654 0.31458 -0.32908 -0.32017 -0.01215 -0.01162 0.67627 0.68542 
 0.35004 0.32616 0.31416 -0.32929 -0.32037 -0.01141 -0.01077 0.67670 0.68584 
 0.35104 0.32584 0.31377 -0.32940 -0.32056 -0.01065 -0.00994 0.67703 0.68623 
 0.35204 0.32553 0.31341 -0.32948 -0.32076 -0.00986 -0.00911 0.67739 0.68659 
 0.35304 0.32530 0.31308 -0.32952 -0.32096 -0.00902 -0.00830 0.67780 0.68692 
 0.35404 0.32501 0.31278 -0.32970 -0.32116 -0.00828 -0.00751 0.67813 0.68722 
 0.35504 0.32472 0.31251 -0.32986 -0.32136 -0.00755 -0.00673 0.67851 0.68749 
 0.35604 0.32450 0.31228 -0.33013 -0.32156 -0.00683 -0.00597 0.67874 0.68773 
 0.35704 0.32419 0.31206 -0.33036 -0.32177 -0.00614 -0.00523 0.67905 0.68794 
 0.35804 0.32389 0.31188 -0.33063 -0.32197 -0.00538 -0.00450 0.67926 0.68812 
 0.35904 0.32365 0.31172 -0.33082 -0.32217 -0.00466 -0.00380 0.67948 0.68828 
 0.36004 0.32342 0.31159 -0.33107 -0.32237 -0.00396 -0.00312 0.67962 0.68841 
 0.36104 0.32325 0.31149 -0.33134 -0.32257 -0.00333 -0.00247 0.67968 0.68851 
 0.36204 0.32310 0.31141 -0.33156 -0.32277 -0.00266 -0.00184 0.67977 0.68859 
 0.36304 0.32295 0.31135 -0.33180 -0.32297 -0.00207 -0.00123 0.67986 0.68865 
 0.36404 0.32292 0.31132 -0.33209 -0.32316 -0.00150 -0.00065 0.67993 0.68868 
 0.36504 0.32293 0.31130 -0.33230 -0.32335 -0.00088 -0.00009 0.68007 0.68870 
 0.36604 0.32288 0.31131 -0.33259 -0.32354 -0.00034 0.00044 0.68011 0.68869 
 0.36704 0.32281 0.31133 -0.33292 -0.32373 0.00015 0.00094 0.67999 0.68867 
 0.36804 0.32287 0.31138 -0.33325 -0.32392 0.00070 0.00141 0.67984 0.68862 
 0.36904 0.32288 0.31144 -0.33350 -0.32410 0.00126 0.00186 0.67972 0.68856 
 0.37004 0.32296 0.31152 -0.33377 -0.32427 0.00176 0.00227 0.67970 0.68848 
 0.37104 0.32302 0.31161 -0.33396 -0.32445 0.00221 0.00266 0.67973 0.68839 
 0.37204 0.32312 0.31172 -0.33420 -0.32462 0.00266 0.00302 0.67968 0.68828 
 0.37304 0.32324 0.31184 -0.33435 -0.32479 0.00307 0.00334 0.67961 0.68816 
 0.37404 0.32340 0.31197 -0.33450 -0.32495 0.00343 0.00364 0.67951 0.68803 
 0.37504 0.32354 0.31211 -0.33468 -0.32510 0.00372 0.00391 0.67946 0.68789 
 0.37604 0.32373 0.31226 -0.33489 -0.32526 0.00402 0.00415 0.67939 0.68774 
 0.37704 0.32391 0.31242 -0.33510 -0.32540 0.00421 0.00436 0.67920 0.68758 
 0.37804 0.32410 0.31259 -0.33537 -0.32555 0.00444 0.00454 0.67895 0.68741 
 0.37904 0.32416 0.31277 -0.33550 -0.32568 0.00466 0.00469 0.67874 0.68724 
 0.38004 0.32425 0.31294 -0.33574 -0.32582 0.00489 0.00481 0.67843 0.68706 
 0.38104 0.32433 0.31313 -0.33582 -0.32594 0.00503 0.00490 0.67827 0.68687 
 0.38204 0.32446 0.31331 -0.33589 -0.32606 0.00521 0.00496 0.67815 0.68669 
 0.38304 0.32468 0.31350 -0.33604 -0.32618 0.00529 0.00500 0.67810 0.68650 
 0.38404 0.32500 0.31369 -0.33624 -0.32629 0.00535 0.00501 0.67802 0.68631 
 0.38504 0.32528 0.31388 -0.33646 -0.32639 0.00539 0.00499 0.67781 0.68612 
 0.38604 0.32557 0.31406 -0.33664 -0.32649 0.00543 0.00495 0.67765 0.68593 
 0.38704 0.32577 0.31425 -0.33688 -0.32658 0.00537 0.00488 0.67748 0.68575 
 0.38804 0.32594 0.31443 -0.33704 -0.32667 0.00537 0.00478 0.67732 0.68557 
 0.38904 0.32603 0.31461 -0.33724 -0.32675 0.00540 0.00466 0.67712 0.68539 
 0.39004 0.32619 0.31478 -0.33746 -0.32682 0.00539 0.00452 0.67692 0.68522 
 0.39104 0.32631 0.31495 -0.33774 -0.32689 0.00534 0.00435 0.67672 0.68505 
 0.39204 0.32656 0.31511 -0.33795 -0.32695 0.00531 0.00417 0.67651 0.68489 
 0.39304 0.32674 0.31526 -0.33823 -0.32701 0.00522 0.00396 0.67631 0.68474 
 0.39404 0.32696 0.31541 -0.33855 -0.32706 0.00515 0.00373 0.67610 0.68459 
 0.39504 0.32718 0.31555 -0.33880 -0.32710 0.00501 0.00348 0.67578 0.68446 
 0.39604 0.32734 0.31567 -0.33902 -0.32714 0.00484 0.00321 0.67550 0.68433 
 0.39704 0.32745 0.31579 -0.33926 -0.32717 0.00464 0.00293 0.67538 0.68421 
 0.39804 0.32755 0.31589 -0.33944 -0.32720 0.00445 0.00263 0.67529 0.68411 
 0.39904 0.32777 0.31599 -0.33961 -0.32722 0.00427 0.00231 0.67518 0.68402 
 0.40004 0.32796 0.31606 -0.33972 -0.32723 0.00409 0.00198 0.67511 0.68393 
 0.40104 0.32815 0.31613 -0.33984 -0.32724 0.00387 0.00163 0.67501 0.68387 
 0.40204 0.32822 0.31619 -0.33998 -0.32724 0.00361 0.00128 0.67483 0.68381 
 0.40304 0.32827 0.31623 -0.34014 -0.32724 0.00332 0.00091 0.67467 0.68377 
 0.40404 0.32820 0.31626 -0.34025 -0.32724 0.00305 0.00053 0.67454 0.68374 
 0.40504 0.32820 0.31627 -0.34031 -0.32722 0.00280 0.00014 0.67436 0.68373 
 0.40604 0.32818 0.31627 -0.34036 -0.32721 0.00246 -0.00026 0.67423 0.68373 
 0.40704 0.32817 0.31625 -0.34044 -0.32719 0.00211 -0.00066 0.67418 0.68375 
 0.40804 0.32822 0.31622 -0.34054 -0.32716 0.00174 -0.00107 0.67418 0.68378 
 0.40904 0.32831 0.31617 -0.34060 -0.32713 0.00142 -0.00149 0.67412 0.68383 
 0.41004 0.32842 0.31611 -0.34071 -0.32710 0.00113 -0.00191 0.67404 0.68390 
 0.41104 0.32857 0.31603 -0.34084 -0.32706 0.00077 -0.00233 0.67393 0.68397 
 0.41204 0.32870 0.31593 -0.34101 -0.32702 0.00038 -0.00276 0.67383 0.68407 
 0.41304 0.32876 0.31582 -0.34119 -0.32697 0.00002 -0.00318 0.67373 0.68418 
 0.41404 0.32886 0.31569 -0.34132 -0.32692 -0.00033 -0.00361 0.67364 0.68431 
 0.41504 0.32893 0.31555 -0.34145 -0.32687 -0.00073 -0.00404 0.67362 0.68445 
 0.41604 0.32891 0.31539 -0.34153 -0.32681 -0.00114 -0.00446 0.67364 0.68461 
 0.41704 0.32885 0.31521 -0.34167 -0.32675 -0.00155 -0.00488 0.67365 0.68479 
 0.41804 0.32882 0.31502 -0.34178 -0.32669 -0.00194 -0.00530 0.67371 0.68498 
 0.41904 0.32874 0.31481 -0.34189 -0.32662 -0.00235 -0.00572 0.67384 0.68519 
 0.42004 0.32863 0.31459 -0.34196 -0.32656 -0.00276 -0.00613 0.67397 0.68541 
 0.42104 0.32855 0.31435 -0.34202 -0.32649 -0.00314 -0.00653 0.67408 0.68565 
 0.42204 0.32845 0.31410 -0.34205 -0.32641 -0.00354 -0.00692 0.67416 0.68590 
 0.42304 0.32828 0.31383 -0.34206 -0.32634 -0.00390 -0.00731 0.67423 0.68617 
 0.42404 0.32811 0.31355 -0.34203 -0.32626 -0.00422 -0.00769 0.67431 0.68646 
 0.42504 0.32791 0.31325 -0.34205 -0.32619 -0.00457 -0.00807 0.67433 0.68675 
 0.42604 0.32769 0.31294 -0.34208 -0.32611 -0.00492 -0.00843 0.67447 0.68706 
 0.42704 0.32747 0.31261 -0.34213 -0.32603 -0.00530 -0.00878 0.67470 0.68739 
 0.42804 0.32723 0.31228 -0.34214 -0.32595 -0.00567 -0.00912 0.67493 0.68772 
 0.42904 0.32704 0.31193 -0.34217 -0.32587 -0.00601 -0.00945 0.67510 0.68807 
 0.43004 0.32681 0.31156 -0.34218 -0.32579 -0.00634 -0.00977 0.67532 0.68844 
 0.43104 0.32653 0.31119 -0.34219 -0.32570 -0.00663 -0.01007 0.67550 0.68881 
 0.43204 0.32619 0.31080 -0.34218 -0.32562 -0.00695 -0.01036 0.67577 0.68920 
 0.43304 0.32585 0.31041 -0.34213 -0.32554 -0.00723 -0.01064 0.67601 0.68959 
 0.43404 0.32548 0.31000 -0.34211 -0.32546 -0.00753 -0.01091 0.67621 0.69000 
 0.43504 0.32516 0.30959 -0.34211 -0.32537 -0.00783 -0.01116 0.67643 0.69041 
 0.43604 0.32481 0.30916 -0.34211 -0.32529 -0.00814 -0.01139 0.67671 0.69084 
 0.43704 0.32448 0.30873 -0.34212 -0.32521 -0.00841 -0.01161 0.67701 0.69127 
 0.43804 0.32415 0.30829 -0.34214 -0.32513 -0.00867 -0.01182 0.67735 0.69171 
 0.43904 0.32379 0.30784 -0.34214 -0.32505 -0.00889 -0.01201 0.67767 0.69216 
 0.44004 0.32340 0.30738 -0.34215 -0.32497 -0.00913 -0.01219 0.67800 0.69262 
 0.44104 0.32305 0.30692 -0.34212 -0.32490 -0.00938 -0.01235 0.67839 0.69308 
 0.44204 0.32273 0.30645 -0.34208 -0.32482 -0.00960 -0.01249 0.67877 0.69355 
 0.44304 0.32237 0.30598 -0.34204 -0.32475 -0.00980 -0.01262 0.67915 0.69402 
 0.44404 0.32194 0.30550 -0.34202 -0.32467 -0.01002 -0.01273 0.67950 0.69450 
 0.44504 0.32152 0.30502 -0.34197 -0.32460 -0.01022 -0.01283 0.67986 0.69498 
 0.44604 0.32111 0.30454 -0.34192 -0.32453 -0.01039 -0.01291 0.68025 0.69546 
 0.44704 0.32074 0.30405 -0.34185 -0.32447 -0.01055 -0.01298 0.68063 0.69595 
 0.44804 0.32038 0.30356 -0.34179 -0.32440 -0.01068 -0.01303 0.68103 0.69644 
 0.44904 0.32001 0.30307 -0.34179 -0.32434 -0.01078 -0.01306 0.68140 0.69693 
 0.45005 0.31967 0.30257 -0.34181 -0.32427 -0.01086 -0.01308 0.68177 0.69743 
 0.45105 0.31936 0.30208 -0.34178 -0.32421 -0.01095 -0.01309 0.68217 0.69792 
 0.45205 0.31900 0.30159 -0.34180 -0.32416 -0.01107 -0.01307 0.68263 0.69841 
 0.45305 0.31863 0.30110 -0.34182 -0.32410 -0.01116 -0.01305 0.68308 0.69890 
 0.45405 0.31824 0.30061 -0.34183 -0.32405 -0.01125 -0.01301 0.68353 0.69939 
 0.45505 0.31778 0.30012 -0.34180 -0.32400 -0.01136 -0.01296 0.68399 0.69988 
 0.45605 0.31726 0.29963 -0.34179 -0.32395 -0.01145 -0.01289 0.68442 0.70037 
 0.45705 0.31677 0.29914 -0.34171 -0.32391 -0.01153 -0.01281 0.68491 0.70086 
 0.45805 0.31626 0.29867 -0.34166 -0.32387 -0.01159 -0.01271 0.68537 0.70134 
 0.45905 0.31580 0.29819 -0.34160 -0.32383 -0.01161 -0.01261 0.68585 0.70181 
 0.46005 0.31532 0.29772 -0.34153 -0.32379 -0.01157 -0.01249 0.68636 0.70229 
 0.46105 0.31485 0.29725 -0.34146 -0.32376 -0.01151 -0.01236 0.68689 0.70275 
 0.46205 0.31436 0.29678 -0.34139 -0.32372 -0.01147 -0.01222 0.68740 0.70322 
 0.46305 0.31388 0.29633 -0.34131 -0.32369 -0.01142 -0.01206 0.68790 0.70367 
 0.46405 0.31342 0.29587 -0.34125 -0.32367 -0.01139 -0.01190 0.68838 0.70413 
 0.46505 0.31298 0.29543 -0.34121 -0.32364 -0.01131 -0.01173 0.68883 0.70457 
 0.46605 0.31257 0.29499 -0.34119 -0.32362 -0.01124 -0.01154 0.68925 0.70501 
 0.46705 0.31215 0.29456 -0.34117 -0.32360 -0.01110 -0.01135 0.68967 0.70544 
 0.46805 0.31170 0.29414 -0.34116 -0.32358 -0.01098 -0.01115 0.69012 0.70586 
 0.46905 0.31124 0.29372 -0.34112 -0.32357 -0.01080 -0.01094 0.69056 0.70628 
 0.47005 0.31079 0.29331 -0.34107 -0.32356 -0.01066 -0.01073 0.69097 0.70669 
 0.47105 0.31038 0.29291 -0.34105 -0.32355 -0.01052 -0.01051 0.69137 0.70709 
 0.47205 0.30995 0.29252 -0.34106 -0.32354 -0.01037 -0.01028 0.69176 0.70748 
 0.47305 0.30953 0.29214 -0.34105 -0.32353 -0.01023 -0.01005 0.69218 0.70786 
 0.47405 0.30912 0.29176 -0.34103 -0.32353 -0.01007 -0.00981 0.69262 0.70824 
 0.47505 0.30872 0.29140 -0.34098 -0.32353 -0.00989 -0.00956 0.69310 0.70860 
 0.47605 0.30831 0.29104 -0.34094 -0.32353 -0.00970 -0.00932 0.69354 0.70896 
 0.47705 0.30792 0.29070 -0.34093 -0.32353 -0.00950 -0.00906 0.69391 0.70930 
 0.47805 0.30752 0.29036 -0.34091 -0.32354 -0.00929 -0.00881 0.69428 0.70964 
 0.47905 0.30719 0.29003 -0.34090 -0.32354 -0.00906 -0.00855 0.69461 0.70997 
 0.48005 0.30689 0.28972 -0.34088 -0.32355 -0.00883 -0.00830 0.69494 0.71028 
 0.48105 0.30661 0.28941 -0.34087 -0.32356 -0.00861 -0.00804 0.69526 0.71059 
 0.48205 0.30634 0.28911 -0.34088 -0.32357 -0.00840 -0.00778 0.69560 0.71089 
 0.48305 0.30610 0.28882 -0.34091 -0.32359 -0.00819 -0.00752 0.69593 0.71118 
 0.48405 0.30584 0.28854 -0.34093 -0.32360 -0.00799 -0.00726 0.69624 0.71146 
 0.48505 0.30555 0.28828 -0.34095 -0.32362 -0.00776 -0.00700 0.69653 0.71173 
 0.48605 0.30526 0.28802 -0.34097 -0.32364 -0.00754 -0.00674 0.69680 0.71198 
 0.48705 0.30498 0.28777 -0.34097 -0.32365 -0.00732 -0.00648 0.69704 0.71223 
 0.48805 0.30469 0.28753 -0.34098 -0.32367 -0.00710 -0.00623 0.69727 0.71247 
 0.48905 0.30444 0.28730 -0.34098 -0.32369 -0.00688 -0.00598 0.69754 0.71270 
 0.49005 0.30420 0.28708 -0.34099 -0.32371 -0.00663 -0.00573 0.69782 0.71292 
 0.49105 0.30395 0.28687 -0.34102 -0.32373 -0.00640 -0.00549 0.69809 0.71313 
 0.49205 0.30370 0.28666 -0.34109 -0.32376 -0.00616 -0.00525 0.69838 0.71334 
 0.49305 0.30348 0.28647 -0.34113 -0.32378 -0.00591 -0.00501 0.69861 0.71353 
 0.49405 0.30325 0.28629 -0.34119 -0.32380 -0.00570 -0.00478 0.69883 0.71371 
 0.49505 0.30305 0.28611 -0.34126 -0.32383 -0.00547 -0.00455 0.69901 0.71389 
 0.49605 0.30284 0.28594 -0.34131 -0.32385 -0.00525 -0.00433 0.69919 0.71406 
 0.49705 0.30267 0.28578 -0.34135 -0.32387 -0.00500 -0.00412 0.69935 0.71422 
 0.49805 0.30248 0.28563 -0.34140 -0.32390 -0.00480 -0.00391 0.69952 0.71437 
 0.49905 0.30230 0.28549 -0.34142 -0.32392 -0.00460 -0.00371 0.69966 0.71451 
 0.50005 0.30210 0.28535 -0.34144 -0.32394 -0.00440 -0.00351 0.69978 0.71465 
 0.50105 0.30193 0.28523 -0.34147 -0.32397 -0.00420 -0.00332 0.69988 0.71478 
 0.50205 0.30176 0.28510 -0.34150 -0.32399 -0.00398 -0.00314 0.69998 0.71490 
 0.50305 0.30162 0.28499 -0.34154 -0.32401 -0.00377 -0.00297 0.70009 0.71501 
 0.50405 0.30145 0.28488 -0.34160 -0.32404 -0.00357 -0.00280 0.70020 0.71512 
 0.50505 0.30131 0.28478 -0.34165 -0.32406 -0.00335 -0.00264 0.70030 0.71522 
 0.50605 0.30116 0.28468 -0.34172 -0.32408 -0.00312 -0.00249 0.70040 0.71532 
 0.50705 0.30104 0.28459 -0.34180 -0.32410 -0.00291 -0.00235 0.70047 0.71541 
 0.50805 0.30094 0.28450 -0.34187 -0.32412 -0.00270 -0.00222 0.70055 0.71550 
 0.50905 0.30086 0.28442 -0.34197 -0.32414 -0.00251 -0.00209 0.70061 0.71558 
 0.51005 0.30076 0.28435 -0.34206 -0.32416 -0.00236 -0.00197 0.70073 0.71566 
 0.51105 0.30068 0.28427 -0.34214 -0.32417 -0.00221 -0.00186 0.70081 0.71573 
 0.51205 0.30059 0.28420 -0.34221 -0.32419 -0.00206 -0.00176 0.70089 0.71579 
 0.51305 0.30052 0.28414 -0.34230 -0.32421 -0.00189 -0.00167 0.70093 0.71586 
 0.51405 0.30044 0.28408 -0.34238 -0.32422 -0.00173 -0.00159 0.70098 0.71592 
 0.51505 0.30037 0.28402 -0.34248 -0.32423 -0.00161 -0.00151 0.70102 0.71598 
 0.51605 0.30031 0.28396 -0.34257 -0.32424 -0.00148 -0.00145 0.70106 0.71604 
 0.51705 0.30024 0.28391 -0.34266 -0.32425 -0.00136 -0.00139 0.70110 0.71609 
 0.51805 0.30017 0.28386 -0.34277 -0.32426 -0.00124 -0.00134 0.70116 0.71614 
 0.51905 0.30014 0.28381 -0.34286 -0.32427 -0.00112 -0.00130 0.70119 0.71619 
 0.52005 0.30011 0.28376 -0.34294 -0.32427 -0.00100 -0.00127 0.70123 0.71624 
 0.52105 0.30011 0.28371 -0.34301 -0.32428 -0.00087 -0.00124 0.70127 0.71629 
 0.52205 0.30010 0.28367 -0.34310 -0.32428 -0.00076 -0.00123 0.70130 0.71633 
 0.52305 0.30010 0.28362 -0.34319 -0.32428 -0.00066 -0.00122 0.70131 0.71638 
 0.52405 0.30010 0.28358 -0.34329 -0.32428 -0.00057 -0.00122 0.70132 0.71642 
 0.52505 0.30011 0.28353 -0.34337 -0.32428 -0.00048 -0.00122 0.70132 0.71647 
 0.52605 0.30010 0.28348 -0.34347 -0.32428 -0.00042 -0.00123 0.70132 0.71652 
 0.52705 0.30008 0.28344 -0.34356 -0.32427 -0.00037 -0.00126 0.70129 0.71656 
 0.52805 0.30006 0.28339 -0.34364 -0.32427 -0.00031 -0.00128 0.70126 0.71661 
 0.52905 0.30006 0.28334 -0.34370 -0.32426 -0.00026 -0.00132 0.70124 0.71666 
 0.53005 0.30004 0.28329 -0.34376 -0.32425 -0.00020 -0.00136 0.70121 0.71671 
 0.53105 0.30003 0.28324 -0.34379 -0.32423 -0.00015 -0.00141 0.70120 0.71676 
 0.53205 0.30002 0.28318 -0.34383 -0.32422 -0.00011 -0.00146 0.70118 0.71682 
 0.53305 0.30001 0.28313 -0.34387 -0.32421 -0.00009 -0.00152 0.70117 0.71687 
 0.53405 0.29999 0.28307 -0.34390 -0.32419 -0.00009 -0.00158 0.70117 0.71693 
 0.53505 0.29998 0.28301 -0.34393 -0.32417 -0.00009 -0.00165 0.70117 0.71699 
 0.53605 0.29995 0.28295 -0.34396 -0.32416 -0.00011 -0.00173 0.70116 0.71705 
 0.53705 0.29993 0.28288 -0.34400 -0.32413 -0.00013 -0.00181 0.70116 0.71712 
 0.53805 0.29991 0.28281 -0.34405 -0.32411 -0.00015 -0.00189 0.70115 0.71719 
 0.53905 0.29990 0.28274 -0.34412 -0.32409 -0.00020 -0.00198 0.70115 0.71726 
 0.54005 0.29989 0.28266 -0.34417 -0.32406 -0.00027 -0.00207 0.70116 0.71734 
 0.54105 0.29989 0.28258 -0.34423 -0.32404 -0.00034 -0.00216 0.70118 0.71742 
 0.54205 0.29989 0.28250 -0.34428 -0.32401 -0.00041 -0.00226 0.70120 0.71750 
 0.54305 0.29990 0.28241 -0.34433 -0.32398 -0.00048 -0.00236 0.70123 0.71759 
 0.54405 0.29990 0.28232 -0.34437 -0.32395 -0.00056 -0.00247 0.70123 0.71768 
 0.54505 0.29992 0.28222 -0.34442 -0.32392 -0.00062 -0.00257 0.70122 0.71778 
 0.54605 0.29992 0.28212 -0.34446 -0.32388 -0.00067 -0.00268 0.70121 0.71788 
 0.54705 0.29991 0.28202 -0.34453 -0.32385 -0.00074 -0.00279 0.70123 0.71798 
 0.54805 0.29987 0.28191 -0.34460 -0.32382 -0.00082 -0.00291 0.70125 0.71809 
 0.54905 0.29982 0.28180 -0.34467 -0.32378 -0.00090 -0.00302 0.70128 0.71820 
 0.55006 0.29974 0.28169 -0.34472 -0.32374 -0.00099 -0.00313 0.70133 0.71831 
 0.55106 0.29966 0.28157 -0.34478 -0.32370 -0.00110 -0.00325 0.70136 0.71843 
 0.55206 0.29956 0.28144 -0.34483 -0.32366 -0.00121 -0.00336 0.70139 0.71856 
 0.55306 0.29949 0.28131 -0.34489 -0.32362 -0.00133 -0.00348 0.70141 0.71869 
 0.55406 0.29942 0.28118 -0.34492 -0.32358 -0.00146 -0.00359 0.70142 0.71882 
 0.55506 0.29933 0.28104 -0.34498 -0.32354 -0.00159 -0.00370 0.70145 0.71896 
 0.55606 0.29925 0.28090 -0.34503 -0.32350 -0.00171 -0.00382 0.70148 0.71910 
 0.55706 0.29919 0.28075 -0.34507 -0.32345 -0.00182 -0.00393 0.70152 0.71925 
 0.55806 0.29911 0.28060 -0.34509 -0.32341 -0.00193 -0.00404 0.70155 0.71940 
 0.55906 0.29902 0.28045 -0.34512 -0.32337 -0.00205 -0.00415 0.70159 0.71955 
 0.56006 0.29893 0.28029 -0.34515 -0.32332 -0.00216 -0.00426 0.70164 0.71971 
 0.56106 0.29884 0.28013 -0.34517 -0.32327 -0.00229 -0.00436 0.70172 0.71987 
 0.56206 0.29876 0.27996 -0.34518 -0.32323 -0.00242 -0.00447 0.70180 0.72004 
 0.56306 0.29867 0.27979 -0.34521 -0.32318 -0.00255 -0.00457 0.70188 0.72021 
 0.56406 0.29857 0.27962 -0.34524 -0.32314 -0.00268 -0.00466 0.70195 0.72038 
 0.56506 0.29846 0.27944 -0.34526 -0.32309 -0.00281 -0.00476 0.70201 0.72056 
 0.56606 0.29835 0.27926 -0.34527 -0.32304 -0.00294 -0.00485 0.70209 0.72074 
 0.56706 0.29823 0.27908 -0.34528 -0.32299 -0.00308 -0.00494 0.70217 0.72092 
 0.56806 0.29811 0.27889 -0.34528 -0.32295 -0.00321 -0.00503 0.70227 0.72111 
 0.56906 0.29799 0.27870 -0.34528 -0.32290 -0.00334 -0.00511 0.70238 0.72130 
 0.57006 0.29787 0.27850 -0.34530 -0.32285 -0.00347 -0.00519 0.70249 0.72150 
 0.57106 0.29773 0.27831 -0.34531 -0.32281 -0.00362 -0.00527 0.70261 0.72169 
 0.57206 0.29758 0.27811 -0.34533 -0.32276 -0.00376 -0.00534 0.70273 0.72189 
 0.57306 0.29743 0.27791 -0.34534 -0.32271 -0.00390 -0.00540 0.70287 0.72210 
 0.57406 0.29728 0.27770 -0.34535 -0.32266 -0.00401 -0.00547 0.70300 0.72230 
 0.57506 0.29712 0.27749 -0.34535 -0.32262 -0.00412 -0.00553 0.70313 0.72251 
 0.57606 0.29696 0.27728 -0.34535 -0.32257 -0.00423 -0.00558 0.70328 0.72272 
 0.57706 0.29679 0.27707 -0.34535 -0.32253 -0.00434 -0.00563 0.70345 0.72293 
 0.57806 0.29663 0.27686 -0.34533 -0.32248 -0.00445 -0.00568 0.70363 0.72314 
 0.57906 0.29646 0.27664 -0.34531 -0.32244 -0.00454 -0.00572 0.70382 0.72336 
 0.58006 0.29629 0.27643 -0.34528 -0.32239 -0.00464 -0.00576 0.70400 0.72357 
 0.58106 0.29612 0.27621 -0.34525 -0.32235 -0.00473 -0.00579 0.70419 0.72379 
 0.58206 0.29593 0.27599 -0.34523 -0.32230 -0.00482 -0.00582 0.70439 0.72401 
 0.58306 0.29575 0.27577 -0.34521 -0.32226 -0.00491 -0.00585 0.70460 0.72423 
 0.58406 0.29557 0.27555 -0.34518 -0.32222 -0.00499 -0.00587 0.70482 0.72445 
 0.58506 0.29538 0.27533 -0.34515 -0.32218 -0.00506 -0.00588 0.70504 0.72467 
 0.58606 0.29519 0.27511 -0.34512 -0.32214 -0.00515 -0.00589 0.70526 0.72489 
 0.58706 0.29498 0.27489 -0.34510 -0.32210 -0.00524 -0.00590 0.70548 0.72511 
 0.58806 0.29475 0.27466 -0.34507 -0.32205 -0.00531 -0.00590 0.70569 0.72534 
 0.58906 0.29452 0.27444 -0.34503 -0.32202 -0.00538 -0.00590 0.70591 0.72556 
 0.59006 0.29427 0.27422 -0.34500 -0.32198 -0.00545 -0.00589 0.70614 0.72578 
 0.59106 0.29403 0.27400 -0.34497 -0.32194 -0.00551 -0.00588 0.70638 0.72600 
 0.59206 0.29380 0.27378 -0.34495 -0.32190 -0.00557 -0.00587 0.70662 0.72622 
 0.59306 0.29357 0.27356 -0.34492 -0.32187 -0.00561 -0.00585 0.70687 0.72644 
 0.59406 0.29334 0.27334 -0.34489 -0.32183 -0.00564 -0.00582 0.70710 0.72666 
 0.59506 0.29312 0.27312 -0.34486 -0.32180 -0.00567 -0.00580 0.70734 0.72688 
 0.59606 0.29289 0.27290 -0.34482 -0.32176 -0.00569 -0.00577 0.70757 0.72710 
 0.59706 0.29266 0.27268 -0.34478 -0.32173 -0.00570 -0.00573 0.70780 0.72732 
 0.59806 0.29242 0.27247 -0.34474 -0.32170 -0.00571 -0.00569 0.70804 0.72753 
 0.59906 0.29218 0.27225 -0.34469 -0.32167 -0.00572 -0.00565 0.70826 0.72775 
 0.60006 0.29194 0.27204 -0.34465 -0.32164 -0.00573 -0.00561 0.70848 0.72796 
 0.60106 0.29169 0.27183 -0.34462 -0.32161 -0.00573 -0.00556 0.70869 0.72817 
 0.60206 0.29143 0.27162 -0.34457 -0.32158 -0.00571 -0.00551 0.70891 0.72838 
 0.60306 0.29119 0.27142 -0.34453 -0.32155 -0.00568 -0.00545 0.70913 0.72858 
 0.60406 0.29097 0.27121 -0.34449 -0.32153 -0.00565 -0.00540 0.70934 0.72879 
 0.60506 0.29074 0.27101 -0.34446 -0.32150 -0.00561 -0.00534 0.70955 0.72899 
 0.60606 0.29052 0.27081 -0.34442 -0.32147 -0.00558 -0.00528 0.70976 0.72919 
 0.60706 0.29030 0.27061 -0.34439 -0.32145 -0.00554 -0.00521 0.70997 0.72939 
 0.60806 0.29008 0.27042 -0.34434 -0.32143 -0.00551 -0.00514 0.71018 0.72958 
 0.60906 0.28987 0.27022 -0.34430 -0.32140 -0.00547 -0.00508 0.71037 0.72977 
 0.61006 0.28964 0.27004 -0.34427 -0.32138 -0.00542 -0.00501 0.71057 0.72996 
 0.61106 0.28941 0.26985 -0.34423 -0.32136 -0.00536 -0.00493 0.71077 0.73015 
 0.61206 0.28918 0.26966 -0.34420 -0.32134 -0.00531 -0.00486 0.71096 0.73034 
 0.61306 0.28898 0.26948 -0.34416 -0.32132 -0.00525 -0.00478 0.71116 0.73052 
 0.61406 0.28877 0.26930 -0.34413 -0.32130 -0.00518 -0.00471 0.71135 0.73070 
 0.61506 0.28857 0.26913 -0.34409 -0.32128 -0.00511 -0.00463 0.71154 0.73087 
 0.61606 0.28837 0.26895 -0.34406 -0.32126 -0.00504 -0.00455 0.71174 0.73105 
 0.61706 0.28818 0.26878 -0.34403 -0.32124 -0.00497 -0.00447 0.71193 0.73122 
 0.61806 0.28799 0.26862 -0.34400 -0.32123 -0.00489 -0.00439 0.71211 0.73138 
 0.61906 0.28780 0.26845 -0.34397 -0.32121 -0.00481 -0.00431 0.71229 0.73155 
 0.62006 0.28761 0.26829 -0.34395 -0.32120 -0.00474 -0.00423 0.71247 0.73171 
 0.62106 0.28742 0.26813 -0.34394 -0.32118 -0.00467 -0.00415 0.71264 0.73187 
 0.62206 0.28724 0.26798 -0.34391 -0.32116 -0.00458 -0.00407 0.71280 0.73202 
 0.62306 0.28706 0.26783 -0.34389 -0.32115 -0.00450 -0.00399 0.71296 0.73217 
 0.62406 0.28688 0.26768 -0.34387 -0.32114 -0.00441 -0.00391 0.71312 0.73232 
 0.62506 0.28670 0.26753 -0.34384 -0.32112 -0.00432 -0.00383 0.71327 0.73247 
 0.62606 0.28652 0.26739 -0.34382 -0.32111 -0.00423 -0.00375 0.71342 0.73261 
 0.62706 0.28635 0.26725 -0.34380 -0.32110 -0.00414 -0.00367 0.71357 0.73275 
 0.62806 0.28619 0.26711 -0.34378 -0.32109 -0.00405 -0.00360 0.71371 0.73289 
 0.62906 0.28603 0.26698 -0.34376 -0.32107 -0.00396 -0.00352 0.71384 0.73302 
 0.63006 0.28587 0.26685 -0.34374 -0.32106 -0.00387 -0.00344 0.71397 0.73315 
 0.63106 0.28572 0.26672 -0.34372 -0.32105 -0.00377 -0.00337 0.71411 0.73328 
 0.63206 0.28556 0.26659 -0.34370 -0.32104 -0.00368 -0.00330 0.71423 0.73341 
 0.63306 0.28540 0.26647 -0.34369 -0.32103 -0.00359 -0.00322 0.71434 0.73353 
 0.63406 0.28525 0.26635 -0.34367 -0.32102 -0.00348 -0.00315 0.71445 0.73365 
 0.63506 0.28511 0.26623 -0.34366 -0.32101 -0.00338 -0.00309 0.71456 0.73377 
 0.63606 0.28498 0.26612 -0.34366 -0.32099 -0.00329 -0.00302 0.71466 0.73388 
 0.63706 0.28484 0.26600 -0.34366 -0.32099 -0.00319 -0.00295 0.71477 0.73399 
 0.63806 0.28471 0.26589 -0.34367 -0.32097 -0.00310 -0.00289 0.71487 0.73411 
 0.63906 0.28457 0.26579 -0.34367 -0.32096 -0.00301 -0.00283 0.71498 0.73421 
 0.64006 0.28444 0.26568 -0.34367 -0.32095 -0.00292 -0.00277 0.71507 0.73432 
 0.64106 0.28430 0.26558 -0.34366 -0.32094 -0.00282 -0.00271 0.71516 0.73442 
 0.64206 0.28417 0.26548 -0.34366 -0.32093 -0.00273 -0.00266 0.71525 0.73452 
 0.64306 0.28404 0.26538 -0.34366 -0.32092 -0.00264 -0.00260 0.71533 0.73462 
 0.64406 0.28391 0.26528 -0.34366 -0.32091 -0.00256 -0.00255 0.71542 0.73472 
 0.64506 0.28380 0.26519 -0.34366 -0.32090 -0.00248 -0.00251 0.71550 0.73481 
 0.64606 0.28369 0.26509 -0.34366 -0.32089 -0.00240 -0.00246 0.71557 0.73491 
 0.64706 0.28358 0.26500 -0.34367 -0.32088 -0.00231 -0.00242 0.71564 0.73500 
 0.64806 0.28348 0.26491 -0.34367 -0.32087 -0.00224 -0.00238 0.71570 0.73509 
 0.64906 0.28337 0.26482 -0.34368 -0.32086 -0.00216 -0.00234 0.71576 0.73518 
 0.65007 0.28328 0.26473 -0.34369 -0.32084 -0.00208 -0.00230 0.71582 0.73527 
 0.65107 0.28318 0.26465 -0.34369 -0.32083 -0.00201 -0.00227 0.71589 0.73535 
 0.65207 0.28309 0.26456 -0.34370 -0.32082 -0.00194 -0.00224 0.71594 0.73544 
 0.65307 0.28300 0.26448 -0.34371 -0.32081 -0.00188 -0.00221 0.71600 0.73552 
 0.65407 0.28292 0.26440 -0.34373 -0.32079 -0.00181 -0.00218 0.71605 0.73560 
 0.65507 0.28283 0.26432 -0.34374 -0.32078 -0.00175 -0.00216 0.71610 0.73568 
 0.65607 0.28275 0.26423 -0.34375 -0.32077 -0.00169 -0.00213 0.71615 0.73577 
 0.65707 0.28267 0.26415 -0.34377 -0.32075 -0.00163 -0.00212 0.71619 0.73584 
 0.65807 0.28259 0.26408 -0.34379 -0.32074 -0.00158 -0.00210 0.71623 0.73593 
 0.65907 0.28251 0.26400 -0.34380 -0.32072 -0.00153 -0.00208 0.71627 0.73600 
 0.66007 0.28244 0.26392 -0.34382 -0.32071 -0.00149 -0.00207 0.71631 0.73608 
 0.66107 0.28237 0.26384 -0.34384 -0.32070 -0.00144 -0.00206 0.71635 0.73616 
 0.66207 0.28230 0.26376 -0.34386 -0.32068 -0.00141 -0.00206 0.71638 0.73624 
 0.66307 0.28223 0.26369 -0.34388 -0.32066 -0.00137 -0.00205 0.71641 0.73632 
 0.66407 0.28217 0.26361 -0.34390 -0.32065 -0.00133 -0.00205 0.71643 0.73639 
 0.66507 0.28211 0.26353 -0.34391 -0.32063 -0.00130 -0.00205 0.71645 0.73647 
 0.66607 0.28205 0.26345 -0.34394 -0.32061 -0.00128 -0.00205 0.71647 0.73655 
 0.66707 0.28200 0.26338 -0.34396 -0.32060 -0.00126 -0.00205 0.71650 0.73662 
 0.66807 0.28195 0.26330 -0.34399 -0.32058 -0.00124 -0.00206 0.71652 0.73670 
 0.66907 0.28190 0.26322 -0.34401 -0.32056 -0.00123 -0.00206 0.71655 0.73678 
 0.67007 0.28185 0.26314 -0.34403 -0.32054 -0.00122 -0.00207 0.71657 0.73686 
 0.67107 0.28180 0.26307 -0.34406 -0.32052 -0.00121 -0.00208 0.71660 0.73693 
 0.67207 0.28175 0.26299 -0.34408 -0.32050 -0.00120 -0.00209 0.71663 0.73701 
 0.67307 0.28170 0.26291 -0.34410 -0.32048 -0.00120 -0.00211 0.71665 0.73709 
 0.67407 0.28165 0.26283 -0.34412 -0.32046 -0.00120 -0.00212 0.71669 0.73717 
 0.67507 0.28161 0.26275 -0.34414 -0.32044 -0.00121 -0.00214 0.71672 0.73725 
 0.67607 0.28157 0.26267 -0.34415 -0.32042 -0.00121 -0.00216 0.71675 0.73733 
 0.67707 0.28152 0.26259 -0.34416 -0.32040 -0.00122 -0.00218 0.71679 0.73741 
 0.67807 0.28148 0.26250 -0.34418 -0.32038 -0.00124 -0.00220 0.71683 0.73750 
 0.67907 0.28143 0.26242 -0.34421 -0.32036 -0.00126 -0.00222 0.71686 0.73758 
 0.68007 0.28137 0.26234 -0.34423 -0.32033 -0.00128 -0.00224 0.71689 0.73766 
 0.68107 0.28131 0.26225 -0.34426 -0.32031 -0.00131 -0.00226 0.71693 0.73775 
 0.68207 0.28125 0.26217 -0.34427 -0.32029 -0.00133 -0.00229 0.71697 0.73783 
 0.68307 0.28119 0.26208 -0.34429 -0.32027 -0.00136 -0.00231 0.71701 0.73792 
 0.68407 0.28113 0.26199 -0.34430 -0.32024 -0.00139 -0.00234 0.71705 0.73801 
 0.68507 0.28107 0.26190 -0.34432 -0.32022 -0.00143 -0.00236 0.71710 0.73810 
 0.68607 0.28101 0.26181 -0.34433 -0.32019 -0.00147 -0.00239 0.71715 0.73819 
 0.68707 0.28094 0.26172 -0.34434 -0.32017 -0.00151 -0.00242 0.71720 0.73828 
 0.68807 0.28088 0.26163 -0.34435 -0.32015 -0.00156 -0.00244 0.71726 0.73837 
 0.68907 0.28081 0.26154 -0.34437 -0.32012 -0.00161 -0.00247 0.71731 0.73846 
 0.69007 0.28075 0.26144 -0.34438 -0.32010 -0.00166 -0.00250 0.71737 0.73855 
 0.69107 0.28068 0.26135 -0.34440 -0.32007 -0.00171 -0.00253 0.71742 0.73865 
 0.69207 0.28060 0.26126 -0.34441 -0.32004 -0.00177 -0.00256 0.71748 0.73874 
 0.69307 0.28053 0.26116 -0.34442 -0.32002 -0.00182 -0.00258 0.71754 0.73884 
 0.69407 0.28045 0.26106 -0.34443 -0.31999 -0.00188 -0.00261 0.71760 0.73894 
 0.69507 0.28037 0.26096 -0.34445 -0.31997 -0.00194 -0.00264 0.71767 0.73904 
 0.69607 0.28029 0.26086 -0.34446 -0.31994 -0.00200 -0.00267 0.71773 0.73914 
 0.69707 0.28021 0.26076 -0.34447 -0.31991 -0.00206 -0.00269 0.71780 0.73924 
 0.69807 0.28013 0.26066 -0.34448 -0.31989 -0.00212 -0.00272 0.71787 0.73934 
 0.69907 0.28004 0.26056 -0.34449 -0.31986 -0.00219 -0.00274 0.71795 0.73944 
 0.70007 0.27995 0.26045 -0.34449 -0.31983 -0.00225 -0.00277 0.71802 0.73955 
 0.70107 0.27986 0.26035 -0.34449 -0.31981 -0.00231 -0.00279 0.71810 0.73965 
 0.70207 0.27977 0.26024 -0.34449 -0.31978 -0.00237 -0.00282 0.71818 0.73976 
 0.70307 0.27968 0.26013 -0.34449 -0.31976 -0.00244 -0.00284 0.71826 0.73987 
 0.70407 0.27958 0.26003 -0.34449 -0.31973 -0.00250 -0.00286 0.71835 0.73997 
 0.70507 0.27947 0.25992 -0.34448 -0.31970 -0.00256 -0.00289 0.71844 0.74008 
 0.70607 0.27937 0.25981 -0.34448 -0.31967 -0.00262 -0.00291 0.71853 0.74019 
 0.70707 0.27926 0.25970 -0.34448 -0.31965 -0.00268 -0.00293 0.71862 0.74030 
 0.70807 0.27915 0.25959 -0.34448 -0.31962 -0.00274 -0.00294 0.71871 0.74041 
 0.70907 0.27903 0.25948 -0.34447 -0.31960 -0.00280 -0.00296 0.71881 0.74052 
 0.71007 0.27891 0.25937 -0.34447 -0.31957 -0.00286 -0.00298 0.71891 0.74063 
 0.71107 0.27879 0.25925 -0.34445 -0.31954 -0.00292 -0.00299 0.71902 0.74075 
 0.71207 0.27867 0.25914 -0.34444 -0.31951 -0.00298 -0.00301 0.71913 0.74086 
 0.71307 0.27854 0.25903 -0.34442 -0.31949 -0.00304 -0.00302 0.71924 0.74097 
 0.71407 0.27841 0.25891 -0.34441 -0.31946 -0.00309 -0.00303 0.71935 0.74109 
 0.71507 0.27828 0.25880 -0.34439 -0.31944 -0.00314 -0.00305 0.71947 0.74120 
 0.71607 0.27815 0.25868 -0.34437 -0.31941 -0.00319 -0.00306 0.71959 0.74132 
 0.71707 0.27802 0.25857 -0.34436 -0.31939 -0.00324 -0.00306 0.71971 0.74143 
 0.71807 0.27789 0.25845 -0.34434 -0.31936 -0.00329 -0.00307 0.71983 0.74155 
 0.71907 0.27776 0.25834 -0.34432 -0.31933 -0.00333 -0.00308 0.71995 0.74166 
 0.72007 0.27763 0.25822 -0.34430 -0.31931 -0.00337 -0.00308 0.72008 0.74178 
 0.72107 0.27749 0.25810 -0.34427 -0.31928 -0.00341 -0.00309 0.72020 0.74190 
 0.72207 0.27735 0.25799 -0.34425 -0.31926 -0.00345 -0.00309 0.72033 0.74201 
 0.72307 0.27721 0.25787 -0.34422 -0.31924 -0.00348 -0.00309 0.72046 0.74213 
 0.72407 0.27707 0.25776 -0.34419 -0.31921 -0.00351 -0.00309 0.72060 0.74225 
 0.72507 0.27693 0.25764 -0.34416 -0.31919 -0.00353 -0.00309 0.72073 0.74236 
 0.72607 0.27679 0.25752 -0.34413 -0.31916 -0.00355 -0.00308 0.72087 0.74248 
 0.72707 0.27664 0.25741 -0.34410 -0.31914 -0.00357 -0.00308 0.72100 0.74259 
 0.72807 0.27650 0.25729 -0.34407 -0.31912 -0.00359 -0.00307 0.72114 0.74271 
 0.72907 0.27635 0.25717 -0.34403 -0.31909 -0.00360 -0.00307 0.72128 0.74282 
 0.73007 0.27620 0.25706 -0.34400 -0.31907 -0.00360 -0.00306 0.72142 0.74294 
 0.73107 0.27606 0.25694 -0.34396 -0.31905 -0.00361 -0.00305 0.72156 0.74306 
 0.73207 0.27591 0.25683 -0.34393 -0.31903 -0.00361 -0.00304 0.72170 0.74317 
 0.73307 0.27576 0.25672 -0.34389 -0.31900 -0.00361 -0.00303 0.72184 0.74328 
 0.73407 0.27561 0.25660 -0.34385 -0.31898 -0.00361 -0.00302 0.72198 0.74340 
 0.73507 0.27546 0.25649 -0.34382 -0.31896 -0.00360 -0.00300 0.72213 0.74351 
 0.73607 0.27531 0.25638 -0.34378 -0.31894 -0.00360 -0.00299 0.72227 0.74362 
 0.73707 0.27517 0.25626 -0.34374 -0.31892 -0.00358 -0.00297 0.72240 0.74374 
 0.73807 0.27502 0.25615 -0.34370 -0.31890 -0.00356 -0.00296 0.72254 0.74385 
 0.73907 0.27488 0.25604 -0.34366 -0.31888 -0.00354 -0.00294 0.72268 0.74396 
 0.74007 0.27474 0.25593 -0.34361 -0.31886 -0.00352 -0.00292 0.72281 0.74407 
 0.74107 0.27459 0.25582 -0.34357 -0.31884 -0.00349 -0.00290 0.72295 0.74418 
 0.74207 0.27444 0.25571 -0.34352 -0.31882 -0.00346 -0.00288 0.72308 0.74429 
 0.74307 0.27430 0.25560 -0.34348 -0.31880 -0.00343 -0.00286 0.72321 0.74440 
 0.74407 0.27415 0.25550 -0.34343 -0.31878 -0.00339 -0.00284 0.72334 0.74450 
 0.74507 0.27401 0.25539 -0.34339 -0.31876 -0.00335 -0.00282 0.72347 0.74461 
 0.74607 0.27387 0.25528 -0.34334 -0.31875 -0.00330 -0.00280 0.72359 0.74472 
 0.74707 0.27373 0.25518 -0.34330 -0.31873 -0.00326 -0.00277 0.72372 0.74482 
 0.74807 0.27359 0.25507 -0.34326 -0.31871 -0.00321 -0.00275 0.72384 0.74493 
 0.74907 0.27346 0.25497 -0.34322 -0.31869 -0.00317 -0.00272 0.72396 0.74503 
 0.75008 0.27332 0.25487 -0.34318 -0.31867 -0.00312 -0.00270 0.72408 0.74513 
 0.75108 0.27319 0.25477 -0.34313 -0.31866 -0.00306 -0.00267 0.72419 0.74523 
 0.75208 0.27306 0.25467 -0.34309 -0.31864 -0.00301 -0.00265 0.72431 0.74533 
 0.75308 0.27294 0.25457 -0.34305 -0.31862 -0.00295 -0.00262 0.72441 0.74543 
 0.75408 0.27281 0.25447 -0.34301 -0.31861 -0.00290 -0.00260 0.72452 0.74553 
 0.75508 0.27270 0.25437 -0.34297 -0.31859 -0.00284 -0.00257 0.72463 0.74563 
 0.75608 0.27258 0.25428 -0.34293 -0.31858 -0.00278 -0.00254 0.72473 0.74572 
 0.75708 0.27247 0.25418 -0.34289 -0.31856 -0.00272 -0.00252 0.72483 0.74582 
 0.75808 0.27235 0.25409 -0.34286 -0.31854 -0.00266 -0.00249 0.72492 0.74591 
 0.75908 0.27224 0.25399 -0.34282 -0.31853 -0.00259 -0.00246 0.72501 0.74601 
 0.76008 0.27213 0.25390 -0.34278 -0.31851 -0.00253 -0.00244 0.72511 0.74610 
 0.76108 0.27203 0.25381 -0.34274 -0.31850 -0.00246 -0.00241 0.72520 0.74619 
 0.76208 0.27192 0.25372 -0.34271 -0.31848 -0.00239 -0.00238 0.72528 0.74628 
 0.76308 0.27182 0.25363 -0.34267 -0.31847 -0.00232 -0.00235 0.72537 0.74637 
 0.76408 0.27172 0.25354 -0.34264 -0.31845 -0.00225 -0.00233 0.72545 0.74646 
 0.76508 0.27162 0.25345 -0.34260 -0.31844 -0.00218 -0.00230 0.72553 0.74655 
 0.76608 0.27153 0.25337 -0.34257 -0.31843 -0.00211 -0.00227 0.72560 0.74663 
 0.76708 0.27144 0.25328 -0.34254 -0.31841 -0.00204 -0.00225 0.72567 0.74672 
 0.76808 0.27135 0.25320 -0.34251 -0.31840 -0.00197 -0.00222 0.72573 0.74680 
 0.76908 0.27126 0.25312 -0.34247 -0.31838 -0.00189 -0.00220 0.72579 0.74688 
 0.77008 0.27118 0.25303 -0.34244 -0.31837 -0.00182 -0.00217 0.72585 0.74697 
 0.77108 0.27111 0.25295 -0.34242 -0.31836 -0.00175 -0.00215 0.72591 0.74705 
 0.77208 0.27103 0.25287 -0.34239 -0.31834 -0.00168 -0.00212 0.72597 0.74713 
 0.77308 0.27096 0.25279 -0.34236 -0.31833 -0.00161 -0.00210 0.72602 0.74721 
 0.77408 0.27089 0.25271 -0.34234 -0.31832 -0.00154 -0.00208 0.72606 0.74729 
 0.77508 0.27082 0.25264 -0.34231 -0.31830 -0.00147 -0.00205 0.72611 0.74736 
 0.77608 0.27076 0.25256 -0.34229 -0.31829 -0.00140 -0.00203 0.72615 0.74744 
 0.77708 0.27070 0.25248 -0.34226 -0.31828 -0.00133 -0.00201 0.72619 0.74752 
 0.77808 0.27065 0.25241 -0.34224 -0.31827 -0.00127 -0.00199 0.72622 0.74759 
 0.77908 0.27059 0.25233 -0.34222 -0.31825 -0.00120 -0.00197 0.72626 0.74767 
 0.78008 0.27054 0.25226 -0.34220 -0.31824 -0.00113 -0.00195 0.72629 0.74774 
 0.78108 0.27049 0.25219 -0.34218 -0.31823 -0.00107 -0.00193 0.72631 0.74781 
 0.78208 0.27045 0.25211 -0.34216 -0.31821 -0.00101 -0.00191 0.72634 0.74789 
 0.78308 0.27040 0.25204 -0.34214 -0.31820 -0.00094 -0.00189 0.72637 0.74796 
 0.78408 0.27036 0.25197 -0.34212 -0.31819 -0.00088 -0.00187 0.72639 0.74803 
 0.78508 0.27032 0.25190 -0.34210 -0.31817 -0.00082 -0.00186 0.72641 0.74810 
 0.78608 0.27029 0.25183 -0.34208 -0.31816 -0.00077 -0.00184 0.72643 0.74817 
 0.78708 0.27025 0.25176 -0.34207 -0.31815 -0.00071 -0.00183 0.72645 0.74824 
 0.78808 0.27022 0.25169 -0.34205 -0.31814 -0.00066 -0.00181 0.72646 0.74831 
 0.78908 0.27019 0.25163 -0.34204 -0.31812 -0.00061 -0.00180 0.72647 0.74837 
 0.79008 0.27016 0.25156 -0.34203 -0.31811 -0.00056 -0.00179 0.72648 0.74844 
 0.79108 0.27013 0.25149 -0.34202 -0.31810 -0.00052 -0.00177 0.72649 0.74851 
 0.79208 0.27010 0.25143 -0.34201 -0.31808 -0.00047 -0.00176 0.72650 0.74857 
 0.79308 0.27008 0.25136 -0.34200 -0.31807 -0.00043 -0.00175 0.72651 0.74864 
 0.79408 0.27005 0.25129 -0.34199 -0.31806 -0.00039 -0.00174 0.72652 0.74871 
 0.79508 0.27003 0.25123 -0.34198 -0.31804 -0.00035 -0.00173 0.72652 0.74877 
 0.79608 0.27001 0.25116 -0.34197 -0.31803 -0.00032 -0.00172 0.72653 0.74884 
 0.79708 0.26999 0.25110 -0.34197 -0.31802 -0.00029 -0.00171 0.72653 0.74890 
 0.79808 0.26997 0.25103 -0.34196 -0.31800 -0.00026 -0.00171 0.72653 0.74897 
 0.79908 0.26996 0.25097 -0.34195 -0.31799 -0.00023 -0.00170 0.72654 0.74903 
 0.80008 0.26994 0.25091 -0.34195 -0.31798 -0.00020 -0.00169 0.72653 0.74909 
 0.80108 0.26993 0.25084 -0.34194 -0.31796 -0.00018 -0.00169 0.72653 0.74916 
 0.80208 0.26992 0.25078 -0.34194 -0.31795 -0.00016 -0.00168 0.72653 0.74922 
 0.80308 0.26991 0.25072 -0.34193 -0.31793 -0.00014 -0.00168 0.72653 0.74928 
 0.80408 0.26990 0.25065 -0.34192 -0.31792 -0.00013 -0.00167 0.72653 0.74935 
 0.80508 0.26989 0.25059 -0.34192 -0.31790 -0.00012 -0.00167 0.72652 0.74941 
 0.80608 0.26988 0.25053 -0.34191 -0.31789 -0.00011 -0.00167 0.72652 0.74947 
 0.80708 0.26987 0.25046 -0.34191 -0.31788 -0.00010 -0.00167 0.72652 0.74954 
 0.80808 0.26986 0.25040 -0.34190 -0.31786 -0.00010 -0.00167 0.72652 0.74960 
 0.80908 0.26986 0.25034 -0.34190 -0.31785 -0.00009 -0.00167 0.72651 0.74966 
 0.81008 0.26985 0.25028 -0.34189 -0.31783 -0.00009 -0.00167 0.72651 0.74972 
 0.81108 0.26984 0.25021 -0.34189 -0.31782 -0.00009 -0.00167 0.72651 0.74979 
 0.81208 0.26983 0.25015 -0.34188 -0.31780 -0.00009 -0.00167 0.72651 0.74985 
 0.81308 0.26982 0.25009 -0.34187 -0.31779 -0.00010 -0.00167 0.72651 0.74991 
 0.81408 0.26981 0.25002 -0.34187 -0.31777 -0.00011 -0.00167 0.72651 0.74998 
 0.81508 0.26980 0.24996 -0.34187 -0.31776 -0.00012 -0.00167 0.72651 0.75004 
 0.81608 0.26979 0.24990 -0.34186 -0.31774 -0.00014 -0.00167 0.72652 0.75010 
 0.81708 0.26978 0.24984 -0.34186 -0.31773 -0.00016 -0.00168 0.72652 0.75016 
 0.81808 0.26977 0.24977 -0.34186 -0.31772 -0.00018 -0.00168 0.72653 0.75023 
 0.81908 0.26975 0.24971 -0.34185 -0.31770 -0.00021 -0.00168 0.72653 0.75029 
 0.82008 0.26974 0.24965 -0.34185 -0.31768 -0.00023 -0.00168 0.72654 0.75035 
 0.82108 0.26972 0.24958 -0.34184 -0.31767 -0.00026 -0.00169 0.72655 0.75042 
 0.82208 0.26970 0.24952 -0.34184 -0.31765 -0.00029 -0.00169 0.72657 0.75048 
 0.82308 0.26968 0.24945 -0.34184 -0.31764 -0.00032 -0.00170 0.72658 0.75055 
 0.82408 0.26966 0.24939 -0.34183 -0.31762 -0.00035 -0.00170 0.72659 0.75061 
 0.82508 0.26964 0.24933 -0.34183 -0.31761 -0.00039 -0.00171 0.72660 0.75067 
 0.82608 0.26961 0.24926 -0.34182 -0.31759 -0.00042 -0.00171 0.72662 0.75074 
 0.82708 0.26958 0.24920 -0.34182 -0.31758 -0.00046 -0.00171 0.72663 0.75080 
 0.82808 0.26956 0.24913 -0.34181 -0.31756 -0.00050 -0.00172 0.72665 0.75087 
 0.82908 0.26953 0.24907 -0.34181 -0.31755 -0.00054 -0.00172 0.72667 0.75093 
 0.83008 0.26950 0.24900 -0.34181 -0.31753 -0.00058 -0.00173 0.72670 0.75100 
 0.83108 0.26947 0.24894 -0.34180 -0.31751 -0.00062 -0.00173 0.72672 0.75106 
 0.83208 0.26943 0.24887 -0.34180 -0.31750 -0.00066 -0.00174 0.72674 0.75113 
 0.83308 0.26939 0.24881 -0.34179 -0.31748 -0.00071 -0.00174 0.72677 0.75119 
 0.83408 0.26936 0.24874 -0.34179 -0.31747 -0.00075 -0.00175 0.72680 0.75126 
 0.83508 0.26932 0.24868 -0.34178 -0.31745 -0.00079 -0.00175 0.72683 0.75133 
 0.83608 0.26928 0.24861 -0.34177 -0.31744 -0.00084 -0.00176 0.72686 0.75139 
 0.83708 0.26924 0.24854 -0.34177 -0.31742 -0.00088 -0.00176 0.72690 0.75146 
 0.83808 0.26919 0.24848 -0.34176 -0.31740 -0.00093 -0.00177 0.72694 0.75152 
 0.83908 0.26915 0.24841 -0.34175 -0.31739 -0.00097 -0.00177 0.72698 0.75159 
 0.84008 0.26910 0.24834 -0.34174 -0.31737 -0.00102 -0.00177 0.72702 0.75166 
 0.84108 0.26906 0.24828 -0.34173 -0.31736 -0.00106 -0.00178 0.72706 0.75172 
 0.84208 0.26901 0.24821 -0.34172 -0.31734 -0.00111 -0.00178 0.72710 0.75179 
 0.84308 0.26896 0.24814 -0.34171 -0.31733 -0.00115 -0.00178 0.72715 0.75186 
 0.84408 0.26890 0.24807 -0.34170 -0.31731 -0.00120 -0.00179 0.72720 0.75193 
 0.84508 0.26885 0.24801 -0.34169 -0.31729 -0.00124 -0.00179 0.72725 0.75199 
 0.84608 0.26879 0.24794 -0.34168 -0.31728 -0.00128 -0.00179 0.72730 0.75206 
 0.84708 0.26874 0.24787 -0.34166 -0.31726 -0.00133 -0.00179 0.72735 0.75213 
 0.84808 0.26868 0.24780 -0.34165 -0.31725 -0.00137 -0.00180 0.72740 0.75220 
 0.84908 0.26862 0.24774 -0.34163 -0.31723 -0.00141 -0.00180 0.72746 0.75226 
 0.85009 0.26856 0.24767 -0.34161 -0.31722 -0.00145 -0.00180 0.72751 0.75233 
 0.85109 0.26850 0.24760 -0.34160 -0.31720 -0.00149 -0.00180 0.72757 0.75240 
 0.85209 0.26843 0.24753 -0.34158 -0.31719 -0.00152 -0.00180 0.72763 0.75247 
 0.85309 0.26837 0.24746 -0.34156 -0.31717 -0.00156 -0.00180 0.72770 0.75253 
 0.85409 0.26830 0.24740 -0.34154 -0.31716 -0.00159 -0.00180 0.72776 0.75260 
 0.85509 0.26823 0.24733 -0.34151 -0.31714 -0.00163 -0.00180 0.72782 0.75267 
 0.85609 0.26816 0.24726 -0.34149 -0.31713 -0.00166 -0.00180 0.72789 0.75274 
 0.85709 0.26809 0.24719 -0.34147 -0.31711 -0.00169 -0.00180 0.72796 0.75281 
 0.85809 0.26802 0.24713 -0.34145 -0.31710 -0.00172 -0.00180 0.72802 0.75287 
 0.85909 0.26794 0.24706 -0.34142 -0.31708 -0.00175 -0.00180 0.72809 0.75294 
 0.86009 0.26787 0.24699 -0.34140 -0.31707 -0.00178 -0.00180 0.72816 0.75301 
 0.86109 0.26779 0.24692 -0.34138 -0.31705 -0.00180 -0.00179 0.72823 0.75308 
 0.86209 0.26772 0.24685 -0.34135 -0.31704 -0.00183 -0.00179 0.72831 0.75314 
 0.86309 0.26764 0.24679 -0.34133 -0.31702 -0.00185 -0.00179 0.72838 0.75321 
 0.86409 0.26756 0.24672 -0.34130 -0.31701 -0.00187 -0.00178 0.72845 0.75328 
 0.86509 0.26748 0.24665 -0.34128 -0.31699 -0.00189 -0.00178 0.72853 0.75335 
 0.86609 0.26740 0.24659 -0.34125 -0.31698 -0.00190 -0.00178 0.72860 0.75341 
 0.86709 0.26732 0.24652 -0.34122 -0.31697 -0.00191 -0.00177 0.72868 0.75348 
 0.86809 0.26725 0.24645 -0.34120 -0.31695 -0.00193 -0.00177 0.72875 0.75355 
 0.86909 0.26717 0.24639 -0.34117 -0.31694 -0.00193 -0.00176 0.72883 0.75361 
 0.87009 0.26709 0.24632 -0.34114 -0.31693 -0.00194 -0.00176 0.72890 0.75368 
 0.87109 0.26701 0.24625 -0.34111 -0.31691 -0.00194 -0.00175 0.72898 0.75375 
 0.87209 0.26693 0.24619 -0.34108 -0.31690 -0.00194 -0.00174 0.72906 0.75381 
 0.87309 0.26685 0.24612 -0.34106 -0.31688 -0.00194 -0.00174 0.72913 0.75388 
 0.87409 0.26677 0.24606 -0.34103 -0.31687 -0.00194 -0.00173 0.72921 0.75394 
 0.87509 0.26669 0.24599 -0.34100 -0.31686 -0.00193 -0.00172 0.72929 0.75401 
 0.87609 0.26661 0.24593 -0.34097 -0.31684 -0.00193 -0.00172 0.72936 0.75407 
 0.87709 0.26653 0.24586 -0.34094 -0.31683 -0.00192 -0.00171 0.72944 0.75414 
 0.87809 0.26645 0.24580 -0.34091 -0.31682 -0.00191 -0.00170 0.72951 0.75420 
 0.87909 0.26637 0.24574 -0.34087 -0.31681 -0.00189 -0.00169 0.72958 0.75426 
 0.88009 0.26630 0.24567 -0.34084 -0.31679 -0.00188 -0.00169 0.72965 0.75433 
 0.88109 0.26622 0.24561 -0.34081 -0.31678 -0.00186 -0.00168 0.72972 0.75439 
 0.88209 0.26614 0.24555 -0.34078 -0.31677 -0.00184 -0.00167 0.72979 0.75445 
 0.88309 0.26607 0.24548 -0.34075 -0.31676 -0.00182 -0.00166 0.72986 0.75452 
 0.88409 0.26599 0.24542 -0.34071 -0.31674 -0.00180 -0.00165 0.72992 0.75458 
 0.88509 0.26592 0.24536 -0.34068 -0.31673 -0.00177 -0.00164 0.72999 0.75464 
 0.88609 0.26585 0.24530 -0.34065 -0.31672 -0.00175 -0.00163 0.73005 0.75470 
 0.88709 0.26578 0.24524 -0.34062 -0.31671 -0.00172 -0.00162 0.73011 0.75477 
 0.88809 0.26571 0.24517 -0.34059 -0.31670 -0.00169 -0.00161 0.73017 0.75483 
 0.88909 0.26564 0.24511 -0.34056 -0.31668 -0.00166 -0.00160 0.73023 0.75489 
 0.89009 0.26557 0.24505 -0.34053 -0.31667 -0.00163 -0.00159 0.73029 0.75495 
 0.89109 0.26551 0.24499 -0.34049 -0.31666 -0.00159 -0.00158 0.73035 0.75501 
 0.89209 0.26545 0.24493 -0.34046 -0.31665 -0.00156 -0.00157 0.73040 0.75507 
 0.89309 0.26538 0.24488 -0.34043 -0.31664 -0.00152 -0.00156 0.73046 0.75513 
 0.89409 0.26533 0.24482 -0.34040 -0.31663 -0.00148 -0.00155 0.73051 0.75518 
 0.89509 0.26527 0.24476 -0.34037 -0.31661 -0.00144 -0.00154 0.73056 0.75524 
 0.89609 0.26521 0.24470 -0.34035 -0.31660 -0.00140 -0.00153 0.73061 0.75530 
 0.89709 0.26515 0.24464 -0.34032 -0.31659 -0.00136 -0.00152 0.73065 0.75536 
 0.89809 0.26510 0.24458 -0.34029 -0.31658 -0.00132 -0.00151 0.73070 0.75541 
 0.89909 0.26505 0.24453 -0.34026 -0.31657 -0.00128 -0.00150 0.73074 0.75547 
 0.90009 0.26500 0.24447 -0.34024 -0.31656 -0.00123 -0.00149 0.73078 0.75553 
 0.90109 0.26495 0.24442 -0.34021 -0.31655 -0.00119 -0.00148 0.73082 0.75558 
 0.90209 0.26490 0.24436 -0.34019 -0.31654 -0.00114 -0.00147 0.73086 0.75564 
 0.90309 0.26486 0.24430 -0.34016 -0.31653 -0.00109 -0.00146 0.73089 0.75570 
 0.90409 0.26481 0.24425 -0.34014 -0.31652 -0.00105 -0.00145 0.73093 0.75575 
 0.90509 0.26477 0.24420 -0.34012 -0.31651 -0.00100 -0.00144 0.73096 0.75580 
 0.90609 0.26473 0.24414 -0.34009 -0.31650 -0.00095 -0.00143 0.73099 0.75586 
 0.90709 0.26469 0.24409 -0.34007 -0.31649 -0.00090 -0.00142 0.73101 0.75591 
 0.90809 0.26465 0.24404 -0.34005 -0.31648 -0.00085 -0.00141 0.73104 0.75596 
 0.90909 0.26462 0.24398 -0.34003 -0.31646 -0.00080 -0.00140 0.73106 0.75602 
 0.91009 0.26458 0.24393 -0.34001 -0.31645 -0.00076 -0.00139 0.73109 0.75607 
 0.91109 0.26455 0.24388 -0.33999 -0.31644 -0.00071 -0.00138 0.73111 0.75612 
 0.91209 0.26452 0.24382 -0.33998 -0.31643 -0.00066 -0.00137 0.73113 0.75618 
 0.91309 0.26450 0.24377 -0.33996 -0.31642 -0.00061 -0.00136 0.73114 0.75623 
 0.91409 0.26447 0.24372 -0.33994 -0.31641 -0.00056 -0.00135 0.73116 0.75628 
 0.91509 0.26445 0.24367 -0.33993 -0.31640 -0.00051 -0.00135 0.73117 0.75633 
 0.91609 0.26442 0.24362 -0.33991 -0.31639 -0.00047 -0.00134 0.73118 0.75638 
 0.91709 0.26440 0.24357 -0.33990 -0.31638 -0.00042 -0.00133 0.73119 0.75643 
 0.91809 0.26439 0.24352 -0.33988 -0.31637 -0.00037 -0.00132 0.73120 0.75648 
 0.91909 0.26437 0.24347 -0.33987 -0.31636 -0.00033 -0.00131 0.73120 0.75653 
 0.92009 0.26436 0.24342 -0.33985 -0.31635 -0.00028 -0.00130 0.73121 0.75658 
 0.92109 0.26435 0.24337 -0.33984 -0.31634 -0.00024 -0.00130 0.73121 0.75663 
 0.92209 0.26434 0.24332 -0.33983 -0.31633 -0.00020 -0.00129 0.73121 0.75668 
 0.92309 0.26433 0.24328 -0.33982 -0.31632 -0.00015 -0.00128 0.73121 0.75672 
 0.92409 0.26432 0.24323 -0.33981 -0.31631 -0.00011 -0.00128 0.73120 0.75677 
 0.92509 0.26431 0.24318 -0.33980 -0.31630 -0.00008 -0.00127 0.73120 0.75682 
 0.92609 0.26431 0.24313 -0.33979 -0.31629 -0.00004 -0.00126 0.73119 0.75687 
 0.92709 0.26430 0.24308 -0.33978 -0.31628 -0.00000 -0.00126 0.73119 0.75692 
 0.92809 0.26430 0.24304 -0.33977 -0.31627 0.00003 -0.00125 0.73118 0.75696 
 0.92909 0.26430 0.24299 -0.33977 -0.31627 0.00007 -0.00124 0.73117 0.75701 
 0.93009 0.26429 0.24294 -0.33976 -0.31626 0.00010 -0.00124 0.73116 0.75706 
 0.93109 0.26429 0.24290 -0.33976 -0.31625 0.00013 -0.00123 0.73115 0.75710 
 0.93209 0.26429 0.24285 -0.33975 -0.31624 0.00016 -0.00123 0.73114 0.75715 
 0.93309 0.26430 0.24280 -0.33975 -0.31623 0.00019 -0.00122 0.73113 0.75719 
 0.93409 0.26430 0.24276 -0.33975 -0.31622 0.00021 -0.00122 0.73111 0.75724 
 0.93509 0.26430 0.24271 -0.33974 -0.31621 0.00023 -0.00121 0.73110 0.75729 
 0.93609 0.26431 0.24267 -0.33974 -0.31620 0.00025 -0.00121 0.73108 0.75733 
 0.93709 0.26431 0.24262 -0.33974 -0.31619 0.00027 -0.00120 0.73107 0.75738 
 0.93809 0.26431 0.24258 -0.33974 -0.31618 0.00029 -0.00120 0.73105 0.75742 
 0.93909 0.26432 0.24253 -0.33974 -0.31617 0.00031 -0.00119 0.73103 0.75747 
 0.94009 0.26433 0.24249 -0.33974 -0.31616 0.00032 -0.00119 0.73102 0.75751 
 0.94109 0.26433 0.24244 -0.33974 -0.31615 0.00034 -0.00119 0.73100 0.75756 
 0.94209 0.26434 0.24240 -0.33974 -0.31614 0.00035 -0.00118 0.73098 0.75760 
 0.94309 0.26434 0.24235 -0.33974 -0.31613 0.00036 -0.00118 0.73096 0.75765 
 0.94409 0.26435 0.24231 -0.33974 -0.31612 0.00036 -0.00118 0.73094 0.75769 
 0.94509 0.26436 0.24226 -0.33975 -0.31611 0.00037 -0.00117 0.73092 0.75774 
 0.94609 0.26436 0.24222 -0.33975 -0.31610 0.00037 -0.00117 0.73091 0.75778 
 0.94709 0.26437 0.24218 -0.33975 -0.31609 0.00037 -0.00117 0.73089 0.75782 
 0.94809 0.26437 0.24213 -0.33976 -0.31608 0.00037 -0.00117 0.73087 0.75787 
 0.94909 0.26438 0.24209 -0.33976 -0.31607 0.00037 -0.00116 0.73085 0.75791 
 0.95010 0.26439 0.24204 -0.33977 -0.31606 0.00037 -0.00116 0.73083 0.75796 
 0.95110 0.26439 0.24200 -0.33977 -0.31605 0.00037 -0.00116 0.73082 0.75800 
 0.95210 0.26440 0.24196 -0.33978 -0.31604 0.00036 -0.00116 0.73080 0.75804 
 0.95310 0.26440 0.24191 -0.33979 -0.31603 0.00035 -0.00116 0.73079 0.75809 
 0.95410 0.26441 0.24187 -0.33980 -0.31602 0.00035 -0.00116 0.73077 0.75813 
 0.95510 0.26441 0.24183 -0.33980 -0.31601 0.00033 -0.00115 0.73076 0.75817 
 0.95610 0.26442 0.24178 -0.33981 -0.31600 0.00032 -0.00115 0.73074 0.75822 
 0.95710 0.26442 0.24174 -0.33982 -0.31599 0.00031 -0.00115 0.73073 0.75826 
 0.95810 0.26442 0.24170 -0.33983 -0.31598 0.00029 -0.00115 0.73071 0.75830 
 0.95910 0.26442 0.24165 -0.33983 -0.31597 0.00028 -0.00115 0.73070 0.75835 
 0.96010 0.26442 0.24161 -0.33984 -0.31596 0.00026 -0.00115 0.73069 0.75839 
 0.96110 0.26442 0.24157 -0.33985 -0.31595 0.00024 -0.00115 0.73068 0.75843 
 0.96210 0.26442 0.24152 -0.33986 -0.31594 0.00022 -0.00115 0.73067 0.75848 
 0.96310 0.26442 0.24148 -0.33986 -0.31593 0.00020 -0.00115 0.73065 0.75852 
 0.96410 0.26442 0.24144 -0.33987 -0.31592 0.00018 -0.00114 0.73065 0.75856 
 0.96510 0.26442 0.24139 -0.33988 -0.31591 0.00015 -0.00114 0.73064 0.75861 
 0.96610 0.26441 0.24135 -0.33989 -0.31590 0.00013 -0.00114 0.73063 0.75865 
 0.96710 0.26441 0.24131 -0.33989 -0.31589 0.00010 -0.00114 0.73062 0.75869 
 0.96810 0.26440 0.24127 -0.33990 -0.31589 0.00007 -0.00114 0.73062 0.75874 
 0.96910 0.26439 0.24122 -0.33991 -0.31588 0.00005 -0.00114 0.73062 0.75878 
 0.97010 0.26438 0.24118 -0.33992 -0.31587 0.00002 -0.00114 0.73061 0.75882 
 0.97110 0.26437 0.24114 -0.33992 -0.31586 -0.00001 -0.00114 0.73061 0.75886 
 0.97210 0.26436 0.24109 -0.33993 -0.31585 -0.00004 -0.00114 0.73061 0.75891 
 0.97310 0.26435 0.24105 -0.33994 -0.31584 -0.00008 -0.00114 0.73061 0.75895 
 0.97410 0.26434 0.24101 -0.33994 -0.31583 -0.00011 -0.00114 0.73062 0.75899 
 0.97510 0.26433 0.24096 -0.33995 -0.31582 -0.00014 -0.00114 0.73062 0.75904 
 0.97610 0.26431 0.24092 -0.33996 -0.31581 -0.00017 -0.00114 0.73062 0.75908 
 0.97710 0.26430 0.24088 -0.33996 -0.31580 -0.00021 -0.00114 0.73063 0.75912 
 0.97810 0.26428 0.24084 -0.33997 -0.31579 -0.00024 -0.00113 0.73064 0.75916 
 0.97910 0.26426 0.24079 -0.33998 -0.31578 -0.00028 -0.00113 0.73065 0.75921 
 0.98010 0.26424 0.24075 -0.33998 -0.31577 -0.00031 -0.00113 0.73066 0.75925 
 0.98110 0.26422 0.24071 -0.33999 -0.31576 -0.00035 -0.00113 0.73067 0.75929 
 0.98210 0.26420 0.24066 -0.33999 -0.31575 -0.00038 -0.00113 0.73068 0.75933 
 0.98310 0.26417 0.24062 -0.34000 -0.31574 -0.00042 -0.00113 0.73070 0.75938 
 0.98410 0.26415 0.24058 -0.34000 -0.31573 -0.00045 -0.00113 0.73071 0.75942 
 0.98510 0.26412 0.24054 -0.34001 -0.31572 -0.00048 -0.00113 0.73073 0.75946 
 0.98610 0.26409 0.24049 -0.34001 -0.31571 -0.00052 -0.00113 0.73075 0.75950 
 0.98710 0.26406 0.24045 -0.34001 -0.31570 -0.00055 -0.00112 0.73077 0.75955 
 0.98810 0.26403 0.24041 -0.34001 -0.31569 -0.00059 -0.00112 0.73079 0.75959 
 0.98910 0.26400 0.24037 -0.34002 -0.31568 -0.00062 -0.00112 0.73081 0.75963 
 0.99010 0.26397 0.24033 -0.34002 -0.31567 -0.00065 -0.00112 0.73084 0.75967 
 0.99110 0.26394 0.24028 -0.34002 -0.31566 -0.00069 -0.00112 0.73087 0.75972 
 0.99210 0.26390 0.24024 -0.34002 -0.31566 -0.00072 -0.00112 0.73089 0.75976 
 0.99310 0.26387 0.24020 -0.34002 -0.31565 -0.00075 -0.00111 0.73092 0.75980 
 0.99410 0.26383 0.24016 -0.34002 -0.31564 -0.00078 -0.00111 0.73095 0.75984 
 0.99510 0.26379 0.24012 -0.34002 -0.31563 -0.00081 -0.00111 0.73098 0.75988 
 0.99610 0.26375 0.24007 -0.34002 -0.31562 -0.00084 -0.00111 0.73101 0.75993 
 0.99710 0.26371 0.24003 -0.34002 -0.31561 -0.00087 -0.00111 0.73105 0.75997 
 0.99810 0.26367 0.23999 -0.34002 -0.31560 -0.00090 -0.00110 0.73108 0.76001 
 0.99910 0.26363 0.23995 -0.34002 -0.31559 -0.00092 -0.00110 0.73112 0.76005 
