 0.00000 1.00000 1.00000 0.00000 0.00000 0.00000 0.00000 0.00000 0.00000 
 0.00100 0.99965 0.99965 0.00013 0.00013 -0.01881 -0.01881 0.00035 0.00035 
 0.00200 0.99858 0.99858 0.00052 0.00052 -0.03754 -0.03754 0.00142 0.00142 
 0.00300 0.99682 0.99682 0.00114 0.00114 -0.05609 -0.05609 0.00318 0.00318 
 0.00400 0.99436 0.99436 0.00199 0.00199 -0.07441 -0.07441 0.00564 0.00564 
 0.00500 0.99122 0.99122 0.00304 0.00304 -0.09243 -0.09243 0.00878 0.00878 
 0.00600 0.98740 0.98740 0.00429 0.00429 -0.11009 -0.11009 0.01260 0.01260 
 0.00700 0.98293 0.98293 0.00570 0.00570 -0.12732 -0.12732 0.01707 0.01707 
 0.00800 0.97781 0.97781 0.00726 0.00726 -0.14408 -0.14408 0.02219 0.02219 
 0.00900 0.97208 0.97208 0.00895 0.00895 -0.16032 -0.16032 0.02792 0.02792 
 0.01000 0.96574 0.96574 0.01074 0.01074 -0.17598 -0.17598 0.03426 0.03426 
 0.01100 0.95883 0.95883 0.01262 0.01262 -0.19102 -0.19102 0.04117 0.04117 
 0.01200 0.95136 0.95136 0.01456 0.01456 -0.20541 -0.20541 0.04864 0.04864 
 0.01300 0.94336 0.94336 0.01654 0.01654 -0.21911 -0.21911 0.05664 0.05664 
 0.01400 0.93486 0.93486 0.01854 0.01854 -0.23208 -0.23208 0.06514 0.06514 
 0.01500 0.92588 0.92588 0.02055 0.02055 -0.24431 -0.24431 0.07412 0.07412 
 0.01600 0.91646 0.91646 0.02253 0.02253 -0.25577 -0.25577 0.08354 0.08354 
 0.01700 0.90662 0.90662 0.02447 0.02447 -0.26643 -0.26643 0.09338 0.09338 
 0.01800 0.89639 0.89639 0.02636 0.02636 -0.27630 -0.27630 0.10361 0.10361 
 0.01900 0.88581 0.88581 0.02817 0.02817 -0.28534 -0.28534 0.11419 0.11419 
 0.02000 0.87491 0.87491 0.02989 0.02989 -0.29356 -0.29356 0.12510 0.12510 
 0.02100 0.86370 0.86370 0.03151 0.03151 -0.30096 -0.30096 0.13630 0.13630 
 0.02200 0.85224 0.85224 0.03300 0.03300 -0.30752 -0.30752 0.14776 0.14776 
 0.02300 0.84054 0.84054 0.03436 0.03436 -0.31326 -0.31326 0.15946 0.15946 
 0.02400 0.82865 0.82865 0.03558 0.03558 -0.31817 -0.31817 0.17135 0.17135 
 0.02500 0.81658 0.81658 0.03664 0.03664 -0.32227 -0.32227 0.18342 0.18342 
 0.02600 0.80437 0.80437 0.03754 0.03754 -0.32556 -0.32556 0.19562 0.19562 
 0.02700 0.79206 0.79206 0.03827 0.03827 -0.32807 -0.32807 0.20794 0.20794 
 0.02800 0.77967 0.77967 0.03882 0.03882 -0.32980 -0.32980 0.22033 0.22033 
 0.02900 0.76722 0.76722 0.03919 0.03919 -0.33077 -0.33077 0.23278 0.23278 
 0.03000 0.75475 0.75475 0.03938 0.03938 -0.33100 -0.33100 0.24525 0.24525 
 0.03100 0.74229 0.74229 0.03937 0.03937 -0.33051 -0.33051 0.25771 0.25771 
 0.03200 0.72986 0.72986 0.03918 0.03918 -0.32933 -0.32933 0.27014 0.27014 
 0.03300 0.71749 0.71749 0.03880 0.03880 -0.32747 -0.32747 0.28251 0.28251 
 0.03400 0.70520 0.70520 0.03823 0.03823 -0.32497 -0.32497 0.29480 0.29480 
 0.03500 0.69301 0.69301 0.03747 0.03747 -0.32184 -0.32184 0.30699 0.30699 
 0.03600 0.68095 0.68095 0.03652 0.03652 -0.31813 -0.31813 0.31905 0.31905 
 0.03700 0.66905 0.66905 0.03540 0.03540 -0.31384 -0.31384 0.33095 0.33095 
 0.03800 0.65731 0.65731 0.03410 0.03410 -0.30902 -0.30902 0.34269 0.34269 
 0.03900 0.64577 0.64577 0.03263 0.03263 -0.30369 -0.30369 0.35423 0.35423 
 0.04000 0.63444 0.63444 0.03099 0.03099 -0.29788 -0.29788 0.36556 0.36556 
 0.04100 0.62333 0.62333 0.02919 0.02919 -0.29162 -0.29162 0.37667 0.37667 
 0.04200 0.61247 0.61247 0.02724 0.02724 -0.28494 -0.28494 0.38753 0.38753 
 0.04300 0.60187 0.60187 0.02514 0.02514 -0.27786 -0.27786 0.39813 0.39813 
 0.04400 0.59154 0.59154 0.02290 0.02290 -0.27043 -0.27043 0.40846 0.40846 
 0.04500 0.58149 0.58149 0.02054 0.02054 -0.26266 -0.26266 0.41851 0.41851 
 0.04600 0.57175 0.57175 0.01805 0.01805 -0.25458 -0.25458 0.42825 0.42825 
 0.04700 0.56232 0.56232 0.01544 0.01544 -0.24623 -0.24623 0.43768 0.43768 
 0.04800 0.55320 0.55320 0.01273 0.01273 -0.23763 -0.23763 0.44680 0.44680 
 0.04900 0.54441 0.54441 0.00992 0.00992 -0.22881 -0.22881 0.45559 0.45559 
 0.05001 0.53596 0.53596 0.00702 0.00702 -0.21980 -0.21980 0.46404 0.46404 
 0.05101 0.52786 0.52786 0.00404 0.00404 -0.21063 -0.21063 0.47214 0.47214 
 0.05201 0.52010 0.52010 0.00099 0.00099 -0.20131 -0.20131 0.47990 0.47990 
 0.05301 0.51269 0.51269 -0.00213 -0.00213 -0.19188 -0.19188 0.48731 0.48731 
 0.05401 0.50564 0.50564 -0.00531 -0.00531 -0.18236 -0.18236 0.49436 0.49436 
 0.05501 0.49895 0.49895 -0.00854 -0.00854 -0.17278 -0.17278 0.50105 0.50105 
 0.05601 0.49262 0.49262 -0.01181 -0.01181 -0.16315 -0.16315 0.50738 0.50738 
 0.05701 0.48666 0.48666 -0.01512 -0.01512 -0.15351 -0.15351 0.51334 0.51334 
 0.05801 0.48106 0.48106 -0.01846 -0.01846 -0.14387 -0.14387 0.51894 0.51894 
 0.05901 0.47582 0.47582 -0.02181 -0.02181 -0.13425 -0.13425 0.52418 0.52418 
 0.06001 0.47094 0.47094 -0.02519 -0.02519 -0.12468 -0.12468 0.52906 0.52906 
 0.06101 0.46642 0.46642 -0.02857 -0.02857 -0.11518 -0.11518 0.53358 0.53358 
 0.06201 0.46226 0.46226 -0.03196 -0.03196 -0.10576 -0.10576 0.53774 0.53774 
 0.06301 0.45845 0.45845 -0.03534 -0.03534 -0.09644 -0.09644 0.54155 0.54155 
 0.06401 0.45499 0.45499 -0.03872 -0.03872 -0.08724 -0.08724 0.54501 0.54501 
 0.06501 0.45188 0.45188 -0.04208 -0.04208 -0.07818 -0.07818 0.54812 0.54812 
 0.06601 0.44910 0.44910 -0.04543 -0.04543 -0.06927 -0.06927 0.55090 0.55090 
 0.06701 0.44666 0.44666 -0.04876 -0.04876 -0.06053 -0.06053 0.55334 0.55334 
 0.06801 0.44454 0.44454 -0.05207 -0.05207 -0.05197 -0.05197 0.55546 0.55546 
 0.06901 0.44274 0.44274 -0.05534 -0.05534 -0.04360 -0.04360 0.55726 0.55726 
 0.07001 0.44125 0.44125 -0.05859 -0.05859 -0.03544 -0.03544 0.55875 0.55875 
 0.07101 0.44006 0.44006 -0.06179 -0.06179 -0.02750 -0.02750 0.55994 0.55994 
 0.07201 0.43917 0.43917 -0.06497 -0.06497 -0.01979 -0.01979 0.56083 0.56083 
 0.07301 0.43857 0.43857 -0.06810 -0.06810 -0.01232 -0.01232 0.56143 0.56143 
 0.07401 0.43824 0.43824 -0.07119 -0.07119 -0.00510 -0.00510 0.56176 0.56176 
 0.07501 0.43818 0.43818 -0.07423 -0.07423 0.00186 0.00186 0.56182 0.56182 
 0.07601 0.43838 0.43838 -0.07723 -0.07723 0.00855 0.00855 0.56162 0.56162 
 0.07701 0.43882 0.43882 -0.08018 -0.08018 0.01497 0.01497 0.56118 0.56118 
 0.07801 0.43950 0.43950 -0.08308 -0.08308 0.02111 0.02111 0.56050 0.56050 
 0.07901 0.44041 0.44041 -0.08593 -0.08593 0.02697 0.02697 0.55959 0.55959 
 0.08001 0.44153 0.44153 -0.08872 -0.08872 0.03254 0.03254 0.55847 0.55847 
 0.08101 0.44286 0.44286 -0.09147 -0.09147 0.03781 0.03781 0.55714 0.55714 
 0.08201 0.44438 0.44438 -0.09416 -0.09416 0.04278 0.04278 0.55562 0.55562 
 0.08301 0.44608 0.44608 -0.09680 -0.09680 0.04746 0.04746 0.55392 0.55392 
 0.08401 0.44795 0.44795 -0.09939 -0.09939 0.05183 0.05183 0.55205 0.55205 
 0.08501 0.44998 0.44998 -0.10192 -0.10192 0.05589 0.05589 0.55002 0.55002 
 0.08601 0.45216 0.45216 -0.10439 -0.10439 0.05966 0.05966 0.54784 0.54784 
 0.08701 0.45447 0.45447 -0.10681 -0.10681 0.06312 0.06312 0.54553 0.54553 
 0.08801 0.45691 0.45691 -0.10918 -0.10918 0.06627 0.06627 0.54309 0.54309 
 0.08901 0.45946 0.45946 -0.11149 -0.11149 0.06912 0.06912 0.54054 0.54054 
 0.09001 0.46211 0.46211 -0.11375 -0.11375 0.07167 0.07167 0.53789 0.53789 
 0.09101 0.46486 0.46486 -0.11596 -0.11596 0.07393 0.07393 0.53514 0.53514 
 0.09201 0.46768 0.46768 -0.11811 -0.11811 0.07589 0.07589 0.53232 0.53232 
 0.09301 0.47057 0.47057 -0.12021 -0.12021 0.07755 0.07755 0.52943 0.52943 
 0.09401 0.47352 0.47352 -0.12226 -0.12226 0.07893 0.07893 0.52648 0.52648 
 0.09501 0.47651 0.47651 -0.12426 -0.12426 0.08003 0.08003 0.52349 0.52349 
 0.09601 0.47954 0.47954 -0.12621 -0.12621 0.08085 0.08085 0.52046 0.52046 
 0.09701 0.48260 0.48260 -0.12811 -0.12811 0.08139 0.08139 0.51740 0.51740 
 0.09801 0.48568 0.48568 -0.12996 -0.12996 0.08168 0.08168 0.51433 0.51433 
 0.09901 0.48875 0.48875 -0.13176 -0.13176 0.08170 0.08170 0.51125 0.51125 
 0.10001 0.49183 0.49183 -0.13351 -0.13351 0.08147 0.08147 0.50817 0.50817 
 0.10101 0.49489 0.49489 -0.13522 -0.13522 0.08099 0.08099 0.50511 0.50511 
 0.10201 0.49793 0.49793 -0.13688 -0.13688 0.08028 0.08028 0.50207 0.50207 
 0.10301 0.50093 0.50093 -0.13850 -0.13850 0.07933 0.07933 0.49907 0.49907 
 0.10401 0.50390 0.50390 -0.14008 -0.14008 0.07817 0.07817 0.49610 0.49610 
 0.10501 0.50682 0.50682 -0.14161 -0.14161 0.07679 0.07679 0.49318 0.49318 
 0.10601 0.50968 0.50968 -0.14310 -0.14310 0.07521 0.07521 0.49032 0.49032 
 0.10701 0.51248 0.51248 -0.14455 -0.14455 0.07343 0.07343 0.48751 0.48751 
 0.10801 0.51521 0.51521 -0.14596 -0.14596 0.07147 0.07147 0.48479 0.48479 
 0.10901 0.51787 0.51787 -0.14734 -0.14734 0.06933 0.06933 0.48213 0.48213 
 0.11001 0.52044 0.52044 -0.14867 -0.14867 0.06703 0.06703 0.47956 0.47956 
 0.11101 0.52292 0.52292 -0.14997 -0.14997 0.06457 0.06457 0.47708 0.47708 
 0.11201 0.52530 0.52530 -0.15124 -0.15124 0.06197 0.06197 0.47470 0.47470 
 0.11301 0.52758 0.52758 -0.15247 -0.15247 0.05922 0.05922 0.47242 0.47242 
 0.11401 0.52976 0.52976 -0.15366 -0.15366 0.05635 0.05635 0.47024 0.47024 
 0.11501 0.53183 0.53183 -0.15483 -0.15483 0.05337 0.05337 0.46817 0.46817 
 0.11601 0.53378 0.53378 -0.15596 -0.15596 0.05028 0.05028 0.46622 0.46622 
 0.11701 0.53561 0.53561 -0.15707 -0.15707 0.04709 0.04709 0.46438 0.46438 
 0.11801 0.53733 0.53733 -0.15814 -0.15814 0.04382 0.04382 0.46267 0.46267 
 0.11901 0.53892 0.53892 -0.15919 -0.15919 0.04047 0.04047 0.46108 0.46108 
 0.12001 0.54038 0.54038 -0.16021 -0.16021 0.03706 0.03706 0.45962 0.45962 
 0.12101 0.54171 0.54171 -0.16120 -0.16120 0.03359 0.03359 0.45829 0.45829 
 0.12201 0.54291 0.54291 -0.16217 -0.16217 0.03007 0.03007 0.45709 0.45709 
 0.12301 0.54397 0.54397 -0.16311 -0.16311 0.02652 0.02652 0.45603 0.45603 
 0.12401 0.54490 0.54490 -0.16404 -0.16404 0.02295 0.02295 0.45510 0.45510 
 0.12501 0.54570 0.54570 -0.16494 -0.16494 0.01935 0.01935 0.45430 0.45430 
 0.12601 0.54636 0.54636 -0.16582 -0.16582 0.01575 0.01575 0.45364 0.45364 
 0.12701 0.54689 0.54689 -0.16667 -0.16667 0.01215 0.01215 0.45311 0.45311 
 0.12801 0.54728 0.54728 -0.16752 -0.16752 0.00855 0.00855 0.45272 0.45272 
 0.12901 0.54753 0.54753 -0.16834 -0.16834 0.00498 0.00498 0.45247 0.45247 
 0.13001 0.54765 0.54765 -0.16914 -0.16914 0.00143 0.00143 0.45235 0.45235 
 0.13101 0.54764 0.54764 -0.16993 -0.16993 -0.00208 -0.00208 0.45236 0.45236 
 0.13201 0.54750 0.54750 -0.17070 -0.17070 -0.00555 -0.00555 0.45250 0.45250 
 0.13301 0.54722 0.54722 -0.17146 -0.17146 -0.00897 -0.00897 0.45278 0.45278 
 0.13401 0.54682 0.54682 -0.17221 -0.17221 -0.01233 -0.01233 0.45318 0.45318 
 0.13501 0.54629 0.54629 -0.17294 -0.17294 -0.01563 -0.01563 0.45371 0.45371 
 0.13601 0.54565 0.54565 -0.17366 -0.17366 -0.01886 -0.01886 0.45435 0.45435 
 0.13701 0.54487 0.54487 -0.17437 -0.17437 -0.02201 -0.02201 0.45513 0.45513 
 0.13801 0.54399 0.54399 -0.17507 -0.17507 -0.02508 -0.02508 0.45601 0.45601 
 0.13901 0.54299 0.54299 -0.17577 -0.17577 -0.02807 -0.02807 0.45701 0.45701 
 0.14001 0.54187 0.54187 -0.17645 -0.17645 -0.03096 -0.03096 0.45813 0.45813 
 0.14101 0.54065 0.54065 -0.17712 -0.17712 -0.03375 -0.03375 0.45935 0.45935 
 0.14201 0.53933 0.53933 -0.17779 -0.17779 -0.03644 -0.03644 0.46067 0.46067 
 0.14301 0.53791 0.53791 -0.17845 -0.17845 -0.03902 -0.03902 0.46209 0.46209 
 0.14401 0.53639 0.53639 -0.17910 -0.17910 -0.04149 -0.04149 0.46361 0.46361 
 0.14501 0.53479 0.53479 -0.17976 -0.17976 -0.04385 -0.04385 0.46521 0.46521 
 0.14601 0.53309 0.53309 -0.18040 -0.18040 -0.04609 -0.04609 0.46691 0.46691 
 0.14701 0.53131 0.53131 -0.18105 -0.18105 -0.04821 -0.04821 0.46869 0.46869 
 0.14801 0.52946 0.52946 -0.18169 -0.18169 -0.05021 -0.05021 0.47054 0.47054 
 0.14901 0.52753 0.52753 -0.18232 -0.18232 -0.05208 -0.05208 0.47247 0.47247 
 0.15002 0.52554 0.52554 -0.18296 -0.18296 -0.05383 -0.05383 0.47446 0.47446 
 0.15102 0.52348 0.52348 -0.18359 -0.18359 -0.05545 -0.05545 0.47652 0.47652 
 0.15202 0.52136 0.52136 -0.18423 -0.18423 -0.05695 -0.05695 0.47864 0.47864 
 0.15302 0.51919 0.51919 -0.18486 -0.18486 -0.05831 -0.05831 0.48081 0.48081 
 0.15402 0.51697 0.51697 -0.18549 -0.18549 -0.05955 -0.05955 0.48303 0.48303 
 0.15502 0.51471 0.51471 -0.18613 -0.18613 -0.06065 -0.06065 0.48529 0.48529 
 0.15602 0.51240 0.51240 -0.18676 -0.18676 -0.06163 -0.06163 0.48760 0.48760 
 0.15702 0.51006 0.51006 -0.18740 -0.18740 -0.06248 -0.06248 0.48994 0.48994 
 0.15802 0.50770 0.50770 -0.18804 -0.18804 -0.06320 -0.06320 0.49230 0.49230 
 0.15902 0.50530 0.50530 -0.18868 -0.18868 -0.06380 -0.06380 0.49470 0.49470 
 0.16002 0.50289 0.50289 -0.18933 -0.18933 -0.06426 -0.06426 0.49711 0.49711 
 0.16102 0.50046 0.50046 -0.18998 -0.18998 -0.06461 -0.06461 0.49954 0.49954 
 0.16202 0.49802 0.49802 -0.19062 -0.19062 -0.06484 -0.06484 0.50198 0.50198 
 0.16302 0.49558 0.49558 -0.19128 -0.19128 -0.06494 -0.06494 0.50442 0.50442 
 0.16402 0.49313 0.49313 -0.19194 -0.19194 -0.06493 -0.06493 0.50687 0.50687 
 0.16502 0.49069 0.49069 -0.19260 -0.19260 -0.06481 -0.06481 0.50931 0.50931 
 0.16602 0.48825 0.48825 -0.19326 -0.19326 -0.06457 -0.06457 0.51175 0.51175 
 0.16702 0.48582 0.48582 -0.19393 -0.19393 -0.06423 -0.06423 0.51418 0.51418 
 0.16802 0.48341 0.48341 -0.19461 -0.19461 -0.06378 -0.06378 0.51659 0.51659 
 0.16902 0.48102 0.48102 -0.19529 -0.19529 -0.06323 -0.06323 0.51898 0.51898 
 0.17002 0.47865 0.47865 -0.19597 -0.19597 -0.06258 -0.06258 0.52135 0.52135 
 0.17102 0.47631 0.47631 -0.19666 -0.19666 -0.06183 -0.06183 0.52369 0.52369 
 0.17202 0.47399 0.47399 -0.19735 -0.19735 -0.06100 -0.06100 0.52601 0.52601 
 0.17302 0.47171 0.47171 -0.19805 -0.19805 -0.06008 -0.06008 0.52829 0.52829 
 0.17402 0.46947 0.46947 -0.19875 -0.19875 -0.05908 -0.05908 0.53053 0.53053 
 0.17502 0.46726 0.46726 -0.19945 -0.19945 -0.05800 -0.05800 0.53274 0.53274 
 0.17602 0.46510 0.46510 -0.20016 -0.20016 -0.05684 -0.05684 0.53490 0.53490 
 0.17702 0.46298 0.46298 -0.20088 -0.20088 -0.05562 -0.05562 0.53702 0.53702 
 0.17802 0.46091 0.46091 -0.20160 -0.20160 -0.05433 -0.05433 0.53909 0.53909 
 0.17902 0.45889 0.45889 -0.20232 -0.20232 -0.05298 -0.05298 0.54111 0.54111 
 0.18002 0.45692 0.45692 -0.20305 -0.20305 -0.05157 -0.05157 0.54308 0.54308 
 0.18102 0.45500 0.45500 -0.20378 -0.20378 -0.05011 -0.05011 0.54500 0.54500 
 0.18202 0.45314 0.45314 -0.20451 -0.20451 -0.04860 -0.04860 0.54686 0.54686 
 0.18302 0.45134 0.45134 -0.20524 -0.20524 -0.04706 -0.04706 0.54866 0.54866 
 0.18402 0.44960 0.44960 -0.20598 -0.20598 -0.04547 -0.04547 0.55040 0.55040 
 0.18502 0.44791 0.44791 -0.20672 -0.20672 -0.04385 -0.04385 0.55209 0.55209 
 0.18602 0.44629 0.44629 -0.20747 -0.20747 -0.04220 -0.04220 0.55371 0.55371 
 0.18702 0.44473 0.44473 -0.20822 -0.20822 -0.04052 -0.04052 0.55527 0.55527 
 0.18802 0.44324 0.44324 -0.20897 -0.20897 -0.03882 -0.03882 0.55676 0.55676 
 0.18902 0.44181 0.44181 -0.20972 -0.20972 -0.03711 -0.03711 0.55819 0.55819 
 0.19002 0.44044 0.44044 -0.21047 -0.21047 -0.03539 -0.03539 0.55956 0.55956 
 0.19102 0.43914 0.43914 -0.21122 -0.21122 -0.03365 -0.03365 0.56086 0.56086 
 0.19202 0.43791 0.43791 -0.21197 -0.21197 -0.03192 -0.03192 0.56209 0.56209 
 0.19302 0.43674 0.43674 -0.21272 -0.21272 -0.03018 -0.03018 0.56326 0.56326 
 0.19402 0.43563 0.43563 -0.21348 -0.21348 -0.02845 -0.02845 0.56437 0.56437 
 0.19502 0.43460 0.43460 -0.21423 -0.21423 -0.02673 -0.02673 0.56541 0.56541 
 0.19602 0.43362 0.43362 -0.21498 -0.21498 -0.02502 -0.02502 0.56638 0.56638 
 0.19702 0.43271 0.43271 -0.21573 -0.21573 -0.02332 -0.02332 0.56729 0.56729 
 0.19802 0.43186 0.43186 -0.21648 -0.21648 -0.02164 -0.02164 0.56814 0.56814 
 0.19902 0.43108 0.43108 -0.21723 -0.21723 -0.01999 -0.01999 0.56892 0.56892 
 0.20002 0.43115 0.43036 -0.21735 -0.21797 -0.01755 -0.01836 0.57144 0.56964 
 0.20102 0.43067 0.42969 -0.21812 -0.21872 -0.01592 -0.01676 0.57212 0.57030 
 0.20202 0.43027 0.42909 -0.21881 -0.21946 -0.01446 -0.01519 0.57245 0.57091 
 0.20302 0.42989 0.42855 -0.21935 -0.22019 -0.01293 -0.01365 0.57269 0.57145 
 0.20402 0.42941 0.42806 -0.21978 -0.22092 -0.01145 -0.01215 0.57300 0.57193 
 0.20502 0.42887 0.42763 -0.22021 -0.22165 -0.00994 -0.01069 0.57336 0.57237 
 0.20602 0.42828 0.42726 -0.22079 -0.22238 -0.00859 -0.00927 0.57371 0.57274 
 0.20702 0.42760 0.42694 -0.22121 -0.22309 -0.00694 -0.00789 0.57370 0.57306 
 0.20802 0.42693 0.42666 -0.22186 -0.22381 -0.00534 -0.00656 0.57376 0.57334 
 0.20902 0.42623 0.42644 -0.22250 -0.22452 -0.00389 -0.00528 0.57374 0.57356 
 0.21002 0.42576 0.42627 -0.22330 -0.22522 -0.00249 -0.00405 0.57360 0.57373 
 0.21102 0.42556 0.42613 -0.22410 -0.22592 -0.00107 -0.00287 0.57336 0.57386 
 0.21202 0.42543 0.42605 -0.22485 -0.22661 0.00011 -0.00173 0.57312 0.57395 
 0.21302 0.42542 0.42600 -0.22541 -0.22729 0.00123 -0.00066 0.57303 0.57400 
 0.21402 0.42532 0.42600 -0.22615 -0.22797 0.00235 0.00037 0.57291 0.57400 
 0.21502 0.42546 0.42603 -0.22686 -0.22864 0.00351 0.00133 0.57279 0.57397 
 0.21602 0.42555 0.42610 -0.22754 -0.22930 0.00451 0.00224 0.57256 0.57390 
 0.21702 0.42563 0.42620 -0.22815 -0.22995 0.00538 0.00310 0.57223 0.57380 
 0.21802 0.42563 0.42633 -0.22864 -0.23060 0.00637 0.00390 0.57195 0.57367 
 0.21902 0.42594 0.42649 -0.22919 -0.23123 0.00735 0.00464 0.57154 0.57351 
 0.22002 0.42612 0.42668 -0.22992 -0.23186 0.00818 0.00532 0.57116 0.57332 
 0.22102 0.42621 0.42689 -0.23068 -0.23248 0.00872 0.00595 0.57078 0.57311 
 0.22202 0.42628 0.42713 -0.23134 -0.23310 0.00917 0.00651 0.57057 0.57287 
 0.22302 0.42654 0.42738 -0.23182 -0.23370 0.00972 0.00702 0.57020 0.57262 
 0.22402 0.42696 0.42766 -0.23235 -0.23429 0.01017 0.00748 0.56987 0.57234 
 0.22502 0.42736 0.42795 -0.23284 -0.23488 0.01049 0.00787 0.56965 0.57205 
 0.22602 0.42768 0.42825 -0.23346 -0.23545 0.01080 0.00821 0.56942 0.57175 
 0.22702 0.42820 0.42856 -0.23410 -0.23602 0.01098 0.00850 0.56916 0.57144 
 0.22802 0.42873 0.42889 -0.23478 -0.23657 0.01114 0.00873 0.56865 0.57111 
 0.22902 0.42913 0.42922 -0.23553 -0.23712 0.01111 0.00891 0.56842 0.57078 
 0.23002 0.42960 0.42956 -0.23613 -0.23765 0.01118 0.00903 0.56820 0.57044 
 0.23102 0.43018 0.42990 -0.23660 -0.23818 0.01122 0.00911 0.56795 0.57010 
 0.23202 0.43082 0.43024 -0.23692 -0.23870 0.01112 0.00913 0.56765 0.56976 
 0.23302 0.43140 0.43059 -0.23714 -0.23920 0.01125 0.00911 0.56722 0.56941 
 0.23402 0.43172 0.43093 -0.23753 -0.23970 0.01126 0.00904 0.56685 0.56907 
 0.23502 0.43184 0.43127 -0.23810 -0.24019 0.01105 0.00892 0.56662 0.56873 
 0.23602 0.43224 0.43160 -0.23851 -0.24066 0.01084 0.00876 0.56628 0.56840 
 0.23702 0.43269 0.43193 -0.23902 -0.24113 0.01049 0.00855 0.56599 0.56807 
 0.23802 0.43320 0.43224 -0.23949 -0.24159 0.01000 0.00831 0.56578 0.56776 
 0.23902 0.43370 0.43255 -0.23986 -0.24203 0.00951 0.00802 0.56561 0.56745 
 0.24002 0.43414 0.43285 -0.24015 -0.24247 0.00898 0.00770 0.56531 0.56715 
 0.24102 0.43452 0.43313 -0.24052 -0.24290 0.00852 0.00734 0.56500 0.56687 
 0.24202 0.43499 0.43340 -0.24091 -0.24332 0.00804 0.00695 0.56474 0.56660 
 0.24302 0.43526 0.43366 -0.24135 -0.24373 0.00746 0.00652 0.56438 0.56634 
 0.24402 0.43554 0.43389 -0.24181 -0.24413 0.00688 0.00607 0.56377 0.56611 
 0.24502 0.43586 0.43411 -0.24234 -0.24452 0.00639 0.00559 0.56339 0.56589 
 0.24602 0.43627 0.43431 -0.24273 -0.24490 0.00596 0.00508 0.56296 0.56569 
 0.24702 0.43671 0.43450 -0.24315 -0.24527 0.00542 0.00455 0.56255 0.56551 
 0.24802 0.43703 0.43466 -0.24354 -0.24564 0.00487 0.00399 0.56208 0.56534 
 0.24902 0.43721 0.43479 -0.24390 -0.24599 0.00418 0.00342 0.56158 0.56520 
 0.25003 0.43743 0.43491 -0.24415 -0.24634 0.00339 0.00282 0.56134 0.56509 
 0.25103 0.43764 0.43501 -0.24450 -0.24668 0.00277 0.00221 0.56136 0.56499 
 0.25203 0.43768 0.43508 -0.24482 -0.24701 0.00214 0.00159 0.56145 0.56492 
 0.25303 0.43760 0.43513 -0.24518 -0.24733 0.00158 0.00095 0.56141 0.56487 
 0.25403 0.43749 0.43515 -0.24544 -0.24765 0.00088 0.00031 0.56134 0.56485 
 0.25503 0.43736 0.43515 -0.24571 -0.24796 0.00013 -0.00035 0.56157 0.56485 
 0.25603 0.43726 0.43512 -0.24600 -0.24826 -0.00075 -0.00101 0.56179 0.56488 
 0.25703 0.43722 0.43507 -0.24622 -0.24855 -0.00153 -0.00168 0.56185 0.56493 
 0.25803 0.43709 0.43500 -0.24649 -0.24884 -0.00225 -0.00235 0.56190 0.56500 
 0.25903 0.43696 0.43490 -0.24668 -0.24912 -0.00304 -0.00302 0.56216 0.56510 
 0.26003 0.43667 0.43477 -0.24678 -0.24940 -0.00391 -0.00369 0.56244 0.56523 
 0.26103 0.43631 0.43462 -0.24686 -0.24967 -0.00473 -0.00436 0.56272 0.56538 
 0.26203 0.43605 0.43444 -0.24688 -0.24993 -0.00560 -0.00502 0.56307 0.56556 
 0.26303 0.43584 0.43424 -0.24702 -0.25019 -0.00633 -0.00568 0.56346 0.56576 
 0.26403 0.43550 0.43401 -0.24721 -0.25044 -0.00700 -0.00634 0.56365 0.56599 
 0.26503 0.43520 0.43376 -0.24751 -0.25069 -0.00761 -0.00698 0.56392 0.56624 
 0.26603 0.43500 0.43349 -0.24778 -0.25093 -0.00830 -0.00762 0.56421 0.56651 
 0.26703 0.43483 0.43319 -0.24817 -0.25117 -0.00889 -0.00824 0.56451 0.56681 
 0.26803 0.43453 0.43287 -0.24840 -0.25140 -0.00945 -0.00885 0.56485 0.56713 
 0.26903 0.43412 0.43252 -0.24855 -0.25163 -0.00989 -0.00945 0.56525 0.56748 
 0.27003 0.43384 0.43216 -0.24879 -0.25186 -0.01044 -0.01003 0.56552 0.56784 
 0.27103 0.43360 0.43177 -0.24909 -0.25208 -0.01089 -0.01060 0.56588 0.56823 
 0.27203 0.43322 0.43136 -0.24931 -0.25230 -0.01135 -0.01115 0.56630 0.56864 
 0.27303 0.43274 0.43093 -0.24950 -0.25251 -0.01175 -0.01168 0.56678 0.56907 
 0.27403 0.43228 0.43048 -0.24965 -0.25272 -0.01214 -0.01219 0.56732 0.56952 
 0.27503 0.43175 0.43001 -0.24985 -0.25293 -0.01253 -0.01269 0.56783 0.56999 
 0.27603 0.43112 0.42952 -0.25007 -0.25314 -0.01301 -0.01316 0.56832 0.57048 
 0.27703 0.43042 0.42902 -0.25021 -0.25334 -0.01332 -0.01361 0.56878 0.57098 
 0.27803 0.42975 0.42850 -0.25034 -0.25355 -0.01367 -0.01404 0.56912 0.57150 
 0.27903 0.42913 0.42796 -0.25056 -0.25375 -0.01402 -0.01445 0.56958 0.57204 
 0.28003 0.42858 0.42741 -0.25065 -0.25394 -0.01433 -0.01484 0.57020 0.57259 
 0.28103 0.42798 0.42684 -0.25083 -0.25414 -0.01463 -0.01520 0.57087 0.57316 
 0.28203 0.42736 0.42626 -0.25107 -0.25433 -0.01494 -0.01554 0.57150 0.57374 
 0.28303 0.42682 0.42567 -0.25128 -0.25453 -0.01511 -0.01585 0.57217 0.57433 
 0.28403 0.42629 0.42507 -0.25146 -0.25472 -0.01520 -0.01614 0.57285 0.57493 
 0.28503 0.42584 0.42446 -0.25165 -0.25491 -0.01526 -0.01641 0.57350 0.57554 
 0.28603 0.42536 0.42383 -0.25171 -0.25510 -0.01529 -0.01665 0.57407 0.57617 
 0.28703 0.42484 0.42320 -0.25180 -0.25529 -0.01536 -0.01686 0.57459 0.57680 
 0.28803 0.42426 0.42256 -0.25193 -0.25548 -0.01548 -0.01706 0.57512 0.57744 
 0.28903 0.42354 0.42192 -0.25216 -0.25566 -0.01560 -0.01722 0.57571 0.57808 
 0.29003 0.42277 0.42127 -0.25244 -0.25585 -0.01571 -0.01737 0.57627 0.57873 
 0.29103 0.42209 0.42061 -0.25272 -0.25604 -0.01572 -0.01749 0.57690 0.57939 
 0.29203 0.42138 0.41995 -0.25298 -0.25623 -0.01569 -0.01758 0.57753 0.58005 
 0.29303 0.42080 0.41928 -0.25330 -0.25641 -0.01567 -0.01765 0.57810 0.58072 
 0.29403 0.42033 0.41862 -0.25360 -0.25660 -0.01564 -0.01770 0.57883 0.58138 
 0.29503 0.41981 0.41795 -0.25398 -0.25679 -0.01554 -0.01773 0.57954 0.58205 
 0.29603 0.41923 0.41728 -0.25442 -0.25697 -0.01546 -0.01773 0.58022 0.58272 
 0.29703 0.41854 0.41662 -0.25477 -0.25716 -0.01536 -0.01771 0.58083 0.58338 
 0.29803 0.41785 0.41595 -0.25500 -0.25735 -0.01532 -0.01767 0.58144 0.58405 
 0.29903 0.41715 0.41529 -0.25520 -0.25754 -0.01515 -0.01761 0.58200 0.58471 
 0.30003 0.41658 0.41462 -0.25541 -0.25772 -0.01491 -0.01752 0.58256 0.58538 
 0.30103 0.41604 0.41397 -0.25563 -0.25791 -0.01467 -0.01742 0.58306 0.58603 
 0.30203 0.41553 0.41331 -0.25592 -0.25810 -0.01445 -0.01730 0.58352 0.58669 
 0.30303 0.41503 0.41266 -0.25620 -0.25829 -0.01422 -0.01716 0.58391 0.58734 
 0.30403 0.41451 0.41202 -0.25647 -0.25848 -0.01399 -0.01700 0.58432 0.58798 
 0.30503 0.41404 0.41138 -0.25681 -0.25867 -0.01374 -0.01683 0.58488 0.58862 
 0.30603 0.41358 0.41075 -0.25718 -0.25886 -0.01344 -0.01664 0.58540 0.58925 
 0.30703 0.41307 0.41013 -0.25758 -0.25905 -0.01315 -0.01643 0.58591 0.58987 
 0.30803 0.41247 0.40951 -0.25797 -0.25924 -0.01281 -0.01621 0.58644 0.59049 
 0.30903 0.41190 0.40891 -0.25822 -0.25943 -0.01242 -0.01597 0.58697 0.59109 
 0.31003 0.41148 0.40831 -0.25842 -0.25963 -0.01215 -0.01573 0.58761 0.59169 
 0.31103 0.41101 0.40772 -0.25869 -0.25982 -0.01186 -0.01547 0.58808 0.59228 
 0.31203 0.41050 0.40714 -0.25894 -0.26001 -0.01151 -0.01519 0.58844 0.59286 
 0.31303 0.40990 0.40658 -0.25912 -0.26021 -0.01118 -0.01491 0.58879 0.59342 
 0.31403 0.40924 0.40602 -0.25935 -0.26040 -0.01087 -0.01462 0.58906 0.59398 
 0.31503 0.40862 0.40548 -0.25950 -0.26059 -0.01052 -0.01432 0.58939 0.59452 
 0.31603 0.40814 0.40494 -0.25969 -0.26078 -0.01015 -0.01401 0.58977 0.59506 
 0.31703 0.40778 0.40442 -0.25992 -0.26098 -0.00976 -0.01369 0.59020 0.59558 
 0.31803 0.40750 0.40391 -0.26019 -0.26117 -0.00931 -0.01337 0.59056 0.59609 
 0.31903 0.40717 0.40341 -0.26055 -0.26137 -0.00894 -0.01304 0.59083 0.59659 
 0.32003 0.40680 0.40293 -0.26094 -0.26156 -0.00852 -0.01271 0.59111 0.59707 
 0.32103 0.40643 0.40246 -0.26133 -0.26176 -0.00812 -0.01237 0.59147 0.59754 
 0.32203 0.40604 0.40200 -0.26176 -0.26195 -0.00774 -0.01203 0.59172 0.59800 
 0.32303 0.40567 0.40155 -0.26214 -0.26214 -0.00744 -0.01169 0.59197 0.59845 
 0.32403 0.40539 0.40111 -0.26253 -0.26234 -0.00712 -0.01135 0.59216 0.59889 
 0.32503 0.40516 0.40069 -0.26285 -0.26253 -0.00674 -0.01101 0.59238 0.59931 
 0.32603 0.40500 0.40029 -0.26310 -0.26272 -0.00640 -0.01066 0.59262 0.59971 
 0.32703 0.40482 0.39989 -0.26334 -0.26291 -0.00608 -0.01032 0.59283 0.60011 
 0.32803 0.40463 0.39951 -0.26352 -0.26311 -0.00577 -0.00998 0.59306 0.60049 
 0.32903 0.40447 0.39914 -0.26375 -0.26330 -0.00547 -0.00964 0.59326 0.60086 
 0.33003 0.40433 0.39878 -0.26401 -0.26349 -0.00515 -0.00930 0.59344 0.60122 
 0.33103 0.40416 0.39844 -0.26425 -0.26368 -0.00484 -0.00897 0.59369 0.60156 
 0.33203 0.40403 0.39810 -0.26452 -0.26387 -0.00456 -0.00864 0.59385 0.60189 
 0.33303 0.40389 0.39779 -0.26475 -0.26405 -0.00428 -0.00832 0.59401 0.60221 
 0.33403 0.40381 0.39748 -0.26499 -0.26424 -0.00398 -0.00800 0.59420 0.60252 
 0.33503 0.40372 0.39718 -0.26525 -0.26443 -0.00375 -0.00769 0.59443 0.60282 
 0.33603 0.40362 0.39690 -0.26550 -0.26461 -0.00351 -0.00738 0.59460 0.60310 
 0.33703 0.40353 0.39663 -0.26575 -0.26479 -0.00326 -0.00708 0.59474 0.60337 
 0.33803 0.40341 0.39637 -0.26604 -0.26498 -0.00304 -0.00679 0.59489 0.60364 
 0.33903 0.40331 0.39611 -0.26630 -0.26515 -0.00285 -0.00651 0.59502 0.60389 
 0.34003 0.40321 0.39587 -0.26661 -0.26533 -0.00268 -0.00623 0.59514 0.60413 
 0.34103 0.40311 0.39565 -0.26691 -0.26551 -0.00249 -0.00597 0.59524 0.60435 
 0.34203 0.40303 0.39543 -0.26718 -0.26569 -0.00227 -0.00571 0.59535 0.60457 
 0.34303 0.40293 0.39521 -0.26743 -0.26586 -0.00207 -0.00546 0.59544 0.60479 
 0.34403 0.40288 0.39501 -0.26767 -0.26604 -0.00191 -0.00522 0.59554 0.60499 
 0.34503 0.40279 0.39482 -0.26790 -0.26621 -0.00181 -0.00499 0.59561 0.60518 
 0.34603 0.40271 0.39464 -0.26815 -0.26638 -0.00175 -0.00477 0.59568 0.60536 
 0.34703 0.40259 0.39446 -0.26842 -0.26654 -0.00166 -0.00456 0.59576 0.60554 
 0.34803 0.40246 0.39429 -0.26868 -0.26671 -0.00158 -0.00437 0.59586 0.60571 
 0.34903 0.40235 0.39413 -0.26888 -0.26687 -0.00151 -0.00418 0.59594 0.60587 
 0.35004 0.40226 0.39398 -0.26912 -0.26704 -0.00145 -0.00400 0.59600 0.60602 
 0.35104 0.40223 0.39383 -0.26931 -0.26720 -0.00139 -0.00383 0.59602 0.60617 
 0.35204 0.40222 0.39369 -0.26948 -0.26736 -0.00131 -0.00368 0.59605 0.60631 
 0.35304 0.40218 0.39355 -0.26966 -0.26751 -0.00126 -0.00353 0.59608 0.60645 
 0.35404 0.40218 0.39342 -0.26980 -0.26766 -0.00121 -0.00340 0.59613 0.60658 
 0.35504 0.40219 0.39330 -0.27000 -0.26782 -0.00118 -0.00328 0.59623 0.60670 
 0.35604 0.40221 0.39318 -0.27021 -0.26797 -0.00117 -0.00316 0.59633 0.60682 
 0.35704 0.40226 0.39306 -0.27038 -0.26811 -0.00115 -0.00306 0.59647 0.60694 
 0.35804 0.40226 0.39294 -0.27051 -0.26826 -0.00111 -0.00297 0.59653 0.60706 
 0.35904 0.40224 0.39283 -0.27065 -0.26840 -0.00110 -0.00289 0.59658 0.60717 
 0.36004 0.40219 0.39273 -0.27081 -0.26854 -0.00107 -0.00282 0.59658 0.60727 
 0.36104 0.40211 0.39262 -0.27097 -0.26868 -0.00106 -0.00276 0.59663 0.60738 
 0.36204 0.40208 0.39252 -0.27111 -0.26882 -0.00106 -0.00271 0.59672 0.60748 
 0.36304 0.40204 0.39242 -0.27124 -0.26895 -0.00107 -0.00267 0.59679 0.60758 
 0.36404 0.40198 0.39232 -0.27140 -0.26908 -0.00108 -0.00264 0.59688 0.60768 
 0.36504 0.40189 0.39222 -0.27151 -0.26921 -0.00109 -0.00262 0.59694 0.60778 
 0.36604 0.40181 0.39212 -0.27159 -0.26934 -0.00109 -0.00261 0.59698 0.60788 
 0.36704 0.40174 0.39202 -0.27166 -0.26946 -0.00114 -0.00261 0.59701 0.60798 
 0.36804 0.40171 0.39192 -0.27176 -0.26959 -0.00118 -0.00261 0.59706 0.60808 
 0.36904 0.40163 0.39182 -0.27188 -0.26971 -0.00123 -0.00263 0.59708 0.60818 
 0.37004 0.40160 0.39172 -0.27197 -0.26982 -0.00131 -0.00265 0.59713 0.60828 
 0.37104 0.40157 0.39162 -0.27207 -0.26994 -0.00142 -0.00268 0.59717 0.60838 
 0.37204 0.40149 0.39152 -0.27215 -0.27005 -0.00153 -0.00272 0.59718 0.60848 
 0.37304 0.40140 0.39142 -0.27229 -0.27017 -0.00167 -0.00276 0.59718 0.60858 
 0.37404 0.40133 0.39132 -0.27239 -0.27027 -0.00180 -0.00281 0.59720 0.60869 
 0.37504 0.40127 0.39121 -0.27246 -0.27038 -0.00189 -0.00287 0.59721 0.60879 
 0.37604 0.40125 0.39110 -0.27254 -0.27049 -0.00199 -0.00294 0.59723 0.60890 
 0.37704 0.40123 0.39099 -0.27258 -0.27059 -0.00209 -0.00301 0.59731 0.60901 
 0.37804 0.40119 0.39087 -0.27260 -0.27069 -0.00217 -0.00308 0.59738 0.60913 
 0.37904 0.40113 0.39075 -0.27260 -0.27079 -0.00233 -0.00316 0.59750 0.60925 
 0.38004 0.40102 0.39063 -0.27256 -0.27089 -0.00239 -0.00324 0.59752 0.60937 
 0.38104 0.40086 0.39051 -0.27253 -0.27098 -0.00245 -0.00333 0.59752 0.60949 
 0.38204 0.40074 0.39038 -0.27254 -0.27108 -0.00252 -0.00343 0.59759 0.60962 
 0.38304 0.40062 0.39025 -0.27255 -0.27117 -0.00262 -0.00352 0.59765 0.60975 
 0.38404 0.40057 0.39012 -0.27255 -0.27126 -0.00272 -0.00362 0.59775 0.60988 
 0.38504 0.40052 0.38998 -0.27254 -0.27135 -0.00282 -0.00372 0.59786 0.61002 
 0.38604 0.40044 0.38984 -0.27261 -0.27143 -0.00291 -0.00383 0.59796 0.61016 
 0.38704 0.40041 0.38969 -0.27268 -0.27152 -0.00300 -0.00393 0.59806 0.61031 
 0.38804 0.40037 0.38954 -0.27272 -0.27160 -0.00306 -0.00404 0.59818 0.61046 
 0.38904 0.40032 0.38939 -0.27277 -0.27168 -0.00315 -0.00415 0.59837 0.61061 
 0.39004 0.40020 0.38923 -0.27287 -0.27176 -0.00329 -0.00426 0.59858 0.61077 
 0.39104 0.40001 0.38906 -0.27297 -0.27184 -0.00348 -0.00437 0.59879 0.61094 
 0.39204 0.39988 0.38890 -0.27305 -0.27191 -0.00361 -0.00448 0.59896 0.61110 
 0.39304 0.39976 0.38873 -0.27309 -0.27199 -0.00373 -0.00459 0.59917 0.61127 
 0.39404 0.39958 0.38855 -0.27316 -0.27206 -0.00386 -0.00470 0.59935 0.61145 
 0.39504 0.39939 0.38837 -0.27320 -0.27213 -0.00394 -0.00481 0.59956 0.61163 
 0.39604 0.39918 0.38819 -0.27327 -0.27220 -0.00402 -0.00492 0.59968 0.61181 
 0.39704 0.39896 0.38800 -0.27337 -0.27227 -0.00410 -0.00503 0.59983 0.61200 
 0.39804 0.39875 0.38781 -0.27345 -0.27234 -0.00417 -0.00514 0.59998 0.61219 
 0.39904 0.39853 0.38761 -0.27352 -0.27241 -0.00426 -0.00524 0.60011 0.61238 
 0.40004 0.39835 0.38742 -0.27363 -0.27248 -0.00432 -0.00535 0.60023 0.61259 
 0.40104 0.39821 0.38721 -0.27371 -0.27254 -0.00435 -0.00545 0.60038 0.61279 
 0.40204 0.39804 0.38700 -0.27381 -0.27261 -0.00440 -0.00554 0.60050 0.61299 
 0.40304 0.39785 0.38679 -0.27391 -0.27267 -0.00447 -0.00564 0.60061 0.61321 
 0.40404 0.39768 0.38658 -0.27402 -0.27273 -0.00453 -0.00573 0.60072 0.61342 
 0.40504 0.39750 0.38636 -0.27411 -0.27279 -0.00459 -0.00582 0.60084 0.61364 
 0.40604 0.39733 0.38614 -0.27421 -0.27285 -0.00465 -0.00591 0.60095 0.61386 
 0.40704 0.39715 0.38592 -0.27427 -0.27291 -0.00472 -0.00599 0.60111 0.61408 
 0.40804 0.39700 0.38569 -0.27436 -0.27297 -0.00479 -0.00607 0.60129 0.61431 
 0.40904 0.39683 0.38546 -0.27444 -0.27303 -0.00485 -0.00614 0.60151 0.61454 
 0.41004 0.39666 0.38523 -0.27453 -0.27309 -0.00489 -0.00621 0.60169 0.61477 
 0.41104 0.39647 0.38499 -0.27459 -0.27315 -0.00491 -0.00628 0.60183 0.61501 
 0.41204 0.39629 0.38476 -0.27465 -0.27320 -0.00492 -0.00634 0.60195 0.61525 
 0.41304 0.39610 0.38451 -0.27473 -0.27326 -0.00495 -0.00640 0.60208 0.61548 
 0.41404 0.39592 0.38427 -0.27483 -0.27331 -0.00497 -0.00645 0.60223 0.61573 
 0.41504 0.39571 0.38403 -0.27493 -0.27337 -0.00498 -0.00650 0.60240 0.61597 
 0.41604 0.39552 0.38378 -0.27504 -0.27342 -0.00497 -0.00655 0.60259 0.61622 
 0.41704 0.39533 0.38354 -0.27515 -0.27348 -0.00496 -0.00659 0.60278 0.61647 
 0.41804 0.39517 0.38329 -0.27526 -0.27353 -0.00493 -0.00663 0.60294 0.61671 
 0.41904 0.39498 0.38304 -0.27535 -0.27358 -0.00490 -0.00666 0.60311 0.61696 
 0.42004 0.39481 0.38278 -0.27544 -0.27364 -0.00487 -0.00669 0.60327 0.61722 
 0.42104 0.39461 0.38253 -0.27552 -0.27369 -0.00481 -0.00671 0.60343 0.61747 
 0.42204 0.39444 0.38228 -0.27560 -0.27374 -0.00474 -0.00673 0.60357 0.61772 
 0.42304 0.39427 0.38203 -0.27570 -0.27379 -0.00470 -0.00674 0.60374 0.61798 
 0.42404 0.39415 0.38177 -0.27582 -0.27384 -0.00463 -0.00675 0.60391 0.61823 
 0.42504 0.39404 0.38152 -0.27591 -0.27390 -0.00455 -0.00675 0.60410 0.61848 
 0.42604 0.39393 0.38126 -0.27601 -0.27395 -0.00448 -0.00675 0.60431 0.61874 
 0.42704 0.39380 0.38101 -0.27611 -0.27400 -0.00440 -0.00675 0.60450 0.61899 
 0.42804 0.39367 0.38075 -0.27625 -0.27405 -0.00434 -0.00674 0.60467 0.61925 
 0.42904 0.39350 0.38050 -0.27639 -0.27410 -0.00429 -0.00673 0.60483 0.61950 
 0.43004 0.39335 0.38025 -0.27652 -0.27415 -0.00423 -0.00671 0.60500 0.61975 
 0.43104 0.39318 0.38000 -0.27664 -0.27420 -0.00417 -0.00669 0.60518 0.62001 
 0.43204 0.39301 0.37974 -0.27675 -0.27425 -0.00408 -0.00667 0.60536 0.62026 
 0.43304 0.39282 0.37949 -0.27686 -0.27430 -0.00397 -0.00664 0.60552 0.62051 
 0.43404 0.39266 0.37924 -0.27697 -0.27435 -0.00388 -0.00661 0.60569 0.62076 
 0.43504 0.39248 0.37900 -0.27711 -0.27440 -0.00380 -0.00657 0.60588 0.62101 
 0.43604 0.39234 0.37875 -0.27726 -0.27445 -0.00372 -0.00653 0.60608 0.62125 
 0.43704 0.39218 0.37850 -0.27741 -0.27450 -0.00365 -0.00649 0.60627 0.62150 
 0.43804 0.39203 0.37826 -0.27756 -0.27455 -0.00357 -0.00644 0.60644 0.62174 
 0.43904 0.39188 0.37802 -0.27769 -0.27460 -0.00348 -0.00640 0.60662 0.62198 
 0.44004 0.39173 0.37778 -0.27784 -0.27465 -0.00337 -0.00634 0.60677 0.62222 
 0.44104 0.39159 0.37754 -0.27801 -0.27470 -0.00326 -0.00629 0.60689 0.62246 
 0.44204 0.39145 0.37730 -0.27816 -0.27475 -0.00315 -0.00623 0.60703 0.62270 
 0.44304 0.39128 0.37707 -0.27829 -0.27480 -0.00305 -0.00617 0.60716 0.62293 
 0.44404 0.39113 0.37684 -0.27844 -0.27485 -0.00297 -0.00611 0.60729 0.62316 
 0.44504 0.39098 0.37661 -0.27857 -0.27490 -0.00289 -0.00605 0.60739 0.62339 
 0.44604 0.39085 0.37638 -0.27870 -0.27494 -0.00280 -0.00598 0.60747 0.62362 
 0.44704 0.39071 0.37616 -0.27884 -0.27499 -0.00273 -0.00592 0.60756 0.62384 
 0.44804 0.39060 0.37594 -0.27897 -0.27504 -0.00265 -0.00585 0.60764 0.62406 
 0.44904 0.39049 0.37572 -0.27910 -0.27509 -0.00256 -0.00578 0.60774 0.62428 
 0.45005 0.39040 0.37550 -0.27924 -0.27514 -0.00246 -0.00571 0.60783 0.62450 
 0.45105 0.39030 0.37529 -0.27938 -0.27519 -0.00239 -0.00563 0.60793 0.62471 
 0.45205 0.39022 0.37508 -0.27952 -0.27524 -0.00231 -0.00556 0.60803 0.62492 
 0.45305 0.39013 0.37487 -0.27965 -0.27528 -0.00224 -0.00549 0.60812 0.62513 
 0.45405 0.39005 0.37466 -0.27978 -0.27533 -0.00216 -0.00541 0.60819 0.62534 
 0.45505 0.38997 0.37446 -0.27991 -0.27538 -0.00208 -0.00533 0.60825 0.62554 
 0.45605 0.38992 0.37426 -0.28006 -0.27543 -0.00200 -0.00526 0.60833 0.62574 
 0.45705 0.38986 0.37406 -0.28021 -0.27547 -0.00193 -0.00518 0.60841 0.62594 
 0.45805 0.38980 0.37387 -0.28036 -0.27552 -0.00187 -0.00511 0.60846 0.62613 
 0.45905 0.38972 0.37368 -0.28051 -0.27557 -0.00182 -0.00503 0.60852 0.62632 
 0.46005 0.38964 0.37349 -0.28065 -0.27561 -0.00176 -0.00495 0.60858 0.62651 
 0.46105 0.38956 0.37331 -0.28079 -0.27566 -0.00171 -0.00488 0.60863 0.62669 
 0.46205 0.38950 0.37312 -0.28092 -0.27571 -0.00165 -0.00480 0.60868 0.62687 
 0.46305 0.38944 0.37295 -0.28104 -0.27575 -0.00159 -0.00473 0.60873 0.62706 
 0.46405 0.38939 0.37277 -0.28116 -0.27580 -0.00153 -0.00465 0.60880 0.62723 
 0.46505 0.38932 0.37260 -0.28127 -0.27584 -0.00147 -0.00458 0.60889 0.62740 
 0.46605 0.38925 0.37242 -0.28139 -0.27589 -0.00141 -0.00451 0.60895 0.62758 
 0.46705 0.38918 0.37226 -0.28151 -0.27593 -0.00136 -0.00444 0.60901 0.62774 
 0.46805 0.38914 0.37209 -0.28163 -0.27598 -0.00131 -0.00437 0.60904 0.62791 
 0.46905 0.38908 0.37193 -0.28176 -0.27602 -0.00126 -0.00430 0.60908 0.62807 
 0.47005 0.38902 0.37177 -0.28189 -0.27607 -0.00122 -0.00423 0.60914 0.62823 
 0.47105 0.38897 0.37161 -0.28202 -0.27611 -0.00117 -0.00416 0.60918 0.62839 
 0.47205 0.38895 0.37145 -0.28215 -0.27615 -0.00115 -0.00410 0.60923 0.62855 
 0.47305 0.38891 0.37130 -0.28229 -0.27619 -0.00115 -0.00404 0.60927 0.62870 
 0.47405 0.38887 0.37115 -0.28243 -0.27624 -0.00115 -0.00397 0.60931 0.62885 
 0.47505 0.38881 0.37100 -0.28256 -0.27628 -0.00115 -0.00391 0.60933 0.62900 
 0.47605 0.38876 0.37085 -0.28268 -0.27632 -0.00115 -0.00386 0.60935 0.62915 
 0.47705 0.38870 0.37071 -0.28279 -0.27636 -0.00114 -0.00380 0.60937 0.62929 
 0.47805 0.38866 0.37057 -0.28289 -0.27640 -0.00113 -0.00375 0.60941 0.62943 
 0.47905 0.38862 0.37043 -0.28300 -0.27644 -0.00112 -0.00369 0.60944 0.62957 
 0.48005 0.38861 0.37029 -0.28309 -0.27648 -0.00112 -0.00364 0.60948 0.62971 
 0.48105 0.38858 0.37015 -0.28319 -0.27652 -0.00113 -0.00360 0.60952 0.62985 
 0.48205 0.38855 0.37002 -0.28330 -0.27656 -0.00114 -0.00355 0.60956 0.62998 
 0.48305 0.38850 0.36988 -0.28340 -0.27660 -0.00115 -0.00351 0.60959 0.63012 
 0.48405 0.38845 0.36975 -0.28350 -0.27664 -0.00116 -0.00346 0.60962 0.63025 
 0.48505 0.38838 0.36962 -0.28358 -0.27667 -0.00117 -0.00342 0.60965 0.63038 
 0.48605 0.38834 0.36950 -0.28365 -0.27671 -0.00117 -0.00339 0.60969 0.63050 
 0.48705 0.38830 0.36937 -0.28372 -0.27675 -0.00117 -0.00335 0.60973 0.63063 
 0.48805 0.38827 0.36924 -0.28378 -0.27678 -0.00117 -0.00332 0.60977 0.63076 
 0.48905 0.38823 0.36912 -0.28385 -0.27682 -0.00119 -0.00328 0.60981 0.63088 
 0.49005 0.38818 0.36900 -0.28393 -0.27685 -0.00120 -0.00325 0.60985 0.63101 
 0.49105 0.38812 0.36887 -0.28401 -0.27688 -0.00122 -0.00323 0.60987 0.63113 
 0.49205 0.38807 0.36875 -0.28408 -0.27692 -0.00124 -0.00320 0.60990 0.63125 
 0.49305 0.38800 0.36863 -0.28414 -0.27695 -0.00126 -0.00318 0.60994 0.63137 
 0.49405 0.38794 0.36851 -0.28419 -0.27698 -0.00127 -0.00316 0.60999 0.63149 
 0.49505 0.38789 0.36839 -0.28424 -0.27702 -0.00130 -0.00314 0.61005 0.63161 
 0.49605 0.38784 0.36828 -0.28431 -0.27705 -0.00133 -0.00312 0.61012 0.63172 
 0.49705 0.38780 0.36816 -0.28437 -0.27708 -0.00137 -0.00310 0.61017 0.63184 
 0.49805 0.38776 0.36804 -0.28442 -0.27711 -0.00140 -0.00309 0.61022 0.63196 
 0.49905 0.38769 0.36793 -0.28448 -0.27714 -0.00145 -0.00308 0.61027 0.63207 
 0.50005 0.38762 0.36781 -0.28453 -0.27717 -0.00150 -0.00306 0.61033 0.63219 
 0.50105 0.38756 0.36770 -0.28458 -0.27720 -0.00155 -0.00306 0.61039 0.63230 
 0.50205 0.38751 0.36758 -0.28463 -0.27723 -0.00159 -0.00305 0.61044 0.63242 
 0.50305 0.38747 0.36747 -0.28466 -0.27725 -0.00163 -0.00304 0.61050 0.63253 
 0.50405 0.38744 0.36735 -0.28470 -0.27728 -0.00167 -0.00304 0.61056 0.63265 
 0.50505 0.38739 0.36724 -0.28474 -0.27731 -0.00173 -0.00304 0.61063 0.63276 
 0.50605 0.38732 0.36712 -0.28478 -0.27734 -0.00179 -0.00303 0.61069 0.63288 
 0.50705 0.38724 0.36701 -0.28481 -0.27736 -0.00185 -0.00303 0.61076 0.63299 
 0.50805 0.38717 0.36689 -0.28485 -0.27739 -0.00191 -0.00303 0.61083 0.63311 
 0.50905 0.38710 0.36678 -0.28489 -0.27741 -0.00197 -0.00304 0.61090 0.63322 
 0.51005 0.38705 0.36667 -0.28492 -0.27744 -0.00201 -0.00304 0.61098 0.63333 
 0.51105 0.38699 0.36655 -0.28495 -0.27746 -0.00206 -0.00304 0.61107 0.63345 
 0.51205 0.38693 0.36644 -0.28497 -0.27749 -0.00211 -0.00305 0.61117 0.63356 
 0.51305 0.38685 0.36632 -0.28500 -0.27751 -0.00217 -0.00306 0.61125 0.63368 
 0.51405 0.38676 0.36621 -0.28503 -0.27753 -0.00222 -0.00306 0.61134 0.63379 
 0.51505 0.38666 0.36609 -0.28505 -0.27755 -0.00227 -0.00307 0.61144 0.63391 
 0.51605 0.38657 0.36597 -0.28508 -0.27758 -0.00232 -0.00308 0.61153 0.63403 
 0.51705 0.38647 0.36586 -0.28510 -0.27760 -0.00237 -0.00309 0.61162 0.63414 
 0.51805 0.38639 0.36574 -0.28513 -0.27762 -0.00242 -0.00310 0.61172 0.63426 
 0.51905 0.38631 0.36562 -0.28515 -0.27764 -0.00246 -0.00311 0.61183 0.63438 
 0.52005 0.38623 0.36551 -0.28517 -0.27766 -0.00249 -0.00312 0.61193 0.63449 
 0.52105 0.38614 0.36539 -0.28519 -0.27768 -0.00253 -0.00313 0.61203 0.63461 
 0.52205 0.38606 0.36527 -0.28521 -0.27770 -0.00257 -0.00314 0.61213 0.63473 
 0.52305 0.38597 0.36515 -0.28523 -0.27772 -0.00260 -0.00315 0.61225 0.63485 
 0.52405 0.38589 0.36503 -0.28525 -0.27774 -0.00264 -0.00316 0.61236 0.63497 
 0.52505 0.38579 0.36491 -0.28528 -0.27776 -0.00268 -0.00318 0.61248 0.63509 
 0.52605 0.38570 0.36479 -0.28530 -0.27777 -0.00272 -0.00319 0.61259 0.63521 
 0.52705 0.38560 0.36468 -0.28532 -0.27779 -0.00275 -0.00320 0.61271 0.63533 
 0.52805 0.38551 0.36455 -0.28535 -0.27781 -0.00277 -0.00321 0.61283 0.63545 
 0.52905 0.38541 0.36443 -0.28537 -0.27783 -0.00279 -0.00322 0.61295 0.63557 
 0.53005 0.38532 0.36431 -0.28540 -0.27784 -0.00282 -0.00323 0.61306 0.63569 
 0.53105 0.38522 0.36419 -0.28542 -0.27786 -0.00284 -0.00324 0.61318 0.63581 
 0.53205 0.38513 0.36407 -0.28544 -0.27788 -0.00286 -0.00325 0.61330 0.63593 
 0.53305 0.38502 0.36394 -0.28545 -0.27789 -0.00288 -0.00326 0.61344 0.63606 
 0.53405 0.38492 0.36382 -0.28547 -0.27791 -0.00290 -0.00327 0.61357 0.63618 
 0.53505 0.38481 0.36370 -0.28549 -0.27792 -0.00291 -0.00328 0.61369 0.63630 
 0.53605 0.38470 0.36357 -0.28551 -0.27794 -0.00292 -0.00329 0.61381 0.63643 
 0.53705 0.38459 0.36345 -0.28553 -0.27796 -0.00292 -0.00330 0.61392 0.63655 
 0.53805 0.38448 0.36332 -0.28555 -0.27797 -0.00292 -0.00331 0.61404 0.63668 
 0.53905 0.38437 0.36320 -0.28557 -0.27798 -0.00292 -0.00332 0.61415 0.63680 
 0.54005 0.38427 0.36307 -0.28560 -0.27800 -0.00291 -0.00332 0.61427 0.63692 
 0.54105 0.38417 0.36295 -0.28563 -0.27801 -0.00291 -0.00333 0.61439 0.63705 
 0.54205 0.38407 0.36282 -0.28566 -0.27803 -0.00291 -0.00334 0.61452 0.63718 
 0.54305 0.38395 0.36270 -0.28569 -0.27804 -0.00290 -0.00334 0.61464 0.63730 
 0.54405 0.38384 0.36257 -0.28572 -0.27805 -0.00289 -0.00334 0.61476 0.63743 
 0.54505 0.38373 0.36245 -0.28575 -0.27807 -0.00287 -0.00335 0.61488 0.63755 
 0.54605 0.38363 0.36232 -0.28578 -0.27808 -0.00286 -0.00335 0.61500 0.63768 
 0.54705 0.38352 0.36219 -0.28581 -0.27809 -0.00284 -0.00335 0.61512 0.63781 
 0.54805 0.38341 0.36207 -0.28585 -0.27811 -0.00282 -0.00335 0.61525 0.63793 
 0.54905 0.38331 0.36194 -0.28588 -0.27812 -0.00279 -0.00335 0.61537 0.63806 
 0.55006 0.38320 0.36181 -0.28591 -0.27813 -0.00276 -0.00335 0.61549 0.63819 
 0.55106 0.38310 0.36169 -0.28594 -0.27815 -0.00272 -0.00335 0.61560 0.63831 
 0.55206 0.38300 0.36156 -0.28597 -0.27816 -0.00268 -0.00335 0.61571 0.63844 
 0.55306 0.38290 0.36144 -0.28600 -0.27817 -0.00265 -0.00335 0.61582 0.63856 
 0.55406 0.38281 0.36131 -0.28604 -0.27818 -0.00261 -0.00334 0.61593 0.63869 
 0.55506 0.38273 0.36118 -0.28607 -0.27820 -0.00257 -0.00334 0.61604 0.63882 
 0.55606 0.38264 0.36106 -0.28610 -0.27821 -0.00253 -0.00333 0.61615 0.63894 
 0.55706 0.38255 0.36093 -0.28613 -0.27822 -0.00249 -0.00333 0.61625 0.63907 
 0.55806 0.38246 0.36081 -0.28617 -0.27823 -0.00244 -0.00332 0.61635 0.63919 
 0.55906 0.38236 0.36068 -0.28621 -0.27824 -0.00239 -0.00331 0.61644 0.63932 
 0.56006 0.38228 0.36056 -0.28625 -0.27826 -0.00234 -0.00330 0.61653 0.63944 
 0.56106 0.38220 0.36043 -0.28628 -0.27827 -0.00229 -0.00329 0.61663 0.63957 
 0.56206 0.38212 0.36031 -0.28632 -0.27828 -0.00224 -0.00328 0.61673 0.63969 
 0.56306 0.38205 0.36019 -0.28636 -0.27829 -0.00218 -0.00327 0.61683 0.63981 
 0.56406 0.38198 0.36006 -0.28641 -0.27830 -0.00212 -0.00326 0.61693 0.63994 
 0.56506 0.38191 0.35994 -0.28646 -0.27831 -0.00206 -0.00325 0.61702 0.64006 
 0.56606 0.38183 0.35982 -0.28652 -0.27832 -0.00201 -0.00323 0.61711 0.64018 
 0.56706 0.38175 0.35970 -0.28657 -0.27834 -0.00195 -0.00322 0.61719 0.64030 
 0.56806 0.38167 0.35958 -0.28663 -0.27835 -0.00188 -0.00320 0.61727 0.64042 
 0.56906 0.38160 0.35946 -0.28668 -0.27836 -0.00181 -0.00319 0.61734 0.64054 
 0.57006 0.38154 0.35934 -0.28674 -0.27837 -0.00175 -0.00317 0.61742 0.64066 
 0.57106 0.38148 0.35922 -0.28680 -0.27838 -0.00168 -0.00316 0.61749 0.64078 
 0.57206 0.38142 0.35910 -0.28687 -0.27839 -0.00161 -0.00314 0.61756 0.64090 
 0.57306 0.38136 0.35898 -0.28693 -0.27840 -0.00155 -0.00312 0.61763 0.64102 
 0.57406 0.38130 0.35886 -0.28700 -0.27841 -0.00148 -0.00311 0.61769 0.64114 
 0.57506 0.38124 0.35875 -0.28707 -0.27842 -0.00142 -0.00309 0.61775 0.64125 
 0.57606 0.38119 0.35863 -0.28715 -0.27843 -0.00135 -0.00307 0.61780 0.64137 
 0.57706 0.38114 0.35852 -0.28721 -0.27844 -0.00129 -0.00305 0.61786 0.64148 
 0.57806 0.38110 0.35840 -0.28728 -0.27846 -0.00123 -0.00303 0.61791 0.64160 
 0.57906 0.38106 0.35829 -0.28736 -0.27847 -0.00118 -0.00301 0.61796 0.64171 
 0.58006 0.38102 0.35817 -0.28744 -0.27848 -0.00112 -0.00299 0.61801 0.64183 
 0.58106 0.38099 0.35806 -0.28751 -0.27849 -0.00106 -0.00297 0.61804 0.64194 
 0.58206 0.38097 0.35795 -0.28759 -0.27850 -0.00100 -0.00295 0.61808 0.64205 
 0.58306 0.38094 0.35784 -0.28767 -0.27851 -0.00095 -0.00293 0.61811 0.64216 
 0.58406 0.38091 0.35773 -0.28775 -0.27852 -0.00090 -0.00291 0.61813 0.64227 
 0.58506 0.38088 0.35762 -0.28783 -0.27853 -0.00084 -0.00289 0.61816 0.64238 
 0.58606 0.38086 0.35751 -0.28791 -0.27854 -0.00078 -0.00287 0.61819 0.64249 
 0.58706 0.38083 0.35740 -0.28798 -0.27855 -0.00073 -0.00284 0.61821 0.64260 
 0.58806 0.38082 0.35730 -0.28806 -0.27856 -0.00067 -0.00282 0.61824 0.64270 
 0.58906 0.38080 0.35719 -0.28814 -0.27857 -0.00063 -0.00280 0.61826 0.64281 
 0.59006 0.38078 0.35709 -0.28823 -0.27858 -0.00058 -0.00278 0.61827 0.64291 
 0.59106 0.38076 0.35698 -0.28831 -0.27859 -0.00053 -0.00276 0.61829 0.64302 
 0.59206 0.38075 0.35688 -0.28840 -0.27860 -0.00049 -0.00274 0.61830 0.64312 
 0.59306 0.38074 0.35678 -0.28848 -0.27861 -0.00045 -0.00272 0.61832 0.64322 
 0.59406 0.38073 0.35667 -0.28857 -0.27862 -0.00041 -0.00269 0.61833 0.64333 
 0.59506 0.38072 0.35657 -0.28865 -0.27863 -0.00038 -0.00267 0.61834 0.64343 
 0.59606 0.38072 0.35647 -0.28874 -0.27864 -0.00034 -0.00265 0.61835 0.64353 
 0.59706 0.38071 0.35637 -0.28882 -0.27864 -0.00031 -0.00263 0.61836 0.64363 
 0.59806 0.38071 0.35628 -0.28891 -0.27865 -0.00029 -0.00261 0.61837 0.64372 
 0.59906 0.38070 0.35618 -0.28899 -0.27866 -0.00027 -0.00259 0.61837 0.64382 
 0.60006 0.38070 0.35608 -0.28908 -0.27867 -0.00025 -0.00257 0.61838 0.64392 
 0.60106 0.38069 0.35598 -0.28916 -0.27868 -0.00023 -0.00255 0.61838 0.64402 
 0.60206 0.38070 0.35589 -0.28924 -0.27869 -0.00021 -0.00253 0.61839 0.64411 
 0.60306 0.38070 0.35579 -0.28932 -0.27870 -0.00020 -0.00251 0.61839 0.64421 
 0.60406 0.38070 0.35570 -0.28941 -0.27871 -0.00019 -0.00249 0.61839 0.64430 
 0.60506 0.38070 0.35561 -0.28949 -0.27872 -0.00019 -0.00247 0.61839 0.64440 
 0.60606 0.38070 0.35551 -0.28957 -0.27873 -0.00018 -0.00245 0.61839 0.64449 
 0.60706 0.38070 0.35542 -0.28965 -0.27873 -0.00017 -0.00244 0.61839 0.64458 
 0.60806 0.38071 0.35533 -0.28973 -0.27874 -0.00017 -0.00242 0.61840 0.64467 
 0.60906 0.38070 0.35524 -0.28982 -0.27875 -0.00018 -0.00240 0.61840 0.64476 
 0.61006 0.38071 0.35515 -0.28990 -0.27876 -0.00018 -0.00238 0.61840 0.64485 
 0.61106 0.38071 0.35506 -0.28998 -0.27877 -0.00019 -0.00237 0.61840 0.64494 
 0.61206 0.38071 0.35497 -0.29007 -0.27877 -0.00019 -0.00235 0.61840 0.64503 
 0.61306 0.38072 0.35488 -0.29015 -0.27878 -0.00021 -0.00233 0.61840 0.64512 
 0.61406 0.38072 0.35479 -0.29023 -0.27879 -0.00022 -0.00232 0.61841 0.64521 
 0.61506 0.38071 0.35471 -0.29031 -0.27880 -0.00024 -0.00230 0.61842 0.64529 
 0.61606 0.38070 0.35462 -0.29038 -0.27880 -0.00026 -0.00229 0.61842 0.64538 
 0.61706 0.38069 0.35453 -0.29046 -0.27881 -0.00029 -0.00227 0.61843 0.64547 
 0.61806 0.38068 0.35445 -0.29052 -0.27882 -0.00031 -0.00226 0.61845 0.64555 
 0.61906 0.38067 0.35436 -0.29059 -0.27883 -0.00034 -0.00225 0.61846 0.64564 
 0.62006 0.38067 0.35428 -0.29066 -0.27883 -0.00036 -0.00223 0.61848 0.64572 
 0.62106 0.38065 0.35419 -0.29073 -0.27884 -0.00040 -0.00222 0.61849 0.64580 
 0.62206 0.38065 0.35411 -0.29080 -0.27885 -0.00043 -0.00221 0.61852 0.64589 
 0.62306 0.38063 0.35403 -0.29086 -0.27885 -0.00047 -0.00220 0.61854 0.64597 
 0.62406 0.38062 0.35395 -0.29093 -0.27886 -0.00051 -0.00219 0.61856 0.64605 
 0.62506 0.38060 0.35386 -0.29099 -0.27887 -0.00055 -0.00217 0.61858 0.64614 
 0.62606 0.38059 0.35378 -0.29105 -0.27887 -0.00060 -0.00216 0.61860 0.64622 
 0.62706 0.38057 0.35370 -0.29111 -0.27888 -0.00064 -0.00215 0.61862 0.64630 
 0.62806 0.38056 0.35362 -0.29117 -0.27888 -0.00069 -0.00214 0.61865 0.64638 
 0.62906 0.38054 0.35354 -0.29123 -0.27889 -0.00074 -0.00213 0.61869 0.64646 
 0.63006 0.38051 0.35346 -0.29128 -0.27890 -0.00078 -0.00213 0.61872 0.64654 
 0.63106 0.38049 0.35338 -0.29133 -0.27890 -0.00083 -0.00212 0.61876 0.64662 
 0.63206 0.38046 0.35330 -0.29138 -0.27891 -0.00088 -0.00211 0.61879 0.64670 
 0.63306 0.38043 0.35322 -0.29143 -0.27891 -0.00093 -0.00210 0.61883 0.64678 
 0.63406 0.38040 0.35314 -0.29147 -0.27892 -0.00098 -0.00209 0.61887 0.64686 
 0.63506 0.38037 0.35306 -0.29152 -0.27892 -0.00103 -0.00208 0.61892 0.64694 
 0.63606 0.38034 0.35298 -0.29157 -0.27893 -0.00108 -0.00208 0.61896 0.64702 
 0.63706 0.38030 0.35291 -0.29162 -0.27893 -0.00113 -0.00207 0.61901 0.64709 
 0.63806 0.38026 0.35283 -0.29166 -0.27894 -0.00119 -0.00206 0.61906 0.64717 
 0.63906 0.38021 0.35275 -0.29170 -0.27894 -0.00124 -0.00206 0.61911 0.64725 
 0.64006 0.38017 0.35267 -0.29174 -0.27895 -0.00129 -0.00205 0.61916 0.64733 
 0.64106 0.38012 0.35260 -0.29178 -0.27895 -0.00135 -0.00205 0.61921 0.64740 
 0.64206 0.38008 0.35252 -0.29182 -0.27896 -0.00140 -0.00204 0.61927 0.64748 
 0.64306 0.38003 0.35244 -0.29186 -0.27896 -0.00145 -0.00204 0.61934 0.64756 
 0.64406 0.37998 0.35236 -0.29190 -0.27897 -0.00150 -0.00203 0.61940 0.64763 
 0.64506 0.37993 0.35229 -0.29194 -0.27897 -0.00156 -0.00203 0.61947 0.64771 
 0.64606 0.37987 0.35221 -0.29197 -0.27897 -0.00161 -0.00202 0.61954 0.64779 
 0.64706 0.37981 0.35214 -0.29200 -0.27898 -0.00166 -0.00202 0.61961 0.64786 
 0.64806 0.37975 0.35206 -0.29202 -0.27898 -0.00171 -0.00201 0.61968 0.64794 
 0.64906 0.37969 0.35198 -0.29205 -0.27898 -0.00176 -0.00201 0.61975 0.64802 
 0.65007 0.37963 0.35191 -0.29207 -0.27899 -0.00180 -0.00201 0.61983 0.64809 
 0.65107 0.37957 0.35183 -0.29210 -0.27899 -0.00185 -0.00200 0.61991 0.64817 
 0.65207 0.37951 0.35176 -0.29213 -0.27899 -0.00189 -0.00200 0.61999 0.64824 
 0.65307 0.37943 0.35168 -0.29215 -0.27900 -0.00194 -0.00199 0.62007 0.64832 
 0.65407 0.37937 0.35161 -0.29218 -0.27900 -0.00198 -0.00199 0.62014 0.64839 
 0.65507 0.37929 0.35153 -0.29220 -0.27901 -0.00202 -0.00199 0.62022 0.64847 
 0.65607 0.37922 0.35146 -0.29221 -0.27901 -0.00206 -0.00198 0.62031 0.64854 
 0.65707 0.37915 0.35138 -0.29223 -0.27901 -0.00209 -0.00198 0.62039 0.64862 
 0.65807 0.37908 0.35131 -0.29225 -0.27901 -0.00212 -0.00198 0.62049 0.64869 
 0.65907 0.37901 0.35124 -0.29226 -0.27902 -0.00216 -0.00197 0.62058 0.64877 
 0.66007 0.37893 0.35116 -0.29228 -0.27902 -0.00219 -0.00197 0.62067 0.64884 
 0.66107 0.37885 0.35109 -0.29230 -0.27902 -0.00222 -0.00197 0.62076 0.64891 
 0.66207 0.37877 0.35101 -0.29231 -0.27903 -0.00224 -0.00196 0.62085 0.64899 
 0.66307 0.37869 0.35094 -0.29232 -0.27903 -0.00227 -0.00196 0.62094 0.64906 
 0.66407 0.37861 0.35086 -0.29233 -0.27903 -0.00229 -0.00196 0.62104 0.64914 
 0.66507 0.37853 0.35079 -0.29234 -0.27903 -0.00231 -0.00195 0.62114 0.64921 
 0.66607 0.37845 0.35072 -0.29235 -0.27903 -0.00232 -0.00195 0.62124 0.64928 
 0.66707 0.37837 0.35064 -0.29237 -0.27904 -0.00234 -0.00195 0.62134 0.64936 
 0.66807 0.37828 0.35057 -0.29238 -0.27904 -0.00235 -0.00194 0.62144 0.64943 
 0.66907 0.37820 0.35050 -0.29239 -0.27904 -0.00236 -0.00194 0.62154 0.64950 
 0.67007 0.37811 0.35042 -0.29240 -0.27904 -0.00237 -0.00194 0.62163 0.64958 
 0.67107 0.37802 0.35035 -0.29241 -0.27905 -0.00237 -0.00193 0.62173 0.64965 
 0.67207 0.37794 0.35028 -0.29242 -0.27905 -0.00237 -0.00193 0.62183 0.64972 
 0.67307 0.37786 0.35021 -0.29243 -0.27905 -0.00237 -0.00193 0.62193 0.64979 
 0.67407 0.37778 0.35013 -0.29244 -0.27905 -0.00237 -0.00192 0.62203 0.64987 
 0.67507 0.37770 0.35006 -0.29246 -0.27905 -0.00236 -0.00192 0.62213 0.64994 
 0.67607 0.37762 0.34999 -0.29247 -0.27906 -0.00236 -0.00191 0.62223 0.65001 
 0.67707 0.37753 0.34992 -0.29248 -0.27906 -0.00235 -0.00191 0.62233 0.65008 
 0.67807 0.37745 0.34985 -0.29250 -0.27906 -0.00234 -0.00190 0.62242 0.65016 
 0.67907 0.37737 0.34977 -0.29251 -0.27906 -0.00232 -0.00190 0.62252 0.65023 
 0.68007 0.37729 0.34970 -0.29252 -0.27906 -0.00230 -0.00190 0.62261 0.65030 
 0.68107 0.37721 0.34963 -0.29254 -0.27906 -0.00228 -0.00189 0.62271 0.65037 
 0.68207 0.37713 0.34956 -0.29255 -0.27907 -0.00226 -0.00189 0.62280 0.65044 
 0.68307 0.37705 0.34949 -0.29257 -0.27907 -0.00224 -0.00188 0.62289 0.65051 
 0.68407 0.37698 0.34942 -0.29259 -0.27907 -0.00221 -0.00188 0.62298 0.65058 
 0.68507 0.37690 0.34935 -0.29260 -0.27907 -0.00218 -0.00187 0.62307 0.65065 
 0.68607 0.37682 0.34928 -0.29262 -0.27907 -0.00215 -0.00186 0.62315 0.65072 
 0.68707 0.37674 0.34921 -0.29264 -0.27907 -0.00212 -0.00186 0.62324 0.65079 
 0.68807 0.37667 0.34914 -0.29265 -0.27908 -0.00208 -0.00185 0.62332 0.65086 
 0.68907 0.37660 0.34907 -0.29267 -0.27908 -0.00205 -0.00185 0.62341 0.65093 
 0.69007 0.37653 0.34900 -0.29269 -0.27908 -0.00201 -0.00184 0.62349 0.65100 
 0.69107 0.37647 0.34893 -0.29271 -0.27908 -0.00197 -0.00184 0.62357 0.65107 
 0.69207 0.37640 0.34886 -0.29274 -0.27908 -0.00193 -0.00183 0.62365 0.65114 
 0.69307 0.37633 0.34879 -0.29276 -0.27908 -0.00188 -0.00182 0.62372 0.65121 
 0.69407 0.37627 0.34872 -0.29278 -0.27908 -0.00184 -0.00182 0.62379 0.65128 
 0.69507 0.37621 0.34865 -0.29281 -0.27908 -0.00179 -0.00181 0.62386 0.65135 
 0.69607 0.37615 0.34859 -0.29284 -0.27909 -0.00174 -0.00180 0.62394 0.65141 
 0.69707 0.37610 0.34852 -0.29286 -0.27909 -0.00169 -0.00180 0.62401 0.65148 
 0.69807 0.37605 0.34845 -0.29289 -0.27909 -0.00164 -0.00179 0.62407 0.65155 
 0.69907 0.37599 0.34838 -0.29292 -0.27909 -0.00159 -0.00178 0.62414 0.65162 
 0.70007 0.37594 0.34832 -0.29296 -0.27909 -0.00154 -0.00177 0.62420 0.65168 
 0.70107 0.37589 0.34825 -0.29299 -0.27909 -0.00149 -0.00177 0.62426 0.65175 
 0.70207 0.37584 0.34818 -0.29303 -0.27909 -0.00143 -0.00176 0.62432 0.65182 
 0.70307 0.37580 0.34812 -0.29306 -0.27909 -0.00138 -0.00175 0.62437 0.65188 
 0.70407 0.37576 0.34805 -0.29310 -0.27909 -0.00132 -0.00174 0.62443 0.65195 
 0.70507 0.37572 0.34798 -0.29314 -0.27909 -0.00126 -0.00174 0.62448 0.65202 
 0.70607 0.37568 0.34792 -0.29317 -0.27910 -0.00121 -0.00173 0.62453 0.65208 
 0.70707 0.37565 0.34786 -0.29321 -0.27910 -0.00115 -0.00172 0.62457 0.65214 
 0.70807 0.37562 0.34779 -0.29326 -0.27910 -0.00109 -0.00171 0.62461 0.65221 
 0.70907 0.37559 0.34773 -0.29330 -0.27910 -0.00104 -0.00171 0.62466 0.65227 
 0.71007 0.37556 0.34766 -0.29335 -0.27910 -0.00098 -0.00170 0.62469 0.65234 
 0.71107 0.37553 0.34760 -0.29339 -0.27910 -0.00092 -0.00169 0.62473 0.65240 
 0.71207 0.37551 0.34753 -0.29344 -0.27910 -0.00087 -0.00168 0.62476 0.65247 
 0.71307 0.37548 0.34747 -0.29349 -0.27910 -0.00081 -0.00167 0.62480 0.65253 
 0.71407 0.37546 0.34741 -0.29354 -0.27910 -0.00076 -0.00167 0.62482 0.65259 
 0.71507 0.37544 0.34735 -0.29359 -0.27910 -0.00070 -0.00166 0.62485 0.65265 
 0.71607 0.37543 0.34728 -0.29364 -0.27911 -0.00065 -0.00165 0.62487 0.65272 
 0.71707 0.37542 0.34722 -0.29369 -0.27911 -0.00060 -0.00164 0.62490 0.65278 
 0.71807 0.37540 0.34716 -0.29375 -0.27911 -0.00055 -0.00163 0.62492 0.65284 
 0.71907 0.37539 0.34710 -0.29380 -0.27911 -0.00050 -0.00162 0.62494 0.65290 
 0.72007 0.37538 0.34704 -0.29386 -0.27911 -0.00045 -0.00162 0.62496 0.65296 
 0.72107 0.37538 0.34698 -0.29391 -0.27911 -0.00040 -0.00161 0.62497 0.65302 
 0.72207 0.37537 0.34692 -0.29397 -0.27911 -0.00036 -0.00160 0.62499 0.65308 
 0.72307 0.37537 0.34686 -0.29403 -0.27911 -0.00032 -0.00159 0.62500 0.65314 
 0.72407 0.37537 0.34680 -0.29409 -0.27911 -0.00028 -0.00158 0.62501 0.65320 
 0.72507 0.37537 0.34674 -0.29415 -0.27911 -0.00024 -0.00157 0.62502 0.65326 
 0.72607 0.37537 0.34668 -0.29421 -0.27911 -0.00020 -0.00157 0.62502 0.65332 
 0.72707 0.37537 0.34662 -0.29428 -0.27911 -0.00016 -0.00156 0.62503 0.65338 
 0.72807 0.37538 0.34656 -0.29434 -0.27912 -0.00013 -0.00155 0.62503 0.65344 
 0.72907 0.37538 0.34650 -0.29440 -0.27912 -0.00010 -0.00154 0.62503 0.65350 
 0.73007 0.37539 0.34645 -0.29446 -0.27912 -0.00007 -0.00153 0.62503 0.65355 
 0.73107 0.37540 0.34639 -0.29453 -0.27912 -0.00004 -0.00153 0.62503 0.65361 
 0.73207 0.37541 0.34633 -0.29459 -0.27912 -0.00002 -0.00152 0.62503 0.65367 
 0.73307 0.37542 0.34627 -0.29466 -0.27912 0.00000 -0.00151 0.62503 0.65373 
 0.73407 0.37543 0.34622 -0.29473 -0.27912 0.00002 -0.00150 0.62502 0.65378 
 0.73507 0.37544 0.34616 -0.29479 -0.27912 0.00004 -0.00149 0.62502 0.65384 
 0.73607 0.37545 0.34610 -0.29486 -0.27912 0.00005 -0.00149 0.62501 0.65390 
 0.73707 0.37546 0.34605 -0.29493 -0.27912 0.00007 -0.00148 0.62501 0.65395 
 0.73807 0.37547 0.34599 -0.29499 -0.27912 0.00008 -0.00147 0.62500 0.65401 
 0.73907 0.37548 0.34594 -0.29506 -0.27912 0.00009 -0.00146 0.62499 0.65406 
 0.74007 0.37550 0.34588 -0.29512 -0.27912 0.00009 -0.00146 0.62499 0.65412 
 0.74107 0.37551 0.34583 -0.29519 -0.27912 0.00010 -0.00145 0.62498 0.65417 
 0.74207 0.37552 0.34577 -0.29526 -0.27912 0.00010 -0.00144 0.62498 0.65423 
 0.74307 0.37553 0.34572 -0.29533 -0.27912 0.00010 -0.00143 0.62497 0.65428 
 0.74407 0.37554 0.34566 -0.29539 -0.27912 0.00009 -0.00143 0.62497 0.65434 
 0.74507 0.37555 0.34561 -0.29546 -0.27912 0.00009 -0.00142 0.62496 0.65439 
 0.74607 0.37557 0.34556 -0.29553 -0.27912 0.00008 -0.00141 0.62495 0.65444 
 0.74707 0.37557 0.34550 -0.29560 -0.27912 0.00007 -0.00141 0.62495 0.65450 
 0.74807 0.37558 0.34545 -0.29566 -0.27912 0.00005 -0.00140 0.62494 0.65455 
 0.74907 0.37559 0.34540 -0.29573 -0.27912 0.00004 -0.00139 0.62494 0.65460 
 0.75008 0.37560 0.34535 -0.29579 -0.27912 0.00002 -0.00139 0.62494 0.65465 
 0.75108 0.37561 0.34529 -0.29586 -0.27912 0.00000 -0.00138 0.62494 0.65471 
 0.75208 0.37562 0.34524 -0.29592 -0.27912 -0.00002 -0.00137 0.62494 0.65476 
 0.75308 0.37562 0.34519 -0.29599 -0.27912 -0.00004 -0.00137 0.62494 0.65481 
 0.75408 0.37563 0.34514 -0.29605 -0.27912 -0.00007 -0.00136 0.62494 0.65486 
 0.75508 0.37563 0.34509 -0.29611 -0.27912 -0.00009 -0.00136 0.62495 0.65491 
 0.75608 0.37564 0.34504 -0.29618 -0.27912 -0.00012 -0.00135 0.62495 0.65496 
 0.75708 0.37564 0.34499 -0.29624 -0.27912 -0.00015 -0.00134 0.62495 0.65501 
 0.75808 0.37564 0.34493 -0.29630 -0.27912 -0.00018 -0.00134 0.62496 0.65507 
 0.75908 0.37564 0.34488 -0.29636 -0.27912 -0.00022 -0.00133 0.62497 0.65512 
 0.76008 0.37563 0.34484 -0.29642 -0.27912 -0.00025 -0.00133 0.62497 0.65516 
 0.76108 0.37563 0.34479 -0.29647 -0.27912 -0.00029 -0.00132 0.62498 0.65521 
 0.76208 0.37562 0.34474 -0.29653 -0.27912 -0.00033 -0.00132 0.62499 0.65526 
 0.76308 0.37562 0.34469 -0.29659 -0.27912 -0.00036 -0.00131 0.62501 0.65531 
 0.76408 0.37561 0.34464 -0.29664 -0.27912 -0.00040 -0.00131 0.62502 0.65536 
 0.76508 0.37560 0.34459 -0.29670 -0.27912 -0.00045 -0.00130 0.62504 0.65541 
 0.76608 0.37559 0.34454 -0.29675 -0.27912 -0.00049 -0.00130 0.62505 0.65546 
 0.76708 0.37557 0.34449 -0.29680 -0.27912 -0.00053 -0.00129 0.62508 0.65551 
 0.76808 0.37556 0.34444 -0.29685 -0.27912 -0.00057 -0.00129 0.62510 0.65556 
 0.76908 0.37554 0.34439 -0.29690 -0.27912 -0.00062 -0.00128 0.62512 0.65561 
 0.77008 0.37553 0.34435 -0.29695 -0.27912 -0.00066 -0.00128 0.62515 0.65565 
 0.77108 0.37551 0.34430 -0.29700 -0.27912 -0.00071 -0.00127 0.62518 0.65570 
 0.77208 0.37548 0.34425 -0.29704 -0.27912 -0.00076 -0.00127 0.62521 0.65575 
 0.77308 0.37546 0.34420 -0.29709 -0.27912 -0.00080 -0.00126 0.62524 0.65580 
 0.77408 0.37544 0.34415 -0.29713 -0.27912 -0.00085 -0.00126 0.62527 0.65585 
 0.77508 0.37541 0.34411 -0.29717 -0.27912 -0.00089 -0.00125 0.62531 0.65589 
 0.77608 0.37538 0.34406 -0.29722 -0.27912 -0.00094 -0.00125 0.62535 0.65594 
 0.77708 0.37535 0.34401 -0.29726 -0.27912 -0.00099 -0.00124 0.62539 0.65599 
 0.77808 0.37532 0.34397 -0.29730 -0.27912 -0.00103 -0.00124 0.62543 0.65603 
 0.77908 0.37528 0.34392 -0.29733 -0.27912 -0.00108 -0.00124 0.62548 0.65608 
 0.78008 0.37524 0.34387 -0.29737 -0.27912 -0.00113 -0.00123 0.62552 0.65613 
 0.78108 0.37521 0.34383 -0.29740 -0.27912 -0.00117 -0.00123 0.62557 0.65617 
 0.78208 0.37517 0.34378 -0.29744 -0.27912 -0.00122 -0.00122 0.62562 0.65622 
 0.78308 0.37512 0.34373 -0.29747 -0.27912 -0.00126 -0.00122 0.62567 0.65627 
 0.78408 0.37508 0.34369 -0.29750 -0.27912 -0.00130 -0.00122 0.62573 0.65631 
 0.78508 0.37504 0.34364 -0.29753 -0.27912 -0.00135 -0.00121 0.62578 0.65636 
 0.78608 0.37499 0.34360 -0.29756 -0.27911 -0.00139 -0.00121 0.62584 0.65640 
 0.78708 0.37494 0.34355 -0.29759 -0.27911 -0.00143 -0.00120 0.62590 0.65645 
 0.78808 0.37489 0.34351 -0.29762 -0.27911 -0.00147 -0.00120 0.62596 0.65649 
 0.78908 0.37484 0.34346 -0.29765 -0.27911 -0.00151 -0.00120 0.62602 0.65654 
 0.79008 0.37479 0.34342 -0.29767 -0.27911 -0.00154 -0.00119 0.62608 0.65658 
 0.79108 0.37473 0.34337 -0.29770 -0.27911 -0.00158 -0.00119 0.62615 0.65663 
 0.79208 0.37468 0.34333 -0.29772 -0.27911 -0.00162 -0.00118 0.62622 0.65667 
 0.79308 0.37462 0.34328 -0.29774 -0.27911 -0.00165 -0.00118 0.62628 0.65672 
 0.79408 0.37456 0.34324 -0.29777 -0.27911 -0.00168 -0.00118 0.62635 0.65676 
 0.79508 0.37450 0.34319 -0.29779 -0.27911 -0.00171 -0.00117 0.62642 0.65681 
 0.79608 0.37444 0.34315 -0.29781 -0.27911 -0.00174 -0.00117 0.62649 0.65685 
 0.79708 0.37438 0.34310 -0.29783 -0.27911 -0.00177 -0.00117 0.62657 0.65690 
 0.79808 0.37432 0.34306 -0.29785 -0.27911 -0.00179 -0.00116 0.62664 0.65694 
 0.79908 0.37426 0.34302 -0.29787 -0.27910 -0.00181 -0.00116 0.62672 0.65698 
 0.80008 0.37420 0.34297 -0.29789 -0.27910 -0.00184 -0.00115 0.62679 0.65703 
 0.80108 0.37413 0.34293 -0.29791 -0.27910 -0.00186 -0.00115 0.62687 0.65707 
 0.80208 0.37407 0.34289 -0.29793 -0.27910 -0.00187 -0.00115 0.62695 0.65711 
 0.80308 0.37400 0.34284 -0.29794 -0.27910 -0.00189 -0.00114 0.62702 0.65716 
 0.80408 0.37394 0.34280 -0.29796 -0.27910 -0.00190 -0.00114 0.62710 0.65720 
 0.80508 0.37387 0.34276 -0.29797 -0.27910 -0.00191 -0.00114 0.62718 0.65724 
 0.80608 0.37380 0.34272 -0.29799 -0.27910 -0.00192 -0.00113 0.62726 0.65728 
 0.80708 0.37374 0.34267 -0.29801 -0.27910 -0.00193 -0.00113 0.62734 0.65733 
 0.80808 0.37367 0.34263 -0.29802 -0.27910 -0.00194 -0.00112 0.62742 0.65737 
 0.80908 0.37360 0.34259 -0.29804 -0.27910 -0.00194 -0.00112 0.62750 0.65741 
 0.81008 0.37353 0.34255 -0.29805 -0.27910 -0.00195 -0.00112 0.62758 0.65745 
 0.81108 0.37346 0.34251 -0.29806 -0.27909 -0.00195 -0.00111 0.62766 0.65750 
 0.81208 0.37339 0.34246 -0.29807 -0.27909 -0.00195 -0.00111 0.62774 0.65754 
 0.81308 0.37332 0.34242 -0.29809 -0.27909 -0.00194 -0.00110 0.62782 0.65758 
 0.81408 0.37325 0.34238 -0.29810 -0.27909 -0.00194 -0.00110 0.62790 0.65762 
 0.81508 0.37318 0.34234 -0.29811 -0.27909 -0.00193 -0.00110 0.62798 0.65766 
 0.81608 0.37312 0.34230 -0.29813 -0.27909 -0.00192 -0.00109 0.62806 0.65770 
 0.81708 0.37305 0.34226 -0.29814 -0.27909 -0.00191 -0.00109 0.62814 0.65774 
 0.81808 0.37298 0.34221 -0.29815 -0.27909 -0.00189 -0.00109 0.62821 0.65778 
 0.81908 0.37292 0.34217 -0.29816 -0.27909 -0.00188 -0.00108 0.62829 0.65783 
 0.82008 0.37286 0.34213 -0.29818 -0.27909 -0.00186 -0.00108 0.62837 0.65787 
 0.82108 0.37279 0.34209 -0.29819 -0.27909 -0.00184 -0.00107 0.62844 0.65791 
 0.82208 0.37273 0.34205 -0.29821 -0.27908 -0.00182 -0.00107 0.62852 0.65795 
 0.82308 0.37267 0.34201 -0.29822 -0.27908 -0.00180 -0.00107 0.62859 0.65799 
 0.82408 0.37261 0.34197 -0.29824 -0.27908 -0.00178 -0.00106 0.62866 0.65803 
 0.82508 0.37255 0.34193 -0.29825 -0.27908 -0.00175 -0.00106 0.62873 0.65807 
 0.82608 0.37249 0.34189 -0.29827 -0.27908 -0.00172 -0.00105 0.62880 0.65811 
 0.82708 0.37244 0.34185 -0.29828 -0.27908 -0.00169 -0.00105 0.62887 0.65815 
 0.82808 0.37238 0.34181 -0.29830 -0.27908 -0.00166 -0.00105 0.62894 0.65819 
 0.82908 0.37233 0.34177 -0.29832 -0.27908 -0.00163 -0.00104 0.62900 0.65823 
 0.83008 0.37227 0.34174 -0.29834 -0.27908 -0.00159 -0.00104 0.62907 0.65826 
 0.83108 0.37222 0.34170 -0.29836 -0.27908 -0.00155 -0.00103 0.62913 0.65830 
 0.83208 0.37217 0.34166 -0.29838 -0.27907 -0.00152 -0.00103 0.62919 0.65834 
 0.83308 0.37212 0.34162 -0.29840 -0.27907 -0.00148 -0.00103 0.62925 0.65838 
 0.83408 0.37207 0.34158 -0.29842 -0.27907 -0.00144 -0.00102 0.62931 0.65842 
 0.83508 0.37202 0.34154 -0.29844 -0.27907 -0.00140 -0.00102 0.62936 0.65846 
 0.83608 0.37198 0.34150 -0.29846 -0.27907 -0.00136 -0.00101 0.62942 0.65850 
 0.83708 0.37194 0.34147 -0.29848 -0.27907 -0.00131 -0.00101 0.62947 0.65853 
 0.83808 0.37190 0.34143 -0.29850 -0.27907 -0.00127 -0.00100 0.62952 0.65857 
 0.83908 0.37186 0.34139 -0.29852 -0.27907 -0.00122 -0.00100 0.62957 0.65861 
 0.84008 0.37182 0.34135 -0.29855 -0.27907 -0.00118 -0.00100 0.62961 0.65865 
 0.84108 0.37178 0.34131 -0.29857 -0.27907 -0.00113 -0.00099 0.62966 0.65868 
 0.84208 0.37175 0.34128 -0.29860 -0.27906 -0.00109 -0.00099 0.62970 0.65872 
 0.84308 0.37172 0.34124 -0.29862 -0.27906 -0.00104 -0.00098 0.62974 0.65876 
 0.84408 0.37169 0.34120 -0.29865 -0.27906 -0.00099 -0.00098 0.62978 0.65880 
 0.84508 0.37166 0.34117 -0.29868 -0.27906 -0.00095 -0.00098 0.62982 0.65883 
 0.84608 0.37164 0.34113 -0.29871 -0.27906 -0.00090 -0.00097 0.62985 0.65887 
 0.84708 0.37161 0.34109 -0.29874 -0.27906 -0.00085 -0.00097 0.62988 0.65891 
 0.84808 0.37159 0.34106 -0.29878 -0.27906 -0.00081 -0.00096 0.62992 0.65894 
 0.84908 0.37156 0.34102 -0.29881 -0.27906 -0.00076 -0.00096 0.62994 0.65898 
 0.85009 0.37154 0.34098 -0.29884 -0.27906 -0.00072 -0.00095 0.62997 0.65902 
 0.85109 0.37153 0.34095 -0.29888 -0.27905 -0.00067 -0.00095 0.63000 0.65905 
 0.85209 0.37151 0.34091 -0.29892 -0.27905 -0.00063 -0.00095 0.63002 0.65909 
 0.85309 0.37150 0.34088 -0.29895 -0.27905 -0.00058 -0.00094 0.63004 0.65912 
 0.85409 0.37148 0.34084 -0.29899 -0.27905 -0.00054 -0.00094 0.63006 0.65916 
 0.85509 0.37147 0.34081 -0.29903 -0.27905 -0.00050 -0.00093 0.63008 0.65919 
 0.85609 0.37146 0.34077 -0.29907 -0.27905 -0.00045 -0.00093 0.63010 0.65923 
 0.85709 0.37146 0.34074 -0.29911 -0.27905 -0.00041 -0.00093 0.63011 0.65926 
 0.85809 0.37145 0.34070 -0.29915 -0.27905 -0.00037 -0.00092 0.63012 0.65930 
 0.85909 0.37145 0.34067 -0.29919 -0.27905 -0.00033 -0.00092 0.63013 0.65933 
 0.86009 0.37144 0.34063 -0.29924 -0.27905 -0.00030 -0.00091 0.63014 0.65937 
 0.86109 0.37144 0.34060 -0.29928 -0.27904 -0.00026 -0.00091 0.63015 0.65940 
 0.86209 0.37144 0.34056 -0.29933 -0.27904 -0.00023 -0.00091 0.63016 0.65944 
 0.86309 0.37144 0.34053 -0.29937 -0.27904 -0.00019 -0.00090 0.63016 0.65947 
 0.86409 0.37145 0.34050 -0.29942 -0.27904 -0.00016 -0.00090 0.63017 0.65950 
 0.86509 0.37145 0.34046 -0.29946 -0.27904 -0.00013 -0.00089 0.63017 0.65954 
 0.86609 0.37145 0.34043 -0.29951 -0.27904 -0.00010 -0.00089 0.63017 0.65957 
 0.86709 0.37146 0.34040 -0.29956 -0.27904 -0.00007 -0.00089 0.63017 0.65960 
 0.86809 0.37147 0.34036 -0.29961 -0.27904 -0.00005 -0.00088 0.63017 0.65964 
 0.86909 0.37147 0.34033 -0.29966 -0.27904 -0.00003 -0.00088 0.63017 0.65967 
 0.87009 0.37148 0.34030 -0.29971 -0.27903 -0.00000 -0.00088 0.63017 0.65970 
 0.87109 0.37149 0.34026 -0.29976 -0.27903 0.00002 -0.00087 0.63016 0.65974 
 0.87209 0.37150 0.34023 -0.29981 -0.27903 0.00004 -0.00087 0.63015 0.65977 
 0.87309 0.37151 0.34020 -0.29986 -0.27903 0.00005 -0.00086 0.63015 0.65980 
 0.87409 0.37152 0.34016 -0.29991 -0.27903 0.00007 -0.00086 0.63014 0.65983 
 0.87509 0.37153 0.34013 -0.29996 -0.27903 0.00008 -0.00086 0.63014 0.65987 
 0.87609 0.37154 0.34010 -0.30001 -0.27903 0.00009 -0.00085 0.63013 0.65990 
 0.87709 0.37155 0.34007 -0.30007 -0.27903 0.00010 -0.00085 0.63013 0.65993 
 0.87809 0.37156 0.34004 -0.30012 -0.27903 0.00011 -0.00085 0.63012 0.65996 
 0.87909 0.37157 0.34000 -0.30017 -0.27903 0.00012 -0.00084 0.63011 0.66000 
 0.88009 0.37159 0.33997 -0.30023 -0.27902 0.00012 -0.00084 0.63010 0.66003 
 0.88109 0.37160 0.33994 -0.30028 -0.27902 0.00012 -0.00084 0.63010 0.66006 
 0.88209 0.37161 0.33991 -0.30034 -0.27902 0.00012 -0.00083 0.63009 0.66009 
 0.88309 0.37162 0.33988 -0.30039 -0.27902 0.00012 -0.00083 0.63008 0.66012 
 0.88409 0.37163 0.33985 -0.30044 -0.27902 0.00012 -0.00082 0.63007 0.66015 
 0.88509 0.37165 0.33982 -0.30050 -0.27902 0.00011 -0.00082 0.63007 0.66018 
 0.88609 0.37166 0.33979 -0.30055 -0.27902 0.00011 -0.00082 0.63006 0.66021 
 0.88709 0.37167 0.33975 -0.30060 -0.27902 0.00010 -0.00081 0.63005 0.66024 
 0.88809 0.37168 0.33972 -0.30066 -0.27902 0.00009 -0.00081 0.63004 0.66028 
 0.88909 0.37169 0.33969 -0.30071 -0.27901 0.00008 -0.00081 0.63004 0.66031 
 0.89009 0.37170 0.33966 -0.30077 -0.27901 0.00006 -0.00080 0.63003 0.66034 
 0.89109 0.37171 0.33963 -0.30082 -0.27901 0.00005 -0.00080 0.63003 0.66037 
 0.89209 0.37171 0.33960 -0.30087 -0.27901 0.00003 -0.00080 0.63002 0.66040 
 0.89309 0.37172 0.33957 -0.30093 -0.27901 0.00001 -0.00080 0.63002 0.66043 
 0.89409 0.37173 0.33954 -0.30098 -0.27901 -0.00001 -0.00079 0.63002 0.66046 
 0.89509 0.37173 0.33951 -0.30103 -0.27901 -0.00003 -0.00079 0.63001 0.66049 
 0.89609 0.37174 0.33948 -0.30108 -0.27901 -0.00005 -0.00079 0.63001 0.66052 
 0.89709 0.37174 0.33945 -0.30114 -0.27901 -0.00008 -0.00078 0.63001 0.66055 
 0.89809 0.37174 0.33942 -0.30119 -0.27900 -0.00010 -0.00078 0.63002 0.66058 
 0.89909 0.37174 0.33940 -0.30124 -0.27900 -0.00013 -0.00078 0.63002 0.66060 
 0.90009 0.37174 0.33937 -0.30129 -0.27900 -0.00016 -0.00077 0.63002 0.66063 
 0.90109 0.37174 0.33934 -0.30133 -0.27900 -0.00019 -0.00077 0.63003 0.66066 
 0.90209 0.37174 0.33931 -0.30138 -0.27900 -0.00022 -0.00077 0.63003 0.66069 
 0.90309 0.37173 0.33928 -0.30143 -0.27900 -0.00025 -0.00076 0.63004 0.66072 
 0.90409 0.37173 0.33925 -0.30147 -0.27900 -0.00028 -0.00076 0.63005 0.66075 
 0.90509 0.37172 0.33922 -0.30152 -0.27900 -0.00032 -0.00076 0.63006 0.66078 
 0.90609 0.37171 0.33919 -0.30157 -0.27899 -0.00035 -0.00076 0.63007 0.66081 
 0.90709 0.37171 0.33916 -0.30161 -0.27899 -0.00039 -0.00075 0.63009 0.66083 
 0.90809 0.37170 0.33914 -0.30165 -0.27899 -0.00042 -0.00075 0.63010 0.66086 
 0.90909 0.37168 0.33911 -0.30170 -0.27899 -0.00046 -0.00075 0.63012 0.66089 
 0.91009 0.37167 0.33908 -0.30174 -0.27899 -0.00050 -0.00074 0.63014 0.66092 
 0.91109 0.37166 0.33905 -0.30178 -0.27899 -0.00054 -0.00074 0.63016 0.66095 
 0.91209 0.37164 0.33902 -0.30182 -0.27899 -0.00058 -0.00074 0.63018 0.66098 
 0.91309 0.37162 0.33900 -0.30186 -0.27899 -0.00061 -0.00074 0.63020 0.66100 
 0.91409 0.37160 0.33897 -0.30190 -0.27899 -0.00065 -0.00073 0.63023 0.66103 
 0.91509 0.37158 0.33894 -0.30193 -0.27898 -0.00069 -0.00073 0.63026 0.66106 
 0.91609 0.37156 0.33891 -0.30197 -0.27898 -0.00073 -0.00073 0.63028 0.66109 
 0.91709 0.37153 0.33889 -0.30201 -0.27898 -0.00077 -0.00072 0.63031 0.66111 
 0.91809 0.37151 0.33886 -0.30205 -0.27898 -0.00081 -0.00072 0.63035 0.66114 
 0.91909 0.37148 0.33883 -0.30208 -0.27898 -0.00085 -0.00072 0.63038 0.66117 
 0.92009 0.37145 0.33881 -0.30212 -0.27898 -0.00089 -0.00072 0.63042 0.66119 
 0.92109 0.37142 0.33878 -0.30215 -0.27898 -0.00093 -0.00071 0.63045 0.66122 
 0.92209 0.37139 0.33875 -0.30218 -0.27898 -0.00097 -0.00071 0.63049 0.66125 
 0.92309 0.37135 0.33872 -0.30221 -0.27898 -0.00101 -0.00071 0.63053 0.66127 
 0.92409 0.37132 0.33870 -0.30224 -0.27897 -0.00105 -0.00071 0.63057 0.66130 
 0.92509 0.37128 0.33867 -0.30227 -0.27897 -0.00108 -0.00070 0.63062 0.66133 
 0.92609 0.37124 0.33864 -0.30230 -0.27897 -0.00112 -0.00070 0.63066 0.66136 
 0.92709 0.37120 0.33862 -0.30233 -0.27897 -0.00116 -0.00070 0.63071 0.66138 
 0.92809 0.37116 0.33859 -0.30236 -0.27897 -0.00119 -0.00070 0.63076 0.66141 
 0.92909 0.37112 0.33857 -0.30238 -0.27897 -0.00123 -0.00069 0.63081 0.66143 
 0.93009 0.37108 0.33854 -0.30241 -0.27897 -0.00126 -0.00069 0.63086 0.66146 
 0.93109 0.37103 0.33851 -0.30243 -0.27897 -0.00129 -0.00069 0.63091 0.66149 
 0.93209 0.37099 0.33849 -0.30246 -0.27897 -0.00132 -0.00069 0.63097 0.66151 
 0.93309 0.37094 0.33846 -0.30248 -0.27896 -0.00135 -0.00068 0.63102 0.66154 
 0.93409 0.37090 0.33844 -0.30250 -0.27896 -0.00138 -0.00068 0.63108 0.66156 
 0.93509 0.37085 0.33841 -0.30252 -0.27896 -0.00141 -0.00068 0.63114 0.66159 
 0.93609 0.37080 0.33839 -0.30254 -0.27896 -0.00143 -0.00068 0.63119 0.66161 
 0.93709 0.37075 0.33836 -0.30256 -0.27896 -0.00146 -0.00067 0.63125 0.66164 
 0.93809 0.37069 0.33833 -0.30258 -0.27896 -0.00148 -0.00067 0.63131 0.66166 
 0.93909 0.37064 0.33831 -0.30260 -0.27896 -0.00150 -0.00067 0.63137 0.66169 
 0.94009 0.37059 0.33829 -0.30262 -0.27896 -0.00152 -0.00066 0.63144 0.66172 
 0.94109 0.37053 0.33826 -0.30264 -0.27896 -0.00154 -0.00066 0.63150 0.66174 
 0.94209 0.37048 0.33824 -0.30265 -0.27895 -0.00156 -0.00066 0.63156 0.66177 
 0.94309 0.37042 0.33821 -0.30267 -0.27895 -0.00158 -0.00066 0.63163 0.66179 
 0.94409 0.37037 0.33819 -0.30269 -0.27895 -0.00159 -0.00065 0.63169 0.66182 
 0.94509 0.37031 0.33816 -0.30270 -0.27895 -0.00160 -0.00065 0.63175 0.66184 
 0.94609 0.37026 0.33814 -0.30272 -0.27895 -0.00162 -0.00065 0.63182 0.66186 
 0.94709 0.37020 0.33811 -0.30273 -0.27895 -0.00162 -0.00065 0.63188 0.66189 
 0.94809 0.37014 0.33809 -0.30274 -0.27895 -0.00163 -0.00065 0.63195 0.66191 
 0.94909 0.37009 0.33806 -0.30276 -0.27895 -0.00164 -0.00064 0.63202 0.66194 
 0.95010 0.37003 0.33804 -0.30277 -0.27894 -0.00164 -0.00064 0.63208 0.66196 
 0.95110 0.36997 0.33802 -0.30278 -0.27894 -0.00165 -0.00064 0.63215 0.66199 
 0.95210 0.36992 0.33799 -0.30280 -0.27894 -0.00165 -0.00064 0.63222 0.66201 
 0.95310 0.36986 0.33797 -0.30281 -0.27894 -0.00165 -0.00063 0.63228 0.66203 
 0.95410 0.36980 0.33794 -0.30282 -0.27894 -0.00165 -0.00063 0.63235 0.66206 
 0.95510 0.36974 0.33792 -0.30283 -0.27894 -0.00164 -0.00063 0.63241 0.66208 
 0.95610 0.36969 0.33790 -0.30285 -0.27894 -0.00164 -0.00063 0.63248 0.66210 
 0.95710 0.36963 0.33787 -0.30286 -0.27894 -0.00163 -0.00062 0.63255 0.66213 
 0.95810 0.36958 0.33785 -0.30287 -0.27894 -0.00162 -0.00062 0.63261 0.66215 
 0.95910 0.36952 0.33783 -0.30288 -0.27893 -0.00161 -0.00062 0.63268 0.66217 
 0.96010 0.36946 0.33780 -0.30289 -0.27893 -0.00160 -0.00062 0.63274 0.66220 
 0.96110 0.36941 0.33778 -0.30291 -0.27893 -0.00159 -0.00061 0.63281 0.66222 
 0.96210 0.36935 0.33776 -0.30292 -0.27893 -0.00157 -0.00061 0.63287 0.66224 
 0.96310 0.36930 0.33773 -0.30293 -0.27893 -0.00155 -0.00061 0.63293 0.66227 
 0.96410 0.36925 0.33771 -0.30294 -0.27893 -0.00154 -0.00061 0.63299 0.66229 
 0.96510 0.36919 0.33769 -0.30295 -0.27893 -0.00152 -0.00060 0.63305 0.66231 
 0.96610 0.36914 0.33766 -0.30297 -0.27893 -0.00149 -0.00060 0.63311 0.66234 
 0.96710 0.36909 0.33764 -0.30298 -0.27893 -0.00147 -0.00060 0.63317 0.66236 
 0.96810 0.36904 0.33762 -0.30299 -0.27892 -0.00145 -0.00060 0.63323 0.66238 
 0.96910 0.36900 0.33760 -0.30301 -0.27892 -0.00142 -0.00059 0.63329 0.66240 
 0.97010 0.36895 0.33758 -0.30302 -0.27892 -0.00139 -0.00059 0.63334 0.66243 
 0.97110 0.36891 0.33755 -0.30303 -0.27892 -0.00137 -0.00059 0.63340 0.66245 
 0.97210 0.36886 0.33753 -0.30305 -0.27892 -0.00134 -0.00059 0.63345 0.66247 
 0.97310 0.36882 0.33751 -0.30306 -0.27892 -0.00131 -0.00058 0.63350 0.66249 
 0.97410 0.36878 0.33749 -0.30308 -0.27892 -0.00127 -0.00058 0.63355 0.66251 
 0.97510 0.36874 0.33747 -0.30309 -0.27892 -0.00124 -0.00058 0.63360 0.66253 
 0.97610 0.36870 0.33744 -0.30311 -0.27892 -0.00121 -0.00058 0.63365 0.66256 
 0.97710 0.36866 0.33742 -0.30313 -0.27892 -0.00117 -0.00058 0.63369 0.66258 
 0.97810 0.36862 0.33740 -0.30314 -0.27891 -0.00114 -0.00057 0.63374 0.66260 
 0.97910 0.36859 0.33738 -0.30316 -0.27891 -0.00110 -0.00057 0.63378 0.66262 
 0.98010 0.36856 0.33736 -0.30318 -0.27891 -0.00107 -0.00057 0.63382 0.66264 
 0.98110 0.36852 0.33733 -0.30320 -0.27891 -0.00103 -0.00057 0.63386 0.66266 
 0.98210 0.36849 0.33731 -0.30322 -0.27891 -0.00099 -0.00056 0.63389 0.66269 
 0.98310 0.36846 0.33729 -0.30324 -0.27891 -0.00096 -0.00056 0.63393 0.66271 
 0.98410 0.36844 0.33727 -0.30326 -0.27891 -0.00092 -0.00056 0.63397 0.66273 
 0.98510 0.36841 0.33725 -0.30328 -0.27891 -0.00088 -0.00056 0.63400 0.66275 
 0.98610 0.36838 0.33723 -0.30331 -0.27891 -0.00084 -0.00055 0.63403 0.66277 
 0.98710 0.36836 0.33721 -0.30333 -0.27890 -0.00080 -0.00055 0.63406 0.66279 
 0.98810 0.36834 0.33719 -0.30335 -0.27890 -0.00076 -0.00055 0.63409 0.66281 
 0.98910 0.36832 0.33717 -0.30338 -0.27890 -0.00073 -0.00055 0.63412 0.66283 
 0.99010 0.36830 0.33715 -0.30340 -0.27890 -0.00069 -0.00055 0.63414 0.66285 
 0.99110 0.36828 0.33713 -0.30343 -0.27890 -0.00065 -0.00054 0.63416 0.66287 
 0.99210 0.36827 0.33711 -0.30346 -0.27890 -0.00061 -0.00054 0.63419 0.66289 
 0.99310 0.36825 0.33709 -0.30348 -0.27890 -0.00058 -0.00054 0.63421 0.66292 
 0.99410 0.36824 0.33707 -0.30351 -0.27890 -0.00054 -0.00054 0.63423 0.66294 
 0.99510 0.36823 0.33704 -0.30354 -0.27890 -0.00050 -0.00053 0.63424 0.66295 
 0.99610 0.36821 0.33703 -0.30357 -0.27890 -0.00047 -0.00053 0.63426 0.66297 
 0.99710 0.36821 0.33700 -0.30360 -0.27889 -0.00043 -0.00053 0.63427 0.66300 
 0.99810 0.36820 0.33698 -0.30363 -0.27889 -0.00040 -0.00053 0.63429 0.66302 
 0.99910 0.36819 0.33697 -0.30367 -0.27889 -0.00037 -0.00053 0.63430 0.66304 
