 0.00000 1.00000 1.00000 0.00000 0.00000 0.00000 0.00000 0.00000 0.00000 
 0.00100 0.99965 0.99965 0.00013 0.00013 -0.01880 -0.01880 0.00035 0.00035 
 0.00200 0.99858 0.99858 0.00050 0.00050 -0.03744 -0.03744 0.00141 0.00141 
 0.00300 0.99683 0.99683 0.00110 0.00110 -0.05576 -0.05576 0.00317 0.00317 
 0.00400 0.99439 0.99439 0.00188 0.00188 -0.07365 -0.07365 0.00561 0.00561 
 0.00500 0.99129 0.99129 0.00283 0.00283 -0.09098 -0.09098 0.00871 0.00871 
 0.00600 0.98754 0.98754 0.00390 0.00390 -0.10764 -0.10764 0.01246 0.01246 
 0.00700 0.98319 0.98319 0.00506 0.00506 -0.12353 -0.12353 0.01681 0.01681 
 0.00800 0.97825 0.97825 0.00628 0.00628 -0.13858 -0.13858 0.02175 0.02175 
 0.00900 0.97276 0.97276 0.00752 0.00752 -0.15271 -0.15271 0.02724 0.02724 
 0.01000 0.96675 0.96675 0.00874 0.00874 -0.16587 -0.16587 0.03325 0.03325 
 0.01100 0.96027 0.96027 0.00992 0.00992 -0.17802 -0.17802 0.03973 0.03973 
 0.01200 0.95335 0.95335 0.01103 0.01103 -0.18912 -0.18912 0.04665 0.04665 
 0.01300 0.94603 0.94603 0.01203 0.01203 -0.19917 -0.19917 0.05396 0.05396 
 0.01400 0.93836 0.93836 0.01291 0.01291 -0.20815 -0.20815 0.06164 0.06164 
 0.01500 0.93036 0.93036 0.01365 0.01365 -0.21608 -0.21608 0.06964 0.06964 
 0.01600 0.92209 0.92209 0.01423 0.01423 -0.22296 -0.22296 0.07791 0.07791 
 0.01700 0.91358 0.91358 0.01463 0.01463 -0.22883 -0.22883 0.08642 0.08642 
 0.01800 0.90486 0.90486 0.01485 0.01485 -0.23370 -0.23370 0.09514 0.09514 
 0.01900 0.89598 0.89598 0.01488 0.01488 -0.23763 -0.23763 0.10402 0.10402 
 0.02000 0.88697 0.88697 0.01472 0.01472 -0.24064 -0.24064 0.11303 0.11303 
 0.02100 0.87786 0.87786 0.01437 0.01437 -0.24280 -0.24280 0.12214 0.12214 
 0.02200 0.86869 0.86869 0.01382 0.01382 -0.24413 -0.24413 0.13131 0.13131 
 0.02300 0.85948 0.85948 0.01310 0.01310 -0.24470 -0.24470 0.14052 0.14052 
 0.02400 0.85026 0.85026 0.01219 0.01219 -0.24455 -0.24455 0.14974 0.14974 
 0.02500 0.84106 0.84106 0.01112 0.01112 -0.24374 -0.24374 0.15894 0.15894 
 0.02600 0.83190 0.83190 0.00990 0.00990 -0.24231 -0.24231 0.16810 0.16810 
 0.02700 0.82281 0.82281 0.00853 0.00853 -0.24032 -0.24032 0.17719 0.17719 
 0.02800 0.81380 0.81380 0.00702 0.00702 -0.23781 -0.23781 0.18620 0.18620 
 0.02900 0.80490 0.80490 0.00539 0.00539 -0.23483 -0.23483 0.19510 0.19510 
 0.03000 0.79611 0.79611 0.00366 0.00366 -0.23143 -0.23143 0.20389 0.20389 
 0.03100 0.78746 0.78746 0.00183 0.00183 -0.22765 -0.22765 0.21254 0.21254 
 0.03200 0.77896 0.77896 -0.00009 -0.00009 -0.22352 -0.22352 0.22104 0.22104 
 0.03300 0.77063 0.77063 -0.00207 -0.00207 -0.21909 -0.21909 0.22937 0.22937 
 0.03400 0.76246 0.76246 -0.00412 -0.00412 -0.21439 -0.21439 0.23754 0.23754 
 0.03500 0.75448 0.75448 -0.00622 -0.00622 -0.20945 -0.20945 0.24552 0.24552 
 0.03600 0.74668 0.74668 -0.00835 -0.00835 -0.20431 -0.20431 0.25332 0.25332 
 0.03700 0.73908 0.73908 -0.01052 -0.01052 -0.19898 -0.19898 0.26092 0.26092 
 0.03800 0.73169 0.73169 -0.01270 -0.01270 -0.19351 -0.19351 0.26831 0.26831 
 0.03900 0.72450 0.72450 -0.01490 -0.01490 -0.18791 -0.18791 0.27549 0.27549 
 0.04000 0.71753 0.71753 -0.01711 -0.01711 -0.18221 -0.18221 0.28247 0.28247 
 0.04100 0.71078 0.71078 -0.01932 -0.01932 -0.17642 -0.17642 0.28922 0.28922 
 0.04200 0.70424 0.70424 -0.02153 -0.02153 -0.17058 -0.17058 0.29576 0.29576 
 0.04300 0.69793 0.69793 -0.02372 -0.02372 -0.16469 -0.16469 0.30207 0.30207 
 0.04400 0.69183 0.69183 -0.02591 -0.02591 -0.15877 -0.15877 0.30817 0.30817 
 0.04500 0.68596 0.68596 -0.02807 -0.02807 -0.15284 -0.15284 0.31404 0.31404 
 0.04600 0.68032 0.68032 -0.03022 -0.03022 -0.14692 -0.14692 0.31968 0.31968 
 0.04700 0.67489 0.67489 -0.03235 -0.03235 -0.14102 -0.14102 0.32511 0.32511 
 0.04800 0.66969 0.66969 -0.03445 -0.03445 -0.13515 -0.13515 0.33031 0.33031 
 0.04900 0.66471 0.66471 -0.03653 -0.03653 -0.12933 -0.12933 0.33529 0.33529 
 0.05001 0.65995 0.65995 -0.03858 -0.03858 -0.12356 -0.12356 0.34005 0.34005 
 0.05101 0.65540 0.65540 -0.04061 -0.04061 -0.11786 -0.11786 0.34460 0.34460 
 0.05201 0.65107 0.65107 -0.04261 -0.04261 -0.11224 -0.11224 0.34893 0.34893 
 0.05301 0.64694 0.64694 -0.04457 -0.04457 -0.10671 -0.10671 0.35306 0.35306 
 0.05401 0.64302 0.64302 -0.04651 -0.04651 -0.10128 -0.10128 0.35698 0.35698 
 0.05501 0.63931 0.63931 -0.04843 -0.04843 -0.09595 -0.09595 0.36069 0.36069 
 0.05601 0.63579 0.63579 -0.05031 -0.05031 -0.09073 -0.09073 0.36421 0.36421 
 0.05701 0.63247 0.63247 -0.05217 -0.05217 -0.08564 -0.08564 0.36753 0.36753 
 0.05801 0.62934 0.62934 -0.05399 -0.05399 -0.08068 -0.08068 0.37066 0.37066 
 0.05901 0.62639 0.62639 -0.05579 -0.05579 -0.07585 -0.07585 0.37361 0.37361 
 0.06001 0.62362 0.62362 -0.05756 -0.05756 -0.07116 -0.07116 0.37638 0.37638 
 0.06101 0.62103 0.62103 -0.05931 -0.05931 -0.06662 -0.06662 0.37897 0.37897 
 0.06201 0.61860 0.61860 -0.06102 -0.06102 -0.06222 -0.06222 0.38140 0.38140 
 0.06301 0.61634 0.61634 -0.06272 -0.06272 -0.05799 -0.05799 0.38366 0.38366 
 0.06401 0.61423 0.61423 -0.06438 -0.06438 -0.05391 -0.05391 0.38577 0.38577 
 0.06501 0.61227 0.61227 -0.06602 -0.06602 -0.04999 -0.04999 0.38773 0.38773 
 0.06601 0.61046 0.61046 -0.06764 -0.06764 -0.04623 -0.04623 0.38954 0.38954 
 0.06701 0.60879 0.60879 -0.06923 -0.06923 -0.04264 -0.04264 0.39121 0.39121 
 0.06801 0.60725 0.60725 -0.07080 -0.07080 -0.03921 -0.03921 0.39275 0.39275 
 0.06901 0.60583 0.60583 -0.07234 -0.07234 -0.03596 -0.03596 0.39417 0.39417 
 0.07001 0.60454 0.60454 -0.07386 -0.07386 -0.03287 -0.03287 0.39547 0.39547 
 0.07101 0.60335 0.60335 -0.07536 -0.07536 -0.02995 -0.02995 0.39665 0.39665 
 0.07201 0.60228 0.60228 -0.07684 -0.07684 -0.02720 -0.02720 0.39772 0.39772 
 0.07301 0.60130 0.60130 -0.07829 -0.07829 -0.02462 -0.02462 0.39870 0.39870 
 0.07401 0.60042 0.60042 -0.07972 -0.07972 -0.02220 -0.02220 0.39958 0.39958 
 0.07501 0.59963 0.59963 -0.08113 -0.08113 -0.01995 -0.01995 0.40037 0.40037 
 0.07601 0.59891 0.59891 -0.08253 -0.08253 -0.01786 -0.01786 0.40109 0.40109 
 0.07701 0.59828 0.59828 -0.08390 -0.08390 -0.01593 -0.01593 0.40172 0.40172 
 0.07801 0.59771 0.59771 -0.08525 -0.08525 -0.01415 -0.01415 0.40229 0.40229 
 0.07901 0.59721 0.59721 -0.08658 -0.08658 -0.01253 -0.01253 0.40279 0.40279 
 0.08001 0.59677 0.59677 -0.08789 -0.08789 -0.01106 -0.01106 0.40323 0.40323 
 0.08101 0.59637 0.59637 -0.08918 -0.08918 -0.00974 -0.00974 0.40363 0.40363 
 0.08201 0.59603 0.59603 -0.09045 -0.09045 -0.00855 -0.00855 0.40397 0.40397 
 0.08301 0.59573 0.59573 -0.09170 -0.09170 -0.00751 -0.00751 0.40427 0.40427 
 0.08401 0.59546 0.59546 -0.09294 -0.09294 -0.00660 -0.00660 0.40454 0.40454 
 0.08501 0.59523 0.59523 -0.09415 -0.09415 -0.00582 -0.00582 0.40477 0.40477 
 0.08601 0.59502 0.59502 -0.09535 -0.09535 -0.00516 -0.00516 0.40498 0.40498 
 0.08701 0.59484 0.59484 -0.09653 -0.09653 -0.00462 -0.00462 0.40516 0.40516 
 0.08801 0.59467 0.59467 -0.09769 -0.09769 -0.00420 -0.00420 0.40533 0.40533 
 0.08901 0.59452 0.59452 -0.09884 -0.09884 -0.00388 -0.00388 0.40548 0.40548 
 0.09001 0.59438 0.59438 -0.09996 -0.09996 -0.00367 -0.00367 0.40562 0.40562 
 0.09101 0.59424 0.59424 -0.10107 -0.10107 -0.00355 -0.00355 0.40576 0.40576 
 0.09201 0.59411 0.59411 -0.10217 -0.10217 -0.00353 -0.00353 0.40589 0.40589 
 0.09301 0.59398 0.59398 -0.10324 -0.10324 -0.00359 -0.00359 0.40602 0.40602 
 0.09401 0.59384 0.59384 -0.10430 -0.10430 -0.00374 -0.00374 0.40616 0.40616 
 0.09501 0.59369 0.59369 -0.10534 -0.10534 -0.00395 -0.00395 0.40631 0.40631 
 0.09601 0.59354 0.59354 -0.10637 -0.10637 -0.00424 -0.00424 0.40646 0.40646 
 0.09701 0.59337 0.59337 -0.10738 -0.10738 -0.00460 -0.00460 0.40663 0.40663 
 0.09801 0.59319 0.59319 -0.10838 -0.10838 -0.00501 -0.00501 0.40681 0.40681 
 0.09901 0.59300 0.59300 -0.10936 -0.10936 -0.00548 -0.00548 0.40700 0.40700 
 0.10001 0.59278 0.59278 -0.11032 -0.11032 -0.00600 -0.00600 0.40722 0.40722 
 0.10101 0.59254 0.59254 -0.11127 -0.11127 -0.00656 -0.00656 0.40746 0.40746 
 0.10201 0.59229 0.59229 -0.11221 -0.11221 -0.00715 -0.00715 0.40771 0.40771 
 0.10301 0.59200 0.59200 -0.11313 -0.11313 -0.00779 -0.00779 0.40800 0.40800 
 0.10401 0.59170 0.59170 -0.11403 -0.11403 -0.00845 -0.00845 0.40830 0.40830 
 0.10501 0.59137 0.59137 -0.11492 -0.11492 -0.00913 -0.00913 0.40863 0.40863 
 0.10601 0.59101 0.59101 -0.11580 -0.11580 -0.00984 -0.00984 0.40899 0.40899 
 0.10701 0.59063 0.59063 -0.11667 -0.11667 -0.01056 -0.01056 0.40937 0.40937 
 0.10801 0.59021 0.59021 -0.11752 -0.11752 -0.01130 -0.01130 0.40979 0.40979 
 0.10901 0.58977 0.58977 -0.11836 -0.11836 -0.01204 -0.01204 0.41023 0.41023 
 0.11001 0.58931 0.58931 -0.11918 -0.11918 -0.01279 -0.01279 0.41069 0.41069 
 0.11101 0.58881 0.58881 -0.11999 -0.11999 -0.01354 -0.01354 0.41119 0.41119 
 0.11201 0.58829 0.58829 -0.12079 -0.12079 -0.01429 -0.01429 0.41171 0.41171 
 0.11301 0.58773 0.58773 -0.12158 -0.12158 -0.01503 -0.01503 0.41227 0.41227 
 0.11401 0.58715 0.58715 -0.12236 -0.12236 -0.01576 -0.01576 0.41285 0.41285 
 0.11501 0.58655 0.58655 -0.12312 -0.12312 -0.01648 -0.01648 0.41345 0.41345 
 0.11601 0.58591 0.58591 -0.12388 -0.12388 -0.01719 -0.01719 0.41409 0.41409 
 0.11701 0.58525 0.58525 -0.12462 -0.12462 -0.01788 -0.01788 0.41475 0.41475 
 0.11801 0.58457 0.58457 -0.12535 -0.12535 -0.01855 -0.01855 0.41543 0.41543 
 0.11901 0.58386 0.58386 -0.12607 -0.12607 -0.01920 -0.01920 0.41614 0.41614 
 0.12001 0.58312 0.58312 -0.12678 -0.12678 -0.01983 -0.01983 0.41688 0.41688 
 0.12101 0.58236 0.58236 -0.12748 -0.12748 -0.02044 -0.02044 0.41764 0.41764 
 0.12201 0.58158 0.58158 -0.12817 -0.12817 -0.02102 -0.02102 0.41842 0.41842 
 0.12301 0.58078 0.58078 -0.12885 -0.12885 -0.02158 -0.02158 0.41922 0.41922 
 0.12401 0.57995 0.57995 -0.12952 -0.12952 -0.02210 -0.02210 0.42005 0.42005 
 0.12501 0.57911 0.57911 -0.13019 -0.13019 -0.02260 -0.02260 0.42089 0.42089 
 0.12601 0.57825 0.57825 -0.13084 -0.13084 -0.02307 -0.02307 0.42175 0.42175 
 0.12701 0.57737 0.57737 -0.13148 -0.13148 -0.02351 -0.02351 0.42263 0.42263 
 0.12801 0.57648 0.57648 -0.13212 -0.13212 -0.02391 -0.02391 0.42352 0.42352 
 0.12901 0.57557 0.57557 -0.13275 -0.13275 -0.02429 -0.02429 0.42443 0.42443 
 0.13001 0.57465 0.57465 -0.13337 -0.13337 -0.02463 -0.02463 0.42535 0.42535 
 0.13101 0.57372 0.57372 -0.13398 -0.13398 -0.02494 -0.02494 0.42628 0.42628 
 0.13201 0.57277 0.57277 -0.13459 -0.13459 -0.02522 -0.02522 0.42723 0.42723 
 0.13301 0.57182 0.57182 -0.13518 -0.13518 -0.02547 -0.02547 0.42818 0.42818 
 0.13401 0.57085 0.57085 -0.13578 -0.13578 -0.02569 -0.02569 0.42915 0.42915 
 0.13501 0.56988 0.56988 -0.13636 -0.13636 -0.02588 -0.02588 0.43012 0.43012 
 0.13601 0.56890 0.56890 -0.13694 -0.13694 -0.02603 -0.02603 0.43110 0.43110 
 0.13701 0.56792 0.56792 -0.13751 -0.13751 -0.02616 -0.02616 0.43208 0.43208 
 0.13801 0.56693 0.56693 -0.13807 -0.13807 -0.02625 -0.02625 0.43307 0.43307 
 0.13901 0.56594 0.56594 -0.13863 -0.13863 -0.02632 -0.02632 0.43406 0.43406 
 0.14001 0.56495 0.56495 -0.13918 -0.13918 -0.02636 -0.02636 0.43505 0.43505 
 0.14101 0.56396 0.56396 -0.13972 -0.13972 -0.02637 -0.02637 0.43604 0.43604 
 0.14201 0.56297 0.56297 -0.14026 -0.14026 -0.02635 -0.02635 0.43704 0.43704 
 0.14301 0.56197 0.56197 -0.14080 -0.14080 -0.02631 -0.02631 0.43803 0.43803 
 0.14401 0.56098 0.56098 -0.14132 -0.14132 -0.02624 -0.02624 0.43902 0.43902 
 0.14501 0.56000 0.56000 -0.14185 -0.14185 -0.02615 -0.02615 0.44000 0.44000 
 0.14601 0.55901 0.55901 -0.14236 -0.14236 -0.02604 -0.02604 0.44099 0.44099 
 0.14701 0.55803 0.55803 -0.14287 -0.14287 -0.02591 -0.02591 0.44197 0.44197 
 0.14801 0.55706 0.55706 -0.14338 -0.14338 -0.02575 -0.02575 0.44294 0.44294 
 0.14901 0.55610 0.55610 -0.14388 -0.14388 -0.02557 -0.02557 0.44390 0.44390 
 0.15002 0.55514 0.55514 -0.14438 -0.14438 -0.02538 -0.02538 0.44487 0.44487 
 0.15102 0.55418 0.55418 -0.14487 -0.14487 -0.02517 -0.02517 0.44582 0.44582 
 0.15202 0.55324 0.55324 -0.14535 -0.14535 -0.02494 -0.02494 0.44676 0.44676 
 0.15302 0.55230 0.55230 -0.14583 -0.14583 -0.02470 -0.02470 0.44770 0.44770 
 0.15402 0.55138 0.55138 -0.14631 -0.14631 -0.02444 -0.02444 0.44862 0.44862 
 0.15502 0.55046 0.55046 -0.14678 -0.14678 -0.02418 -0.02418 0.44954 0.44954 
 0.15602 0.54956 0.54956 -0.14725 -0.14725 -0.02389 -0.02389 0.45044 0.45044 
 0.15702 0.54866 0.54866 -0.14771 -0.14771 -0.02360 -0.02360 0.45134 0.45134 
 0.15802 0.54778 0.54778 -0.14816 -0.14816 -0.02330 -0.02330 0.45222 0.45222 
 0.15902 0.54691 0.54691 -0.14862 -0.14862 -0.02299 -0.02299 0.45309 0.45309 
 0.16002 0.54605 0.54605 -0.14906 -0.14906 -0.02268 -0.02268 0.45395 0.45395 
 0.16102 0.54520 0.54520 -0.14951 -0.14951 -0.02235 -0.02235 0.45480 0.45480 
 0.16202 0.54436 0.54436 -0.14994 -0.14994 -0.02202 -0.02202 0.45564 0.45564 
 0.16302 0.54354 0.54354 -0.15038 -0.15038 -0.02169 -0.02169 0.45646 0.45646 
 0.16402 0.54273 0.54273 -0.15081 -0.15081 -0.02136 -0.02136 0.45727 0.45727 
 0.16502 0.54193 0.54193 -0.15123 -0.15123 -0.02102 -0.02102 0.45807 0.45807 
 0.16602 0.54114 0.54114 -0.15165 -0.15165 -0.02068 -0.02068 0.45886 0.45886 
 0.16702 0.54037 0.54037 -0.15206 -0.15206 -0.02033 -0.02033 0.45963 0.45963 
 0.16802 0.53961 0.53961 -0.15247 -0.15247 -0.01999 -0.01999 0.46039 0.46039 
 0.16902 0.53887 0.53887 -0.15288 -0.15288 -0.01965 -0.01965 0.46114 0.46114 
 0.17002 0.53813 0.53813 -0.15328 -0.15328 -0.01931 -0.01931 0.46187 0.46187 
 0.17102 0.53741 0.53741 -0.15368 -0.15368 -0.01898 -0.01898 0.46259 0.46259 
 0.17202 0.53670 0.53670 -0.15407 -0.15407 -0.01864 -0.01864 0.46330 0.46330 
 0.17302 0.53600 0.53600 -0.15446 -0.15446 -0.01831 -0.01831 0.46399 0.46399 
 0.17402 0.53532 0.53532 -0.15484 -0.15484 -0.01798 -0.01798 0.46468 0.46468 
 0.17502 0.53465 0.53465 -0.15522 -0.15522 -0.01766 -0.01766 0.46535 0.46535 
 0.17602 0.53399 0.53399 -0.15559 -0.15559 -0.01735 -0.01735 0.46601 0.46601 
 0.17702 0.53334 0.53334 -0.15596 -0.15596 -0.01703 -0.01703 0.46666 0.46666 
 0.17802 0.53271 0.53271 -0.15632 -0.15632 -0.01673 -0.01673 0.46729 0.46729 
 0.17902 0.53208 0.53208 -0.15668 -0.15668 -0.01643 -0.01643 0.46792 0.46792 
 0.18002 0.53147 0.53147 -0.15704 -0.15704 -0.01614 -0.01614 0.46853 0.46853 
 0.18102 0.53087 0.53087 -0.15739 -0.15739 -0.01585 -0.01585 0.46913 0.46913 
 0.18202 0.53027 0.53027 -0.15774 -0.15774 -0.01558 -0.01558 0.46973 0.46973 
 0.18302 0.52969 0.52969 -0.15808 -0.15808 -0.01531 -0.01531 0.47031 0.47031 
 0.18402 0.52912 0.52912 -0.15842 -0.15842 -0.01505 -0.01505 0.47088 0.47088 
 0.18502 0.52856 0.52856 -0.15875 -0.15875 -0.01479 -0.01479 0.47144 0.47144 
 0.18602 0.52801 0.52801 -0.15908 -0.15908 -0.01455 -0.01455 0.47199 0.47199 
 0.18702 0.52746 0.52746 -0.15940 -0.15940 -0.01431 -0.01431 0.47254 0.47254 
 0.18802 0.52693 0.52693 -0.15973 -0.15973 -0.01408 -0.01408 0.47307 0.47307 
 0.18902 0.52640 0.52640 -0.16004 -0.16004 -0.01386 -0.01386 0.47360 0.47360 
 0.19002 0.52588 0.52588 -0.16035 -0.16035 -0.01365 -0.01365 0.47412 0.47412 
 0.19102 0.52537 0.52537 -0.16066 -0.16066 -0.01345 -0.01345 0.47463 0.47463 
 0.19202 0.52487 0.52487 -0.16096 -0.16096 -0.01325 -0.01325 0.47513 0.47513 
 0.19302 0.52437 0.52437 -0.16126 -0.16126 -0.01307 -0.01307 0.47563 0.47563 
 0.19402 0.52389 0.52389 -0.16156 -0.16156 -0.01289 -0.01289 0.47612 0.47612 
 0.19502 0.52340 0.52340 -0.16185 -0.16185 -0.01272 -0.01272 0.47660 0.47660 
 0.19602 0.52293 0.52293 -0.16214 -0.16214 -0.01256 -0.01256 0.47707 0.47707 
 0.19702 0.52246 0.52246 -0.16242 -0.16242 -0.01241 -0.01241 0.47754 0.47754 
 0.19802 0.52199 0.52199 -0.16270 -0.16270 -0.01226 -0.01226 0.47801 0.47801 
 0.19902 0.52153 0.52153 -0.16297 -0.16297 -0.01212 -0.01212 0.47847 0.47847 
 0.20002 0.52085 0.52108 -0.16147 -0.16324 -0.01205 -0.01200 0.47885 0.47892 
 0.20102 0.52010 0.52063 -0.16155 -0.16351 -0.01221 -0.01187 0.47938 0.47937 
 0.20202 0.51948 0.52018 -0.16155 -0.16377 -0.01235 -0.01176 0.47992 0.47982 
 0.20302 0.51893 0.51974 -0.16169 -0.16403 -0.01257 -0.01165 0.48050 0.48026 
 0.20402 0.51848 0.51931 -0.16183 -0.16429 -0.01281 -0.01155 0.48114 0.48069 
 0.20502 0.51804 0.51887 -0.16199 -0.16454 -0.01292 -0.01146 0.48166 0.48113 
 0.20602 0.51753 0.51844 -0.16219 -0.16479 -0.01291 -0.01137 0.48219 0.48156 
 0.20702 0.51703 0.51802 -0.16240 -0.16503 -0.01291 -0.01129 0.48266 0.48198 
 0.20802 0.51654 0.51759 -0.16267 -0.16527 -0.01290 -0.01121 0.48312 0.48241 
 0.20902 0.51603 0.51717 -0.16290 -0.16551 -0.01291 -0.01114 0.48358 0.48283 
 0.21002 0.51555 0.51675 -0.16314 -0.16575 -0.01298 -0.01108 0.48405 0.48325 
 0.21102 0.51510 0.51634 -0.16337 -0.16598 -0.01302 -0.01102 0.48450 0.48366 
 0.21202 0.51463 0.51592 -0.16357 -0.16620 -0.01306 -0.01096 0.48494 0.48408 
 0.21302 0.51420 0.51551 -0.16380 -0.16643 -0.01311 -0.01091 0.48539 0.48449 
 0.21402 0.51370 0.51510 -0.16402 -0.16665 -0.01314 -0.01087 0.48586 0.48490 
 0.21502 0.51322 0.51469 -0.16423 -0.16687 -0.01309 -0.01083 0.48636 0.48531 
 0.21602 0.51278 0.51428 -0.16435 -0.16708 -0.01301 -0.01079 0.48687 0.48572 
 0.21702 0.51245 0.51388 -0.16443 -0.16729 -0.01297 -0.01075 0.48743 0.48612 
 0.21802 0.51212 0.51347 -0.16447 -0.16750 -0.01297 -0.01072 0.48797 0.48653 
 0.21902 0.51181 0.51307 -0.16455 -0.16770 -0.01297 -0.01069 0.48851 0.48693 
 0.22002 0.51157 0.51267 -0.16461 -0.16791 -0.01290 -0.01067 0.48904 0.48733 
 0.22102 0.51118 0.51227 -0.16463 -0.16811 -0.01281 -0.01065 0.48956 0.48773 
 0.22202 0.51083 0.51187 -0.16463 -0.16830 -0.01270 -0.01063 0.49007 0.48813 
 0.22302 0.51040 0.51147 -0.16468 -0.16849 -0.01265 -0.01061 0.49059 0.48853 
 0.22402 0.50980 0.51107 -0.16482 -0.16869 -0.01270 -0.01059 0.49102 0.48893 
 0.22502 0.50920 0.51067 -0.16501 -0.16887 -0.01277 -0.01058 0.49145 0.48933 
 0.22602 0.50859 0.51027 -0.16515 -0.16906 -0.01281 -0.01057 0.49189 0.48973 
 0.22702 0.50804 0.50987 -0.16533 -0.16924 -0.01284 -0.01055 0.49237 0.49013 
 0.22802 0.50754 0.50947 -0.16549 -0.16942 -0.01285 -0.01054 0.49282 0.49053 
 0.22902 0.50703 0.50908 -0.16565 -0.16960 -0.01282 -0.01053 0.49325 0.49092 
 0.23002 0.50652 0.50868 -0.16576 -0.16977 -0.01275 -0.01052 0.49368 0.49132 
 0.23102 0.50597 0.50828 -0.16593 -0.16994 -0.01269 -0.01051 0.49411 0.49172 
 0.23202 0.50541 0.50789 -0.16604 -0.17011 -0.01260 -0.01051 0.49456 0.49211 
 0.23302 0.50481 0.50749 -0.16617 -0.17028 -0.01255 -0.01050 0.49502 0.49251 
 0.23402 0.50427 0.50710 -0.16626 -0.17045 -0.01251 -0.01049 0.49549 0.49290 
 0.23502 0.50375 0.50670 -0.16636 -0.17061 -0.01242 -0.01048 0.49596 0.49330 
 0.23602 0.50323 0.50631 -0.16649 -0.17077 -0.01238 -0.01047 0.49647 0.49369 
 0.23702 0.50278 0.50591 -0.16664 -0.17093 -0.01231 -0.01047 0.49696 0.49409 
 0.23802 0.50228 0.50552 -0.16673 -0.17108 -0.01227 -0.01046 0.49744 0.49448 
 0.23902 0.50178 0.50513 -0.16686 -0.17124 -0.01222 -0.01045 0.49792 0.49488 
 0.24002 0.50128 0.50473 -0.16695 -0.17139 -0.01216 -0.01044 0.49840 0.49527 
 0.24102 0.50081 0.50434 -0.16710 -0.17154 -0.01214 -0.01043 0.49888 0.49566 
 0.24202 0.50033 0.50395 -0.16720 -0.17169 -0.01210 -0.01041 0.49938 0.49605 
 0.24302 0.49988 0.50355 -0.16731 -0.17183 -0.01204 -0.01040 0.49987 0.49645 
 0.24402 0.49945 0.50316 -0.16742 -0.17198 -0.01197 -0.01039 0.50034 0.49684 
 0.24502 0.49905 0.50277 -0.16755 -0.17212 -0.01189 -0.01037 0.50079 0.49723 
 0.24602 0.49863 0.50238 -0.16769 -0.17226 -0.01183 -0.01036 0.50123 0.49762 
 0.24702 0.49816 0.50199 -0.16783 -0.17240 -0.01181 -0.01034 0.50164 0.49801 
 0.24802 0.49768 0.50160 -0.16800 -0.17253 -0.01177 -0.01032 0.50208 0.49840 
 0.24902 0.49722 0.50121 -0.16817 -0.17267 -0.01169 -0.01031 0.50252 0.49879 
 0.25003 0.49674 0.50082 -0.16835 -0.17280 -0.01163 -0.01029 0.50296 0.49917 
 0.25103 0.49626 0.50044 -0.16855 -0.17293 -0.01156 -0.01026 0.50340 0.49956 
 0.25203 0.49580 0.50005 -0.16873 -0.17306 -0.01146 -0.01024 0.50386 0.49995 
 0.25303 0.49533 0.49967 -0.16895 -0.17319 -0.01138 -0.01022 0.50433 0.50033 
 0.25403 0.49488 0.49928 -0.16918 -0.17331 -0.01128 -0.01019 0.50479 0.50072 
 0.25503 0.49443 0.49890 -0.16943 -0.17344 -0.01118 -0.01017 0.50523 0.50110 
 0.25603 0.49397 0.49852 -0.16967 -0.17356 -0.01107 -0.01014 0.50565 0.50148 
 0.25703 0.49356 0.49813 -0.16992 -0.17368 -0.01096 -0.01011 0.50606 0.50187 
 0.25803 0.49308 0.49775 -0.17013 -0.17380 -0.01084 -0.01008 0.50648 0.50225 
 0.25903 0.49263 0.49738 -0.17037 -0.17392 -0.01075 -0.01005 0.50690 0.50262 
 0.26003 0.49221 0.49700 -0.17056 -0.17403 -0.01065 -0.01002 0.50732 0.50300 
 0.26103 0.49180 0.49662 -0.17076 -0.17415 -0.01054 -0.00999 0.50771 0.50338 
 0.26203 0.49139 0.49624 -0.17096 -0.17426 -0.01044 -0.00996 0.50814 0.50376 
 0.26303 0.49099 0.49587 -0.17116 -0.17437 -0.01033 -0.00992 0.50857 0.50413 
 0.26403 0.49059 0.49550 -0.17137 -0.17448 -0.01024 -0.00989 0.50896 0.50450 
 0.26503 0.49020 0.49512 -0.17158 -0.17459 -0.01013 -0.00985 0.50935 0.50487 
 0.26603 0.48980 0.49475 -0.17178 -0.17470 -0.01005 -0.00981 0.50974 0.50525 
 0.26703 0.48939 0.49439 -0.17198 -0.17481 -0.00994 -0.00977 0.51015 0.50561 
 0.26803 0.48902 0.49402 -0.17219 -0.17491 -0.00984 -0.00973 0.51055 0.50598 
 0.26903 0.48868 0.49365 -0.17240 -0.17501 -0.00971 -0.00969 0.51092 0.50635 
 0.27003 0.48830 0.49329 -0.17259 -0.17512 -0.00960 -0.00965 0.51128 0.50671 
 0.27103 0.48794 0.49293 -0.17281 -0.17522 -0.00950 -0.00961 0.51165 0.50708 
 0.27203 0.48755 0.49256 -0.17301 -0.17532 -0.00940 -0.00957 0.51202 0.50744 
 0.27303 0.48719 0.49220 -0.17321 -0.17541 -0.00928 -0.00953 0.51240 0.50780 
 0.27403 0.48685 0.49184 -0.17339 -0.17551 -0.00918 -0.00949 0.51276 0.50816 
 0.27503 0.48649 0.49149 -0.17358 -0.17561 -0.00909 -0.00944 0.51310 0.50851 
 0.27603 0.48617 0.49113 -0.17379 -0.17570 -0.00901 -0.00940 0.51345 0.50887 
 0.27703 0.48586 0.49078 -0.17400 -0.17580 -0.00892 -0.00936 0.51379 0.50922 
 0.27803 0.48555 0.49043 -0.17420 -0.17589 -0.00887 -0.00931 0.51410 0.50957 
 0.27903 0.48525 0.49008 -0.17438 -0.17598 -0.00879 -0.00927 0.51441 0.50992 
 0.28003 0.48493 0.48973 -0.17457 -0.17607 -0.00872 -0.00922 0.51472 0.51027 
 0.28103 0.48461 0.48938 -0.17475 -0.17616 -0.00866 -0.00918 0.51502 0.51062 
 0.28203 0.48430 0.48904 -0.17494 -0.17625 -0.00855 -0.00913 0.51529 0.51096 
 0.28303 0.48399 0.48870 -0.17516 -0.17633 -0.00843 -0.00909 0.51557 0.51130 
 0.28403 0.48366 0.48835 -0.17534 -0.17642 -0.00831 -0.00904 0.51585 0.51165 
 0.28503 0.48336 0.48801 -0.17552 -0.17650 -0.00822 -0.00900 0.51614 0.51199 
 0.28603 0.48304 0.48768 -0.17570 -0.17658 -0.00814 -0.00895 0.51639 0.51232 
 0.28703 0.48273 0.48734 -0.17590 -0.17667 -0.00806 -0.00891 0.51667 0.51266 
 0.28803 0.48242 0.48701 -0.17609 -0.17675 -0.00799 -0.00886 0.51695 0.51299 
 0.28903 0.48212 0.48667 -0.17627 -0.17683 -0.00792 -0.00882 0.51724 0.51333 
 0.29003 0.48180 0.48634 -0.17645 -0.17691 -0.00785 -0.00877 0.51755 0.51366 
 0.29103 0.48150 0.48601 -0.17662 -0.17699 -0.00780 -0.00873 0.51781 0.51399 
 0.29203 0.48118 0.48568 -0.17677 -0.17706 -0.00774 -0.00868 0.51809 0.51432 
 0.29303 0.48089 0.48536 -0.17692 -0.17714 -0.00769 -0.00864 0.51837 0.51464 
 0.29403 0.48062 0.48503 -0.17707 -0.17721 -0.00764 -0.00860 0.51865 0.51497 
 0.29503 0.48033 0.48471 -0.17721 -0.17729 -0.00759 -0.00855 0.51895 0.51529 
 0.29603 0.48004 0.48439 -0.17732 -0.17736 -0.00753 -0.00851 0.51926 0.51561 
 0.29703 0.47976 0.48407 -0.17743 -0.17743 -0.00747 -0.00847 0.51958 0.51593 
 0.29803 0.47947 0.48375 -0.17755 -0.17750 -0.00742 -0.00843 0.51986 0.51625 
 0.29903 0.47918 0.48343 -0.17767 -0.17757 -0.00739 -0.00839 0.52014 0.51657 
 0.30003 0.47890 0.48312 -0.17775 -0.17764 -0.00736 -0.00834 0.52042 0.51688 
 0.30103 0.47859 0.48280 -0.17783 -0.17771 -0.00733 -0.00830 0.52069 0.51720 
 0.30203 0.47830 0.48249 -0.17790 -0.17778 -0.00729 -0.00826 0.52095 0.51751 
 0.30303 0.47802 0.48218 -0.17796 -0.17785 -0.00726 -0.00822 0.52120 0.51782 
 0.30403 0.47775 0.48187 -0.17804 -0.17791 -0.00725 -0.00818 0.52147 0.51813 
 0.30503 0.47749 0.48157 -0.17811 -0.17797 -0.00720 -0.00814 0.52176 0.51843 
 0.30603 0.47722 0.48126 -0.17817 -0.17804 -0.00718 -0.00811 0.52204 0.51874 
 0.30703 0.47694 0.48095 -0.17821 -0.17810 -0.00714 -0.00807 0.52229 0.51905 
 0.30803 0.47666 0.48065 -0.17829 -0.17816 -0.00713 -0.00803 0.52253 0.51935 
 0.30903 0.47640 0.48035 -0.17836 -0.17823 -0.00710 -0.00799 0.52278 0.51965 
 0.31003 0.47615 0.48005 -0.17842 -0.17829 -0.00711 -0.00796 0.52303 0.51995 
 0.31103 0.47590 0.47975 -0.17848 -0.17835 -0.00711 -0.00792 0.52330 0.52025 
 0.31203 0.47565 0.47945 -0.17855 -0.17841 -0.00711 -0.00789 0.52357 0.52055 
 0.31303 0.47540 0.47915 -0.17863 -0.17846 -0.00712 -0.00785 0.52383 0.52085 
 0.31403 0.47518 0.47886 -0.17867 -0.17852 -0.00712 -0.00782 0.52410 0.52114 
 0.31503 0.47493 0.47857 -0.17869 -0.17858 -0.00713 -0.00778 0.52436 0.52143 
 0.31603 0.47468 0.47827 -0.17874 -0.17863 -0.00713 -0.00775 0.52462 0.52173 
 0.31703 0.47442 0.47798 -0.17877 -0.17869 -0.00716 -0.00772 0.52490 0.52202 
 0.31803 0.47415 0.47769 -0.17880 -0.17874 -0.00717 -0.00769 0.52518 0.52231 
 0.31903 0.47389 0.47740 -0.17879 -0.17880 -0.00718 -0.00765 0.52546 0.52260 
 0.32003 0.47363 0.47712 -0.17881 -0.17885 -0.00719 -0.00762 0.52575 0.52288 
 0.32103 0.47338 0.47683 -0.17884 -0.17890 -0.00721 -0.00759 0.52604 0.52317 
 0.32203 0.47311 0.47654 -0.17885 -0.17895 -0.00721 -0.00756 0.52631 0.52346 
 0.32303 0.47285 0.47626 -0.17882 -0.17900 -0.00719 -0.00753 0.52656 0.52374 
 0.32403 0.47260 0.47598 -0.17881 -0.17905 -0.00721 -0.00750 0.52681 0.52402 
 0.32503 0.47232 0.47569 -0.17881 -0.17910 -0.00722 -0.00747 0.52708 0.52431 
 0.32603 0.47206 0.47541 -0.17878 -0.17915 -0.00723 -0.00744 0.52735 0.52459 
 0.32703 0.47181 0.47513 -0.17877 -0.17920 -0.00725 -0.00742 0.52764 0.52487 
 0.32803 0.47156 0.47486 -0.17877 -0.17925 -0.00727 -0.00739 0.52792 0.52514 
 0.32903 0.47130 0.47458 -0.17878 -0.17929 -0.00729 -0.00736 0.52822 0.52542 
 0.33003 0.47102 0.47430 -0.17879 -0.17934 -0.00732 -0.00733 0.52850 0.52570 
 0.33103 0.47076 0.47402 -0.17880 -0.17938 -0.00736 -0.00731 0.52877 0.52598 
 0.33203 0.47046 0.47375 -0.17878 -0.17943 -0.00740 -0.00728 0.52905 0.52625 
 0.33303 0.47018 0.47348 -0.17880 -0.17947 -0.00743 -0.00725 0.52931 0.52652 
 0.33403 0.46989 0.47320 -0.17877 -0.17952 -0.00747 -0.00723 0.52959 0.52680 
 0.33503 0.46959 0.47293 -0.17876 -0.17956 -0.00752 -0.00720 0.52988 0.52707 
 0.33603 0.46931 0.47266 -0.17876 -0.17960 -0.00758 -0.00718 0.53016 0.52734 
 0.33703 0.46904 0.47239 -0.17874 -0.17964 -0.00764 -0.00715 0.53045 0.52761 
 0.33803 0.46876 0.47212 -0.17874 -0.17968 -0.00769 -0.00713 0.53074 0.52788 
 0.33903 0.46848 0.47185 -0.17872 -0.17972 -0.00773 -0.00710 0.53104 0.52815 
 0.34003 0.46818 0.47159 -0.17866 -0.17977 -0.00777 -0.00708 0.53134 0.52841 
 0.34103 0.46792 0.47132 -0.17863 -0.17980 -0.00779 -0.00705 0.53164 0.52868 
 0.34203 0.46762 0.47106 -0.17860 -0.17984 -0.00781 -0.00703 0.53191 0.52894 
 0.34303 0.46736 0.47079 -0.17858 -0.17988 -0.00784 -0.00701 0.53222 0.52921 
 0.34403 0.46708 0.47053 -0.17855 -0.17992 -0.00787 -0.00698 0.53250 0.52947 
 0.34503 0.46680 0.47026 -0.17852 -0.17996 -0.00791 -0.00696 0.53280 0.52973 
 0.34603 0.46650 0.47000 -0.17848 -0.17999 -0.00793 -0.00694 0.53309 0.53000 
 0.34703 0.46618 0.46974 -0.17847 -0.18003 -0.00797 -0.00691 0.53337 0.53026 
 0.34803 0.46588 0.46948 -0.17845 -0.18007 -0.00799 -0.00689 0.53365 0.53052 
 0.34903 0.46558 0.46922 -0.17843 -0.18010 -0.00802 -0.00687 0.53396 0.53078 
 0.35004 0.46528 0.46896 -0.17842 -0.18014 -0.00806 -0.00685 0.53427 0.53104 
 0.35104 0.46500 0.46871 -0.17839 -0.18017 -0.00806 -0.00682 0.53459 0.53129 
 0.35204 0.46470 0.46845 -0.17837 -0.18020 -0.00807 -0.00680 0.53493 0.53155 
 0.35304 0.46439 0.46819 -0.17832 -0.18024 -0.00807 -0.00678 0.53526 0.53181 
 0.35404 0.46407 0.46794 -0.17829 -0.18027 -0.00809 -0.00676 0.53559 0.53206 
 0.35504 0.46375 0.46769 -0.17826 -0.18030 -0.00811 -0.00674 0.53592 0.53231 
 0.35604 0.46343 0.46743 -0.17822 -0.18033 -0.00810 -0.00671 0.53624 0.53257 
 0.35704 0.46313 0.46718 -0.17820 -0.18037 -0.00810 -0.00669 0.53657 0.53282 
 0.35804 0.46281 0.46693 -0.17818 -0.18040 -0.00810 -0.00667 0.53689 0.53307 
 0.35904 0.46249 0.46668 -0.17816 -0.18043 -0.00808 -0.00665 0.53721 0.53332 
 0.36004 0.46219 0.46643 -0.17817 -0.18046 -0.00809 -0.00663 0.53753 0.53357 
 0.36104 0.46189 0.46618 -0.17817 -0.18049 -0.00811 -0.00661 0.53785 0.53382 
 0.36204 0.46158 0.46593 -0.17813 -0.18052 -0.00811 -0.00658 0.53819 0.53407 
 0.36304 0.46127 0.46568 -0.17811 -0.18055 -0.00811 -0.00656 0.53854 0.53432 
 0.36404 0.46097 0.46543 -0.17810 -0.18058 -0.00811 -0.00654 0.53887 0.53457 
 0.36504 0.46068 0.46519 -0.17808 -0.18060 -0.00810 -0.00652 0.53919 0.53481 
 0.36604 0.46038 0.46494 -0.17806 -0.18063 -0.00811 -0.00650 0.53953 0.53506 
 0.36704 0.46006 0.46470 -0.17807 -0.18066 -0.00811 -0.00648 0.53983 0.53530 
 0.36804 0.45976 0.46446 -0.17807 -0.18069 -0.00810 -0.00646 0.54015 0.53555 
 0.36904 0.45946 0.46421 -0.17806 -0.18071 -0.00808 -0.00644 0.54047 0.53579 
 0.37004 0.45915 0.46397 -0.17805 -0.18074 -0.00807 -0.00641 0.54078 0.53603 
 0.37104 0.45885 0.46373 -0.17806 -0.18077 -0.00805 -0.00639 0.54107 0.53627 
 0.37204 0.45854 0.46349 -0.17806 -0.18079 -0.00803 -0.00637 0.54138 0.53651 
 0.37304 0.45826 0.46325 -0.17808 -0.18082 -0.00801 -0.00635 0.54168 0.53675 
 0.37404 0.45797 0.46301 -0.17812 -0.18084 -0.00797 -0.00633 0.54201 0.53699 
 0.37504 0.45769 0.46277 -0.17814 -0.18087 -0.00795 -0.00631 0.54232 0.53723 
 0.37604 0.45740 0.46253 -0.17816 -0.18089 -0.00792 -0.00629 0.54263 0.53747 
 0.37704 0.45712 0.46230 -0.17819 -0.18091 -0.00791 -0.00627 0.54292 0.53770 
 0.37804 0.45682 0.46206 -0.17824 -0.18094 -0.00790 -0.00625 0.54322 0.53794 
 0.37904 0.45652 0.46183 -0.17827 -0.18096 -0.00785 -0.00623 0.54352 0.53817 
 0.38004 0.45624 0.46159 -0.17830 -0.18099 -0.00781 -0.00621 0.54381 0.53841 
 0.38104 0.45593 0.46136 -0.17834 -0.18101 -0.00778 -0.00618 0.54412 0.53864 
 0.38204 0.45564 0.46113 -0.17838 -0.18103 -0.00772 -0.00616 0.54445 0.53887 
 0.38304 0.45533 0.46089 -0.17844 -0.18105 -0.00768 -0.00614 0.54477 0.53910 
 0.38404 0.45505 0.46066 -0.17848 -0.18107 -0.00763 -0.00612 0.54509 0.53934 
 0.38504 0.45475 0.46043 -0.17853 -0.18110 -0.00757 -0.00610 0.54539 0.53957 
 0.38604 0.45443 0.46020 -0.17857 -0.18112 -0.00753 -0.00608 0.54569 0.53980 
 0.38704 0.45411 0.45998 -0.17863 -0.18114 -0.00749 -0.00606 0.54600 0.54002 
 0.38804 0.45383 0.45975 -0.17868 -0.18116 -0.00744 -0.00604 0.54632 0.54025 
 0.38904 0.45356 0.45952 -0.17874 -0.18118 -0.00741 -0.00602 0.54663 0.54048 
 0.39004 0.45329 0.45929 -0.17882 -0.18120 -0.00739 -0.00600 0.54694 0.54071 
 0.39104 0.45303 0.45907 -0.17891 -0.18122 -0.00735 -0.00598 0.54723 0.54093 
 0.39204 0.45275 0.45884 -0.17898 -0.18124 -0.00732 -0.00596 0.54751 0.54116 
 0.39304 0.45249 0.45862 -0.17905 -0.18126 -0.00727 -0.00594 0.54778 0.54138 
 0.39404 0.45222 0.45840 -0.17912 -0.18127 -0.00723 -0.00592 0.54803 0.54160 
 0.39504 0.45195 0.45817 -0.17920 -0.18129 -0.00719 -0.00590 0.54830 0.54183 
 0.39604 0.45168 0.45795 -0.17927 -0.18131 -0.00714 -0.00588 0.54857 0.54205 
 0.39704 0.45142 0.45773 -0.17933 -0.18133 -0.00708 -0.00586 0.54887 0.54227 
 0.39804 0.45117 0.45751 -0.17938 -0.18135 -0.00703 -0.00584 0.54916 0.54249 
 0.39904 0.45092 0.45729 -0.17946 -0.18137 -0.00698 -0.00582 0.54944 0.54271 
 0.40004 0.45066 0.45707 -0.17952 -0.18138 -0.00693 -0.00580 0.54971 0.54293 
 0.40104 0.45039 0.45685 -0.17959 -0.18140 -0.00687 -0.00578 0.54997 0.54315 
 0.40204 0.45012 0.45664 -0.17966 -0.18142 -0.00681 -0.00576 0.55023 0.54336 
 0.40304 0.44985 0.45642 -0.17973 -0.18143 -0.00674 -0.00574 0.55048 0.54358 
 0.40404 0.44959 0.45621 -0.17981 -0.18145 -0.00668 -0.00572 0.55075 0.54380 
 0.40504 0.44934 0.45599 -0.17989 -0.18147 -0.00661 -0.00570 0.55100 0.54401 
 0.40604 0.44908 0.45578 -0.17997 -0.18148 -0.00655 -0.00568 0.55126 0.54422 
 0.40704 0.44883 0.45556 -0.18006 -0.18150 -0.00650 -0.00566 0.55152 0.54444 
 0.40804 0.44858 0.45535 -0.18015 -0.18151 -0.00644 -0.00564 0.55177 0.54465 
 0.40904 0.44832 0.45514 -0.18024 -0.18153 -0.00640 -0.00562 0.55201 0.54486 
 0.41004 0.44806 0.45493 -0.18033 -0.18154 -0.00635 -0.00560 0.55225 0.54507 
 0.41104 0.44782 0.45471 -0.18042 -0.18156 -0.00630 -0.00558 0.55249 0.54529 
 0.41204 0.44757 0.45450 -0.18050 -0.18157 -0.00626 -0.00556 0.55273 0.54549 
 0.41304 0.44734 0.45430 -0.18059 -0.18159 -0.00622 -0.00554 0.55298 0.54570 
 0.41404 0.44712 0.45409 -0.18068 -0.18160 -0.00617 -0.00552 0.55322 0.54591 
 0.41504 0.44689 0.45388 -0.18076 -0.18162 -0.00613 -0.00550 0.55346 0.54612 
 0.41604 0.44666 0.45367 -0.18084 -0.18163 -0.00609 -0.00549 0.55370 0.54633 
 0.41704 0.44643 0.45347 -0.18093 -0.18164 -0.00606 -0.00547 0.55393 0.54653 
 0.41804 0.44619 0.45326 -0.18103 -0.18166 -0.00603 -0.00545 0.55415 0.54674 
 0.41904 0.44596 0.45306 -0.18112 -0.18167 -0.00599 -0.00543 0.55437 0.54694 
 0.42004 0.44573 0.45285 -0.18120 -0.18168 -0.00596 -0.00541 0.55460 0.54715 
 0.42104 0.44550 0.45265 -0.18129 -0.18170 -0.00592 -0.00539 0.55483 0.54735 
 0.42204 0.44528 0.45245 -0.18138 -0.18171 -0.00589 -0.00537 0.55505 0.54755 
 0.42304 0.44505 0.45224 -0.18146 -0.18172 -0.00585 -0.00535 0.55527 0.54776 
 0.42404 0.44483 0.45204 -0.18153 -0.18174 -0.00582 -0.00534 0.55548 0.54796 
 0.42504 0.44460 0.45184 -0.18161 -0.18175 -0.00578 -0.00532 0.55570 0.54816 
 0.42604 0.44438 0.45164 -0.18168 -0.18176 -0.00574 -0.00530 0.55591 0.54836 
 0.42704 0.44415 0.45144 -0.18176 -0.18177 -0.00571 -0.00528 0.55612 0.54856 
 0.42804 0.44393 0.45124 -0.18184 -0.18178 -0.00568 -0.00526 0.55633 0.54876 
 0.42904 0.44371 0.45105 -0.18191 -0.18179 -0.00564 -0.00525 0.55654 0.54895 
 0.43004 0.44349 0.45085 -0.18198 -0.18180 -0.00561 -0.00523 0.55675 0.54915 
 0.43104 0.44327 0.45065 -0.18206 -0.18182 -0.00559 -0.00521 0.55696 0.54935 
 0.43204 0.44305 0.45046 -0.18213 -0.18183 -0.00557 -0.00519 0.55716 0.54954 
 0.43304 0.44283 0.45026 -0.18221 -0.18184 -0.00555 -0.00518 0.55736 0.54974 
 0.43404 0.44260 0.45007 -0.18228 -0.18185 -0.00554 -0.00516 0.55756 0.54993 
 0.43504 0.44238 0.44987 -0.18235 -0.18186 -0.00553 -0.00514 0.55776 0.55013 
 0.43604 0.44216 0.44968 -0.18242 -0.18187 -0.00552 -0.00512 0.55796 0.55032 
 0.43704 0.44195 0.44949 -0.18249 -0.18188 -0.00550 -0.00511 0.55816 0.55051 
 0.43804 0.44174 0.44929 -0.18255 -0.18189 -0.00549 -0.00509 0.55836 0.55071 
 0.43904 0.44153 0.44910 -0.18261 -0.18190 -0.00548 -0.00507 0.55856 0.55090 
 0.44004 0.44131 0.44891 -0.18268 -0.18191 -0.00548 -0.00505 0.55875 0.55109 
 0.44104 0.44110 0.44872 -0.18273 -0.18192 -0.00547 -0.00504 0.55895 0.55128 
 0.44204 0.44089 0.44853 -0.18279 -0.18193 -0.00547 -0.00502 0.55914 0.55147 
 0.44304 0.44068 0.44834 -0.18285 -0.18194 -0.00546 -0.00500 0.55934 0.55166 
 0.44404 0.44046 0.44816 -0.18290 -0.18195 -0.00546 -0.00499 0.55953 0.55185 
 0.44504 0.44025 0.44797 -0.18295 -0.18196 -0.00546 -0.00497 0.55973 0.55203 
 0.44604 0.44004 0.44778 -0.18299 -0.18196 -0.00545 -0.00495 0.55992 0.55222 
 0.44704 0.43983 0.44759 -0.18304 -0.18197 -0.00545 -0.00494 0.56013 0.55241 
 0.44804 0.43961 0.44741 -0.18308 -0.18198 -0.00546 -0.00492 0.56034 0.55259 
 0.44904 0.43940 0.44722 -0.18311 -0.18199 -0.00546 -0.00491 0.56054 0.55278 
 0.45005 0.43919 0.44704 -0.18314 -0.18200 -0.00547 -0.00489 0.56075 0.55296 
 0.45105 0.43898 0.44686 -0.18318 -0.18201 -0.00547 -0.00487 0.56095 0.55314 
 0.45205 0.43876 0.44667 -0.18321 -0.18202 -0.00548 -0.00486 0.56116 0.55333 
 0.45305 0.43855 0.44649 -0.18324 -0.18202 -0.00549 -0.00484 0.56137 0.55351 
 0.45405 0.43833 0.44631 -0.18327 -0.18203 -0.00549 -0.00482 0.56159 0.55369 
 0.45505 0.43812 0.44613 -0.18329 -0.18204 -0.00551 -0.00481 0.56180 0.55387 
 0.45605 0.43790 0.44594 -0.18331 -0.18205 -0.00552 -0.00479 0.56201 0.55405 
 0.45705 0.43768 0.44576 -0.18334 -0.18205 -0.00553 -0.00478 0.56221 0.55424 
 0.45805 0.43746 0.44559 -0.18335 -0.18206 -0.00554 -0.00476 0.56242 0.55441 
 0.45905 0.43725 0.44541 -0.18336 -0.18207 -0.00555 -0.00475 0.56263 0.55459 
 0.46005 0.43702 0.44523 -0.18338 -0.18207 -0.00556 -0.00473 0.56283 0.55477 
 0.46105 0.43681 0.44505 -0.18339 -0.18208 -0.00558 -0.00471 0.56304 0.55495 
 0.46205 0.43659 0.44487 -0.18341 -0.18209 -0.00560 -0.00470 0.56325 0.55513 
 0.46305 0.43637 0.44470 -0.18342 -0.18210 -0.00561 -0.00468 0.56347 0.55531 
 0.46405 0.43615 0.44452 -0.18342 -0.18210 -0.00564 -0.00467 0.56368 0.55548 
 0.46505 0.43593 0.44434 -0.18343 -0.18211 -0.00566 -0.00465 0.56389 0.55566 
 0.46605 0.43572 0.44417 -0.18343 -0.18211 -0.00567 -0.00464 0.56410 0.55583 
 0.46705 0.43550 0.44399 -0.18343 -0.18212 -0.00569 -0.00462 0.56432 0.55601 
 0.46805 0.43528 0.44382 -0.18343 -0.18213 -0.00571 -0.00461 0.56453 0.55618 
 0.46905 0.43505 0.44365 -0.18343 -0.18213 -0.00573 -0.00459 0.56475 0.55635 
 0.47005 0.43483 0.44347 -0.18343 -0.18214 -0.00574 -0.00458 0.56497 0.55653 
 0.47105 0.43461 0.44330 -0.18343 -0.18215 -0.00576 -0.00456 0.56518 0.55670 
 0.47205 0.43439 0.44313 -0.18342 -0.18215 -0.00578 -0.00455 0.56540 0.55687 
 0.47305 0.43417 0.44296 -0.18342 -0.18216 -0.00580 -0.00453 0.56562 0.55704 
 0.47405 0.43395 0.44279 -0.18341 -0.18216 -0.00581 -0.00452 0.56585 0.55721 
 0.47505 0.43373 0.44262 -0.18341 -0.18217 -0.00582 -0.00450 0.56607 0.55738 
 0.47605 0.43350 0.44245 -0.18340 -0.18218 -0.00584 -0.00449 0.56630 0.55755 
 0.47705 0.43328 0.44228 -0.18339 -0.18218 -0.00585 -0.00447 0.56652 0.55772 
 0.47805 0.43305 0.44211 -0.18338 -0.18219 -0.00587 -0.00446 0.56675 0.55789 
 0.47905 0.43283 0.44194 -0.18337 -0.18219 -0.00588 -0.00444 0.56697 0.55805 
 0.48005 0.43260 0.44178 -0.18335 -0.18220 -0.00590 -0.00443 0.56719 0.55822 
 0.48105 0.43237 0.44161 -0.18333 -0.18220 -0.00591 -0.00442 0.56742 0.55839 
 0.48205 0.43214 0.44144 -0.18332 -0.18221 -0.00591 -0.00440 0.56765 0.55856 
 0.48305 0.43192 0.44128 -0.18331 -0.18221 -0.00592 -0.00439 0.56787 0.55872 
 0.48405 0.43169 0.44111 -0.18330 -0.18221 -0.00593 -0.00437 0.56810 0.55888 
 0.48505 0.43147 0.44095 -0.18329 -0.18222 -0.00594 -0.00436 0.56833 0.55905 
 0.48605 0.43124 0.44079 -0.18327 -0.18222 -0.00594 -0.00434 0.56855 0.55921 
 0.48705 0.43101 0.44062 -0.18326 -0.18223 -0.00595 -0.00433 0.56877 0.55938 
 0.48805 0.43078 0.44046 -0.18324 -0.18223 -0.00595 -0.00432 0.56900 0.55954 
 0.48905 0.43055 0.44030 -0.18322 -0.18224 -0.00595 -0.00430 0.56923 0.55970 
 0.49005 0.43032 0.44014 -0.18321 -0.18224 -0.00595 -0.00429 0.56946 0.55986 
 0.49105 0.43010 0.43998 -0.18319 -0.18225 -0.00595 -0.00427 0.56968 0.56002 
 0.49205 0.42987 0.43981 -0.18318 -0.18225 -0.00595 -0.00426 0.56991 0.56019 
 0.49305 0.42964 0.43965 -0.18317 -0.18226 -0.00594 -0.00425 0.57013 0.56035 
 0.49405 0.42941 0.43949 -0.18315 -0.18226 -0.00594 -0.00423 0.57035 0.56051 
 0.49505 0.42919 0.43933 -0.18313 -0.18226 -0.00593 -0.00422 0.57058 0.56066 
 0.49605 0.42896 0.43918 -0.18312 -0.18227 -0.00593 -0.00420 0.57080 0.56082 
 0.49705 0.42873 0.43902 -0.18311 -0.18227 -0.00593 -0.00419 0.57103 0.56098 
 0.49805 0.42851 0.43886 -0.18310 -0.18227 -0.00592 -0.00418 0.57125 0.56114 
 0.49905 0.42828 0.43870 -0.18309 -0.18228 -0.00591 -0.00416 0.57147 0.56130 
 0.50005 0.42806 0.43855 -0.18308 -0.18228 -0.00590 -0.00415 0.57170 0.56145 
 0.50105 0.42783 0.43839 -0.18308 -0.18229 -0.00589 -0.00414 0.57191 0.56161 
 0.50205 0.42761 0.43823 -0.18307 -0.18229 -0.00587 -0.00412 0.57214 0.56176 
 0.50305 0.42738 0.43808 -0.18306 -0.18229 -0.00586 -0.00411 0.57236 0.56192 
 0.50405 0.42715 0.43793 -0.18306 -0.18230 -0.00584 -0.00410 0.57258 0.56207 
 0.50505 0.42693 0.43777 -0.18305 -0.18230 -0.00582 -0.00408 0.57280 0.56223 
 0.50605 0.42671 0.43762 -0.18305 -0.18230 -0.00580 -0.00407 0.57303 0.56238 
 0.50705 0.42649 0.43746 -0.18304 -0.18230 -0.00577 -0.00406 0.57325 0.56254 
 0.50805 0.42627 0.43731 -0.18304 -0.18231 -0.00575 -0.00404 0.57347 0.56269 
 0.50905 0.42605 0.43716 -0.18304 -0.18231 -0.00573 -0.00403 0.57369 0.56284 
 0.51005 0.42583 0.43701 -0.18305 -0.18231 -0.00570 -0.00402 0.57391 0.56299 
 0.51105 0.42561 0.43686 -0.18304 -0.18232 -0.00568 -0.00400 0.57412 0.56314 
 0.51205 0.42539 0.43671 -0.18305 -0.18232 -0.00565 -0.00399 0.57434 0.56329 
 0.51305 0.42517 0.43656 -0.18305 -0.18232 -0.00563 -0.00398 0.57455 0.56344 
 0.51405 0.42496 0.43641 -0.18306 -0.18232 -0.00560 -0.00396 0.57477 0.56359 
 0.51505 0.42475 0.43626 -0.18307 -0.18233 -0.00557 -0.00395 0.57498 0.56374 
 0.51605 0.42454 0.43611 -0.18308 -0.18233 -0.00554 -0.00394 0.57519 0.56389 
 0.51705 0.42432 0.43596 -0.18309 -0.18233 -0.00552 -0.00393 0.57540 0.56404 
 0.51805 0.42411 0.43581 -0.18310 -0.18234 -0.00549 -0.00391 0.57561 0.56419 
 0.51905 0.42390 0.43567 -0.18311 -0.18234 -0.00546 -0.00390 0.57581 0.56433 
 0.52005 0.42369 0.43552 -0.18312 -0.18234 -0.00543 -0.00389 0.57602 0.56448 
 0.52105 0.42348 0.43537 -0.18312 -0.18234 -0.00539 -0.00387 0.57623 0.56463 
 0.52205 0.42328 0.43523 -0.18313 -0.18235 -0.00536 -0.00386 0.57643 0.56477 
 0.52305 0.42308 0.43508 -0.18315 -0.18235 -0.00532 -0.00385 0.57664 0.56492 
 0.52405 0.42288 0.43494 -0.18316 -0.18235 -0.00529 -0.00384 0.57684 0.56506 
 0.52505 0.42269 0.43479 -0.18317 -0.18235 -0.00525 -0.00382 0.57703 0.56521 
 0.52605 0.42248 0.43465 -0.18319 -0.18235 -0.00521 -0.00381 0.57723 0.56535 
 0.52705 0.42228 0.43451 -0.18320 -0.18236 -0.00517 -0.00380 0.57742 0.56549 
 0.52805 0.42209 0.43436 -0.18322 -0.18236 -0.00513 -0.00379 0.57762 0.56564 
 0.52905 0.42189 0.43422 -0.18325 -0.18236 -0.00510 -0.00377 0.57781 0.56578 
 0.53005 0.42170 0.43408 -0.18327 -0.18236 -0.00506 -0.00376 0.57800 0.56592 
 0.53105 0.42150 0.43394 -0.18329 -0.18236 -0.00502 -0.00375 0.57819 0.56606 
 0.53205 0.42131 0.43380 -0.18332 -0.18237 -0.00499 -0.00374 0.57838 0.56620 
 0.53305 0.42111 0.43366 -0.18334 -0.18237 -0.00495 -0.00373 0.57857 0.56634 
 0.53405 0.42092 0.43352 -0.18337 -0.18237 -0.00492 -0.00371 0.57875 0.56648 
 0.53505 0.42073 0.43338 -0.18340 -0.18237 -0.00488 -0.00370 0.57893 0.56662 
 0.53605 0.42054 0.43324 -0.18343 -0.18237 -0.00485 -0.00369 0.57912 0.56676 
 0.53705 0.42036 0.43310 -0.18346 -0.18238 -0.00481 -0.00368 0.57931 0.56690 
 0.53805 0.42018 0.43296 -0.18349 -0.18238 -0.00477 -0.00367 0.57949 0.56704 
 0.53905 0.41999 0.43282 -0.18353 -0.18238 -0.00474 -0.00365 0.57967 0.56718 
 0.54005 0.41981 0.43268 -0.18356 -0.18238 -0.00470 -0.00364 0.57984 0.56732 
 0.54105 0.41963 0.43255 -0.18359 -0.18238 -0.00466 -0.00363 0.58002 0.56745 
 0.54205 0.41945 0.43241 -0.18362 -0.18238 -0.00463 -0.00362 0.58019 0.56759 
 0.54305 0.41927 0.43228 -0.18366 -0.18238 -0.00460 -0.00361 0.58036 0.56772 
 0.54405 0.41910 0.43214 -0.18369 -0.18238 -0.00456 -0.00359 0.58054 0.56786 
 0.54505 0.41893 0.43200 -0.18373 -0.18239 -0.00452 -0.00358 0.58071 0.56800 
 0.54605 0.41875 0.43187 -0.18376 -0.18239 -0.00449 -0.00357 0.58088 0.56813 
 0.54705 0.41858 0.43174 -0.18380 -0.18239 -0.00446 -0.00356 0.58104 0.56826 
 0.54805 0.41841 0.43160 -0.18383 -0.18239 -0.00442 -0.00355 0.58121 0.56840 
 0.54905 0.41823 0.43147 -0.18387 -0.18239 -0.00439 -0.00354 0.58138 0.56853 
 0.55006 0.41806 0.43134 -0.18390 -0.18239 -0.00436 -0.00352 0.58154 0.56866 
 0.55106 0.41790 0.43120 -0.18394 -0.18239 -0.00433 -0.00351 0.58170 0.56880 
 0.55206 0.41773 0.43107 -0.18397 -0.18240 -0.00430 -0.00350 0.58187 0.56893 
 0.55306 0.41756 0.43094 -0.18401 -0.18240 -0.00427 -0.00349 0.58203 0.56906 
 0.55406 0.41740 0.43081 -0.18405 -0.18240 -0.00424 -0.00348 0.58219 0.56919 
 0.55506 0.41723 0.43068 -0.18409 -0.18240 -0.00421 -0.00347 0.58235 0.56932 
 0.55606 0.41706 0.43055 -0.18412 -0.18240 -0.00418 -0.00346 0.58250 0.56945 
 0.55706 0.41689 0.43042 -0.18416 -0.18240 -0.00416 -0.00345 0.58266 0.56958 
 0.55806 0.41673 0.43029 -0.18420 -0.18240 -0.00414 -0.00343 0.58281 0.56971 
 0.55906 0.41657 0.43016 -0.18423 -0.18240 -0.00411 -0.00342 0.58297 0.56984 
 0.56006 0.41641 0.43003 -0.18427 -0.18240 -0.00409 -0.00341 0.58312 0.56997 
 0.56106 0.41625 0.42990 -0.18431 -0.18240 -0.00407 -0.00340 0.58328 0.57010 
 0.56206 0.41609 0.42977 -0.18435 -0.18240 -0.00405 -0.00339 0.58344 0.57023 
 0.56306 0.41593 0.42965 -0.18439 -0.18241 -0.00403 -0.00338 0.58359 0.57035 
 0.56406 0.41577 0.42952 -0.18442 -0.18241 -0.00402 -0.00337 0.58374 0.57048 
 0.56506 0.41561 0.42939 -0.18445 -0.18241 -0.00400 -0.00336 0.58389 0.57061 
 0.56606 0.41545 0.42927 -0.18449 -0.18241 -0.00399 -0.00335 0.58404 0.57073 
 0.56706 0.41529 0.42914 -0.18452 -0.18241 -0.00397 -0.00333 0.58420 0.57086 
 0.56806 0.41514 0.42901 -0.18455 -0.18241 -0.00396 -0.00332 0.58435 0.57099 
 0.56906 0.41499 0.42889 -0.18458 -0.18241 -0.00394 -0.00331 0.58450 0.57111 
 0.57006 0.41483 0.42877 -0.18461 -0.18241 -0.00393 -0.00330 0.58465 0.57124 
 0.57106 0.41468 0.42864 -0.18465 -0.18241 -0.00392 -0.00329 0.58479 0.57136 
 0.57206 0.41453 0.42852 -0.18467 -0.18241 -0.00391 -0.00328 0.58494 0.57148 
 0.57306 0.41437 0.42839 -0.18470 -0.18241 -0.00390 -0.00327 0.58508 0.57161 
 0.57406 0.41422 0.42827 -0.18473 -0.18241 -0.00389 -0.00326 0.58523 0.57173 
 0.57506 0.41407 0.42815 -0.18475 -0.18241 -0.00389 -0.00325 0.58538 0.57185 
 0.57606 0.41392 0.42803 -0.18478 -0.18241 -0.00388 -0.00324 0.58553 0.57197 
 0.57706 0.41378 0.42790 -0.18480 -0.18241 -0.00388 -0.00323 0.58568 0.57210 
 0.57806 0.41362 0.42778 -0.18482 -0.18241 -0.00387 -0.00322 0.58582 0.57222 
 0.57906 0.41347 0.42766 -0.18485 -0.18241 -0.00387 -0.00321 0.58597 0.57234 
 0.58006 0.41332 0.42754 -0.18487 -0.18241 -0.00387 -0.00320 0.58611 0.57246 
 0.58106 0.41317 0.42742 -0.18489 -0.18241 -0.00387 -0.00319 0.58626 0.57258 
 0.58206 0.41302 0.42730 -0.18490 -0.18241 -0.00386 -0.00318 0.58641 0.57270 
 0.58306 0.41287 0.42718 -0.18492 -0.18241 -0.00386 -0.00317 0.58656 0.57282 
 0.58406 0.41272 0.42706 -0.18494 -0.18241 -0.00386 -0.00316 0.58671 0.57294 
 0.58506 0.41257 0.42694 -0.18495 -0.18241 -0.00386 -0.00315 0.58686 0.57306 
 0.58606 0.41242 0.42683 -0.18497 -0.18241 -0.00387 -0.00314 0.58700 0.57317 
 0.58706 0.41227 0.42671 -0.18499 -0.18241 -0.00387 -0.00313 0.58715 0.57329 
 0.58806 0.41212 0.42659 -0.18500 -0.18241 -0.00387 -0.00312 0.58729 0.57341 
 0.58906 0.41197 0.42647 -0.18501 -0.18241 -0.00388 -0.00310 0.58744 0.57353 
 0.59006 0.41181 0.42636 -0.18502 -0.18241 -0.00388 -0.00309 0.58759 0.57364 
 0.59106 0.41167 0.42624 -0.18503 -0.18241 -0.00388 -0.00308 0.58773 0.57376 
 0.59206 0.41152 0.42612 -0.18504 -0.18241 -0.00389 -0.00307 0.58788 0.57388 
 0.59306 0.41137 0.42601 -0.18505 -0.18241 -0.00389 -0.00306 0.58803 0.57399 
 0.59406 0.41122 0.42589 -0.18506 -0.18241 -0.00390 -0.00306 0.58818 0.57411 
 0.59506 0.41107 0.42578 -0.18506 -0.18241 -0.00391 -0.00305 0.58832 0.57422 
 0.59606 0.41091 0.42566 -0.18507 -0.18241 -0.00391 -0.00304 0.58847 0.57434 
 0.59706 0.41076 0.42555 -0.18507 -0.18241 -0.00392 -0.00303 0.58862 0.57445 
 0.59806 0.41061 0.42544 -0.18507 -0.18241 -0.00393 -0.00302 0.58877 0.57456 
 0.59906 0.41046 0.42532 -0.18508 -0.18241 -0.00393 -0.00301 0.58892 0.57468 
 0.60006 0.41031 0.42521 -0.18507 -0.18241 -0.00394 -0.00300 0.58907 0.57479 
 0.60106 0.41016 0.42510 -0.18507 -0.18241 -0.00394 -0.00299 0.58922 0.57490 
 0.60206 0.41001 0.42498 -0.18507 -0.18241 -0.00395 -0.00298 0.58937 0.57502 
 0.60306 0.40985 0.42487 -0.18507 -0.18241 -0.00396 -0.00297 0.58952 0.57513 
 0.60406 0.40970 0.42476 -0.18507 -0.18241 -0.00397 -0.00296 0.58967 0.57524 
 0.60506 0.40954 0.42465 -0.18506 -0.18241 -0.00397 -0.00295 0.58982 0.57535 
 0.60606 0.40939 0.42454 -0.18505 -0.18241 -0.00398 -0.00294 0.58997 0.57546 
 0.60706 0.40924 0.42443 -0.18505 -0.18241 -0.00398 -0.00293 0.59013 0.57557 
 0.60806 0.40909 0.42432 -0.18504 -0.18241 -0.00399 -0.00292 0.59028 0.57568 
 0.60906 0.40893 0.42421 -0.18503 -0.18241 -0.00399 -0.00291 0.59044 0.57579 
 0.61006 0.40878 0.42410 -0.18502 -0.18241 -0.00400 -0.00290 0.59059 0.57590 
 0.61106 0.40863 0.42399 -0.18501 -0.18241 -0.00400 -0.00289 0.59075 0.57601 
 0.61206 0.40847 0.42388 -0.18500 -0.18241 -0.00400 -0.00288 0.59090 0.57612 
 0.61306 0.40832 0.42377 -0.18498 -0.18241 -0.00401 -0.00287 0.59105 0.57623 
 0.61406 0.40816 0.42366 -0.18497 -0.18241 -0.00401 -0.00286 0.59121 0.57634 
 0.61506 0.40801 0.42356 -0.18496 -0.18241 -0.00401 -0.00285 0.59136 0.57644 
 0.61606 0.40786 0.42345 -0.18494 -0.18241 -0.00401 -0.00284 0.59152 0.57655 
 0.61706 0.40771 0.42334 -0.18493 -0.18241 -0.00401 -0.00284 0.59167 0.57666 
 0.61806 0.40755 0.42323 -0.18491 -0.18241 -0.00401 -0.00283 0.59183 0.57676 
 0.61906 0.40740 0.42313 -0.18490 -0.18241 -0.00401 -0.00282 0.59198 0.57687 
 0.62006 0.40724 0.42302 -0.18488 -0.18241 -0.00401 -0.00281 0.59214 0.57698 
 0.62106 0.40709 0.42292 -0.18487 -0.18241 -0.00401 -0.00280 0.59229 0.57708 
 0.62206 0.40693 0.42281 -0.18485 -0.18241 -0.00401 -0.00279 0.59245 0.57719 
 0.62306 0.40678 0.42271 -0.18483 -0.18241 -0.00400 -0.00278 0.59260 0.57729 
 0.62406 0.40663 0.42260 -0.18481 -0.18241 -0.00400 -0.00277 0.59276 0.57740 
 0.62506 0.40648 0.42250 -0.18480 -0.18241 -0.00399 -0.00276 0.59292 0.57750 
 0.62606 0.40632 0.42239 -0.18478 -0.18241 -0.00399 -0.00275 0.59307 0.57761 
 0.62706 0.40617 0.42229 -0.18476 -0.18241 -0.00398 -0.00275 0.59323 0.57771 
 0.62806 0.40602 0.42219 -0.18475 -0.18241 -0.00398 -0.00274 0.59338 0.57781 
 0.62906 0.40587 0.42208 -0.18473 -0.18241 -0.00397 -0.00273 0.59353 0.57792 
 0.63006 0.40572 0.42198 -0.18471 -0.18241 -0.00396 -0.00272 0.59369 0.57802 
 0.63106 0.40556 0.42188 -0.18469 -0.18241 -0.00395 -0.00271 0.59384 0.57812 
 0.63206 0.40541 0.42178 -0.18468 -0.18241 -0.00394 -0.00270 0.59400 0.57822 
 0.63306 0.40526 0.42168 -0.18466 -0.18241 -0.00393 -0.00269 0.59415 0.57832 
 0.63406 0.40511 0.42157 -0.18464 -0.18240 -0.00392 -0.00268 0.59431 0.57843 
 0.63506 0.40496 0.42147 -0.18462 -0.18240 -0.00391 -0.00268 0.59446 0.57853 
 0.63606 0.40481 0.42137 -0.18461 -0.18240 -0.00389 -0.00267 0.59461 0.57863 
 0.63706 0.40466 0.42127 -0.18459 -0.18240 -0.00388 -0.00266 0.59476 0.57873 
 0.63806 0.40451 0.42117 -0.18458 -0.18240 -0.00387 -0.00265 0.59492 0.57883 
 0.63906 0.40436 0.42107 -0.18456 -0.18240 -0.00385 -0.00264 0.59507 0.57893 
 0.64006 0.40422 0.42097 -0.18455 -0.18240 -0.00383 -0.00263 0.59522 0.57903 
 0.64106 0.40407 0.42087 -0.18453 -0.18240 -0.00382 -0.00262 0.59537 0.57913 
 0.64206 0.40392 0.42078 -0.18452 -0.18240 -0.00380 -0.00262 0.59551 0.57922 
 0.64306 0.40378 0.42068 -0.18450 -0.18240 -0.00378 -0.00261 0.59566 0.57932 
 0.64406 0.40363 0.42058 -0.18449 -0.18240 -0.00377 -0.00260 0.59581 0.57942 
 0.64506 0.40349 0.42048 -0.18447 -0.18240 -0.00375 -0.00259 0.59596 0.57952 
 0.64606 0.40334 0.42038 -0.18446 -0.18240 -0.00373 -0.00258 0.59610 0.57962 
 0.64706 0.40320 0.42029 -0.18445 -0.18240 -0.00371 -0.00257 0.59625 0.57971 
 0.64806 0.40306 0.42019 -0.18444 -0.18240 -0.00368 -0.00256 0.59639 0.57981 
 0.64906 0.40292 0.42009 -0.18442 -0.18240 -0.00366 -0.00256 0.59653 0.57991 
 0.65007 0.40278 0.42000 -0.18441 -0.18239 -0.00364 -0.00255 0.59668 0.58000 
 0.65107 0.40264 0.41990 -0.18440 -0.18239 -0.00362 -0.00254 0.59682 0.58010 
 0.65207 0.40250 0.41981 -0.18439 -0.18239 -0.00359 -0.00253 0.59696 0.58019 
 0.65307 0.40236 0.41971 -0.18438 -0.18239 -0.00357 -0.00252 0.59710 0.58029 
 0.65407 0.40223 0.41962 -0.18437 -0.18239 -0.00355 -0.00252 0.59724 0.58038 
 0.65507 0.40209 0.41952 -0.18437 -0.18239 -0.00352 -0.00251 0.59737 0.58048 
 0.65607 0.40195 0.41943 -0.18436 -0.18239 -0.00350 -0.00250 0.59751 0.58057 
 0.65707 0.40182 0.41933 -0.18435 -0.18239 -0.00347 -0.00249 0.59764 0.58067 
 0.65807 0.40168 0.41924 -0.18435 -0.18239 -0.00345 -0.00248 0.59778 0.58076 
 0.65907 0.40155 0.41915 -0.18434 -0.18239 -0.00342 -0.00248 0.59791 0.58085 
 0.66007 0.40142 0.41905 -0.18434 -0.18239 -0.00340 -0.00247 0.59804 0.58095 
 0.66107 0.40129 0.41896 -0.18433 -0.18239 -0.00337 -0.00246 0.59818 0.58104 
 0.66207 0.40116 0.41887 -0.18433 -0.18239 -0.00335 -0.00245 0.59831 0.58113 
 0.66307 0.40103 0.41878 -0.18433 -0.18238 -0.00332 -0.00244 0.59844 0.58122 
 0.66407 0.40090 0.41868 -0.18432 -0.18238 -0.00330 -0.00244 0.59856 0.58132 
 0.66507 0.40078 0.41859 -0.18432 -0.18238 -0.00327 -0.00243 0.59869 0.58141 
 0.66607 0.40065 0.41850 -0.18432 -0.18238 -0.00325 -0.00242 0.59882 0.58150 
 0.66707 0.40053 0.41841 -0.18432 -0.18238 -0.00322 -0.00241 0.59894 0.58159 
 0.66807 0.40040 0.41832 -0.18432 -0.18238 -0.00319 -0.00240 0.59907 0.58168 
 0.66907 0.40028 0.41823 -0.18432 -0.18238 -0.00317 -0.00240 0.59919 0.58177 
 0.67007 0.40016 0.41814 -0.18432 -0.18238 -0.00314 -0.00239 0.59931 0.58186 
 0.67107 0.40004 0.41805 -0.18432 -0.18238 -0.00312 -0.00238 0.59943 0.58195 
 0.67207 0.39992 0.41796 -0.18432 -0.18238 -0.00309 -0.00237 0.59955 0.58204 
 0.67307 0.39980 0.41787 -0.18432 -0.18238 -0.00307 -0.00237 0.59967 0.58213 
 0.67407 0.39968 0.41778 -0.18433 -0.18238 -0.00304 -0.00236 0.59979 0.58222 
 0.67507 0.39956 0.41769 -0.18433 -0.18238 -0.00302 -0.00235 0.59991 0.58231 
 0.67607 0.39945 0.41760 -0.18433 -0.18238 -0.00299 -0.00234 0.60002 0.58240 
 0.67707 0.39933 0.41752 -0.18434 -0.18237 -0.00297 -0.00234 0.60014 0.58248 
 0.67807 0.39922 0.41743 -0.18434 -0.18237 -0.00294 -0.00233 0.60025 0.58257 
 0.67907 0.39910 0.41734 -0.18435 -0.18237 -0.00292 -0.00232 0.60037 0.58266 
 0.68007 0.39899 0.41725 -0.18435 -0.18237 -0.00290 -0.00231 0.60048 0.58275 
 0.68107 0.39888 0.41717 -0.18436 -0.18237 -0.00288 -0.00231 0.60059 0.58283 
 0.68207 0.39877 0.41708 -0.18437 -0.18237 -0.00285 -0.00230 0.60070 0.58292 
 0.68307 0.39866 0.41699 -0.18437 -0.18237 -0.00283 -0.00229 0.60081 0.58301 
 0.68407 0.39855 0.41691 -0.18438 -0.18237 -0.00281 -0.00228 0.60092 0.58309 
 0.68507 0.39844 0.41682 -0.18439 -0.18237 -0.00279 -0.00228 0.60103 0.58318 
 0.68607 0.39833 0.41674 -0.18439 -0.18237 -0.00277 -0.00227 0.60114 0.58327 
 0.68707 0.39823 0.41665 -0.18440 -0.18236 -0.00275 -0.00226 0.60124 0.58335 
 0.68807 0.39812 0.41657 -0.18441 -0.18236 -0.00273 -0.00225 0.60135 0.58344 
 0.68907 0.39802 0.41648 -0.18442 -0.18236 -0.00272 -0.00225 0.60145 0.58352 
 0.69007 0.39791 0.41640 -0.18443 -0.18236 -0.00270 -0.00224 0.60156 0.58360 
 0.69107 0.39781 0.41631 -0.18444 -0.18236 -0.00268 -0.00223 0.60166 0.58369 
 0.69207 0.39770 0.41623 -0.18444 -0.18236 -0.00267 -0.00222 0.60176 0.58377 
 0.69307 0.39760 0.41614 -0.18445 -0.18236 -0.00265 -0.00222 0.60187 0.58386 
 0.69407 0.39750 0.41606 -0.18446 -0.18236 -0.00264 -0.00221 0.60197 0.58394 
 0.69507 0.39740 0.41598 -0.18447 -0.18236 -0.00262 -0.00220 0.60207 0.58402 
 0.69607 0.39730 0.41590 -0.18448 -0.18236 -0.00261 -0.00220 0.60217 0.58410 
 0.69707 0.39720 0.41581 -0.18449 -0.18236 -0.00260 -0.00219 0.60227 0.58419 
 0.69807 0.39710 0.41573 -0.18450 -0.18236 -0.00259 -0.00218 0.60237 0.58427 
 0.69907 0.39700 0.41565 -0.18451 -0.18235 -0.00257 -0.00217 0.60247 0.58435 
 0.70007 0.39690 0.41557 -0.18452 -0.18235 -0.00256 -0.00217 0.60257 0.58443 
 0.70107 0.39680 0.41548 -0.18453 -0.18235 -0.00255 -0.00216 0.60266 0.58452 
 0.70207 0.39671 0.41540 -0.18454 -0.18235 -0.00254 -0.00215 0.60276 0.58460 
 0.70307 0.39661 0.41532 -0.18455 -0.18235 -0.00254 -0.00215 0.60286 0.58468 
 0.70407 0.39651 0.41524 -0.18456 -0.18235 -0.00253 -0.00214 0.60296 0.58476 
 0.70507 0.39641 0.41516 -0.18457 -0.18235 -0.00252 -0.00213 0.60305 0.58484 
 0.70607 0.39632 0.41508 -0.18457 -0.18235 -0.00251 -0.00213 0.60315 0.58492 
 0.70707 0.39622 0.41500 -0.18458 -0.18235 -0.00251 -0.00212 0.60325 0.58500 
 0.70807 0.39612 0.41492 -0.18459 -0.18235 -0.00250 -0.00211 0.60334 0.58508 
 0.70907 0.39603 0.41484 -0.18460 -0.18235 -0.00250 -0.00211 0.60344 0.58516 
 0.71007 0.39593 0.41476 -0.18461 -0.18234 -0.00249 -0.00210 0.60353 0.58524 
 0.71107 0.39584 0.41468 -0.18461 -0.18234 -0.00249 -0.00209 0.60363 0.58532 
 0.71207 0.39574 0.41461 -0.18462 -0.18234 -0.00248 -0.00209 0.60372 0.58539 
 0.71307 0.39565 0.41453 -0.18463 -0.18234 -0.00248 -0.00208 0.60382 0.58547 
 0.71407 0.39555 0.41445 -0.18464 -0.18234 -0.00248 -0.00207 0.60391 0.58555 
 0.71507 0.39545 0.41437 -0.18464 -0.18234 -0.00248 -0.00207 0.60401 0.58563 
 0.71607 0.39536 0.41429 -0.18465 -0.18234 -0.00248 -0.00206 0.60410 0.58571 
 0.71707 0.39527 0.41421 -0.18465 -0.18234 -0.00248 -0.00205 0.60420 0.58579 
 0.71807 0.39517 0.41414 -0.18466 -0.18234 -0.00248 -0.00205 0.60430 0.58586 
 0.71907 0.39508 0.41406 -0.18466 -0.18234 -0.00248 -0.00204 0.60439 0.58594 
 0.72007 0.39498 0.41398 -0.18466 -0.18233 -0.00248 -0.00203 0.60449 0.58602 
 0.72107 0.39489 0.41391 -0.18467 -0.18233 -0.00248 -0.00203 0.60458 0.58609 
 0.72207 0.39479 0.41383 -0.18467 -0.18233 -0.00248 -0.00202 0.60468 0.58617 
 0.72307 0.39470 0.41376 -0.18467 -0.18233 -0.00249 -0.00201 0.60477 0.58624 
 0.72407 0.39460 0.41368 -0.18467 -0.18233 -0.00249 -0.00201 0.60487 0.58632 
 0.72507 0.39451 0.41360 -0.18467 -0.18233 -0.00249 -0.00200 0.60497 0.58640 
 0.72607 0.39441 0.41353 -0.18467 -0.18233 -0.00249 -0.00199 0.60506 0.58647 
 0.72707 0.39431 0.41345 -0.18467 -0.18233 -0.00250 -0.00199 0.60516 0.58655 
 0.72807 0.39422 0.41338 -0.18467 -0.18233 -0.00250 -0.00198 0.60526 0.58662 
 0.72907 0.39412 0.41330 -0.18467 -0.18233 -0.00250 -0.00197 0.60535 0.58669 
 0.73007 0.39403 0.41323 -0.18467 -0.18232 -0.00251 -0.00197 0.60545 0.58677 
 0.73107 0.39393 0.41316 -0.18466 -0.18232 -0.00251 -0.00196 0.60555 0.58684 
 0.73207 0.39384 0.41308 -0.18466 -0.18232 -0.00252 -0.00195 0.60565 0.58692 
 0.73307 0.39374 0.41301 -0.18466 -0.18232 -0.00252 -0.00195 0.60575 0.58699 
 0.73407 0.39364 0.41294 -0.18465 -0.18232 -0.00253 -0.00194 0.60584 0.58706 
 0.73507 0.39355 0.41286 -0.18465 -0.18232 -0.00253 -0.00194 0.60594 0.58714 
 0.73607 0.39345 0.41279 -0.18464 -0.18232 -0.00253 -0.00193 0.60604 0.58721 
 0.73707 0.39335 0.41272 -0.18463 -0.18232 -0.00254 -0.00192 0.60614 0.58728 
 0.73807 0.39326 0.41264 -0.18463 -0.18232 -0.00254 -0.00192 0.60624 0.58735 
 0.73907 0.39316 0.41257 -0.18462 -0.18232 -0.00255 -0.00191 0.60634 0.58743 
 0.74007 0.39306 0.41250 -0.18461 -0.18232 -0.00255 -0.00191 0.60644 0.58750 
 0.74107 0.39297 0.41243 -0.18460 -0.18232 -0.00256 -0.00190 0.60654 0.58757 
 0.74207 0.39287 0.41236 -0.18460 -0.18231 -0.00256 -0.00189 0.60664 0.58764 
 0.74307 0.39277 0.41229 -0.18459 -0.18231 -0.00257 -0.00189 0.60674 0.58771 
 0.74407 0.39267 0.41222 -0.18458 -0.18231 -0.00257 -0.00188 0.60684 0.58778 
 0.74507 0.39257 0.41214 -0.18457 -0.18231 -0.00257 -0.00187 0.60694 0.58786 
 0.74607 0.39248 0.41208 -0.18455 -0.18231 -0.00258 -0.00187 0.60704 0.58793 
 0.74707 0.39238 0.41201 -0.18454 -0.18231 -0.00258 -0.00186 0.60715 0.58800 
 0.74807 0.39228 0.41193 -0.18453 -0.18231 -0.00258 -0.00186 0.60725 0.58806 
 0.74907 0.39218 0.41186 -0.18452 -0.18231 -0.00259 -0.00185 0.60735 0.58813 
 0.75008 0.39208 0.41180 -0.18451 -0.18231 -0.00259 -0.00184 0.60745 0.58820 
 0.75108 0.39198 0.41173 -0.18449 -0.18230 -0.00259 -0.00184 0.60755 0.58827 
 0.75208 0.39188 0.41166 -0.18448 -0.18230 -0.00259 -0.00183 0.60765 0.58834 
 0.75308 0.39179 0.41159 -0.18447 -0.18230 -0.00259 -0.00183 0.60776 0.58841 
 0.75408 0.39169 0.41152 -0.18445 -0.18230 -0.00259 -0.00182 0.60786 0.58848 
 0.75508 0.39159 0.41145 -0.18444 -0.18230 -0.00260 -0.00181 0.60796 0.58855 
 0.75608 0.39149 0.41138 -0.18443 -0.18230 -0.00259 -0.00181 0.60806 0.58862 
 0.75708 0.39139 0.41131 -0.18441 -0.18230 -0.00259 -0.00180 0.60817 0.58869 
 0.75808 0.39129 0.41125 -0.18440 -0.18230 -0.00259 -0.00180 0.60827 0.58875 
 0.75908 0.39119 0.41118 -0.18438 -0.18230 -0.00259 -0.00179 0.60837 0.58882 
 0.76008 0.39109 0.41111 -0.18436 -0.18230 -0.00259 -0.00179 0.60847 0.58889 
 0.76108 0.39099 0.41104 -0.18435 -0.18230 -0.00259 -0.00178 0.60857 0.58896 
 0.76208 0.39090 0.41098 -0.18433 -0.18229 -0.00258 -0.00177 0.60868 0.58902 
 0.76308 0.39080 0.41091 -0.18432 -0.18229 -0.00258 -0.00177 0.60878 0.58909 
 0.76408 0.39070 0.41084 -0.18430 -0.18229 -0.00257 -0.00176 0.60888 0.58916 
 0.76508 0.39060 0.41078 -0.18429 -0.18229 -0.00257 -0.00176 0.60898 0.58922 
 0.76608 0.39050 0.41071 -0.18427 -0.18229 -0.00256 -0.00175 0.60908 0.58929 
 0.76708 0.39040 0.41065 -0.18425 -0.18229 -0.00256 -0.00175 0.60918 0.58935 
 0.76808 0.39031 0.41058 -0.18424 -0.18229 -0.00255 -0.00174 0.60929 0.58942 
 0.76908 0.39021 0.41052 -0.18422 -0.18229 -0.00254 -0.00173 0.60939 0.58949 
 0.77008 0.39011 0.41045 -0.18420 -0.18229 -0.00254 -0.00173 0.60949 0.58955 
 0.77108 0.39002 0.41038 -0.18419 -0.18229 -0.00253 -0.00172 0.60959 0.58962 
 0.77208 0.38992 0.41032 -0.18417 -0.18228 -0.00252 -0.00172 0.60969 0.58968 
 0.77308 0.38982 0.41025 -0.18416 -0.18228 -0.00251 -0.00171 0.60979 0.58974 
 0.77408 0.38973 0.41019 -0.18414 -0.18228 -0.00250 -0.00171 0.60989 0.58981 
 0.77508 0.38963 0.41013 -0.18412 -0.18228 -0.00249 -0.00170 0.60998 0.58987 
 0.77608 0.38954 0.41006 -0.18411 -0.18228 -0.00248 -0.00170 0.61008 0.58994 
 0.77708 0.38944 0.41000 -0.18409 -0.18228 -0.00247 -0.00169 0.61018 0.59000 
 0.77808 0.38935 0.40993 -0.18408 -0.18228 -0.00246 -0.00168 0.61028 0.59006 
 0.77908 0.38926 0.40987 -0.18406 -0.18228 -0.00245 -0.00168 0.61038 0.59013 
 0.78008 0.38917 0.40981 -0.18405 -0.18228 -0.00243 -0.00167 0.61047 0.59019 
 0.78108 0.38907 0.40975 -0.18403 -0.18228 -0.00242 -0.00167 0.61057 0.59025 
 0.78208 0.38898 0.40968 -0.18402 -0.18227 -0.00241 -0.00166 0.61066 0.59032 
 0.78308 0.38889 0.40962 -0.18400 -0.18227 -0.00240 -0.00166 0.61076 0.59038 
 0.78408 0.38880 0.40956 -0.18399 -0.18227 -0.00238 -0.00165 0.61085 0.59044 
 0.78508 0.38871 0.40950 -0.18397 -0.18227 -0.00237 -0.00165 0.61095 0.59050 
 0.78608 0.38862 0.40943 -0.18396 -0.18227 -0.00235 -0.00164 0.61104 0.59057 
 0.78708 0.38853 0.40937 -0.18395 -0.18227 -0.00234 -0.00164 0.61113 0.59063 
 0.78808 0.38844 0.40931 -0.18393 -0.18227 -0.00232 -0.00163 0.61123 0.59069 
 0.78908 0.38835 0.40925 -0.18392 -0.18227 -0.00231 -0.00163 0.61132 0.59075 
 0.79008 0.38826 0.40919 -0.18391 -0.18227 -0.00229 -0.00162 0.61141 0.59081 
 0.79108 0.38818 0.40913 -0.18390 -0.18227 -0.00228 -0.00162 0.61150 0.59087 
 0.79208 0.38809 0.40907 -0.18388 -0.18227 -0.00226 -0.00161 0.61159 0.59093 
 0.79308 0.38801 0.40901 -0.18387 -0.18226 -0.00224 -0.00161 0.61168 0.59100 
 0.79408 0.38792 0.40895 -0.18386 -0.18226 -0.00223 -0.00160 0.61176 0.59105 
 0.79508 0.38784 0.40888 -0.18385 -0.18226 -0.00221 -0.00159 0.61185 0.59111 
 0.79608 0.38775 0.40882 -0.18384 -0.18226 -0.00219 -0.00159 0.61194 0.59118 
 0.79708 0.38767 0.40876 -0.18383 -0.18226 -0.00218 -0.00158 0.61202 0.59123 
 0.79808 0.38759 0.40870 -0.18382 -0.18226 -0.00216 -0.00158 0.61211 0.59130 
 0.79908 0.38750 0.40865 -0.18381 -0.18226 -0.00214 -0.00157 0.61219 0.59135 
 0.80008 0.38742 0.40859 -0.18381 -0.18226 -0.00213 -0.00157 0.61228 0.59141 
 0.80108 0.38734 0.40853 -0.18380 -0.18226 -0.00211 -0.00156 0.61236 0.59147 
 0.80208 0.38726 0.40847 -0.18379 -0.18226 -0.00209 -0.00156 0.61244 0.59153 
 0.80308 0.38718 0.40841 -0.18378 -0.18225 -0.00208 -0.00155 0.61252 0.59159 
 0.80408 0.38710 0.40835 -0.18377 -0.18225 -0.00206 -0.00155 0.61260 0.59165 
 0.80508 0.38703 0.40829 -0.18377 -0.18225 -0.00204 -0.00154 0.61268 0.59171 
 0.80608 0.38695 0.40824 -0.18376 -0.18225 -0.00203 -0.00154 0.61276 0.59176 
 0.80708 0.38687 0.40818 -0.18376 -0.18225 -0.00201 -0.00153 0.61284 0.59182 
 0.80808 0.38679 0.40812 -0.18375 -0.18225 -0.00199 -0.00153 0.61292 0.59188 
 0.80908 0.38672 0.40806 -0.18374 -0.18225 -0.00198 -0.00152 0.61300 0.59194 
 0.81008 0.38664 0.40801 -0.18374 -0.18225 -0.00196 -0.00152 0.61307 0.59200 
 0.81108 0.38657 0.40795 -0.18374 -0.18225 -0.00195 -0.00151 0.61315 0.59205 
 0.81208 0.38649 0.40789 -0.18373 -0.18225 -0.00193 -0.00151 0.61323 0.59211 
 0.81308 0.38642 0.40783 -0.18373 -0.18224 -0.00192 -0.00150 0.61330 0.59217 
 0.81408 0.38635 0.40778 -0.18372 -0.18224 -0.00190 -0.00150 0.61337 0.59222 
 0.81508 0.38628 0.40772 -0.18372 -0.18224 -0.00189 -0.00150 0.61345 0.59228 
 0.81608 0.38620 0.40766 -0.18372 -0.18224 -0.00187 -0.00149 0.61352 0.59233 
 0.81708 0.38613 0.40761 -0.18372 -0.18224 -0.00186 -0.00149 0.61359 0.59239 
 0.81808 0.38606 0.40755 -0.18371 -0.18224 -0.00185 -0.00148 0.61366 0.59245 
 0.81908 0.38599 0.40750 -0.18371 -0.18224 -0.00183 -0.00148 0.61374 0.59250 
 0.82008 0.38592 0.40744 -0.18371 -0.18224 -0.00182 -0.00147 0.61381 0.59256 
 0.82108 0.38585 0.40739 -0.18371 -0.18224 -0.00181 -0.00147 0.61388 0.59261 
 0.82208 0.38579 0.40733 -0.18371 -0.18224 -0.00180 -0.00146 0.61395 0.59267 
 0.82308 0.38572 0.40728 -0.18371 -0.18224 -0.00179 -0.00146 0.61402 0.59272 
 0.82408 0.38565 0.40722 -0.18370 -0.18224 -0.00178 -0.00145 0.61408 0.59278 
 0.82508 0.38558 0.40717 -0.18370 -0.18223 -0.00177 -0.00145 0.61415 0.59283 
 0.82608 0.38552 0.40711 -0.18370 -0.18223 -0.00176 -0.00144 0.61422 0.59289 
 0.82708 0.38545 0.40706 -0.18370 -0.18223 -0.00175 -0.00144 0.61429 0.59294 
 0.82808 0.38538 0.40700 -0.18370 -0.18223 -0.00174 -0.00143 0.61436 0.59300 
 0.82908 0.38532 0.40695 -0.18370 -0.18223 -0.00173 -0.00143 0.61442 0.59305 
 0.83008 0.38525 0.40690 -0.18370 -0.18223 -0.00172 -0.00142 0.61449 0.59310 
 0.83108 0.38519 0.40684 -0.18370 -0.18223 -0.00171 -0.00142 0.61456 0.59316 
 0.83208 0.38512 0.40679 -0.18370 -0.18223 -0.00170 -0.00142 0.61462 0.59321 
 0.83308 0.38506 0.40674 -0.18370 -0.18223 -0.00170 -0.00141 0.61469 0.59326 
 0.83408 0.38499 0.40668 -0.18370 -0.18223 -0.00169 -0.00141 0.61475 0.59332 
 0.83508 0.38493 0.40663 -0.18370 -0.18222 -0.00168 -0.00140 0.61482 0.59337 
 0.83608 0.38486 0.40658 -0.18370 -0.18222 -0.00168 -0.00140 0.61488 0.59342 
 0.83708 0.38480 0.40653 -0.18370 -0.18222 -0.00167 -0.00139 0.61495 0.59347 
 0.83808 0.38474 0.40647 -0.18370 -0.18222 -0.00167 -0.00139 0.61501 0.59353 
 0.83908 0.38467 0.40642 -0.18370 -0.18222 -0.00167 -0.00138 0.61508 0.59358 
 0.84008 0.38461 0.40637 -0.18370 -0.18222 -0.00166 -0.00138 0.61514 0.59363 
 0.84108 0.38455 0.40632 -0.18370 -0.18222 -0.00166 -0.00137 0.61521 0.59368 
 0.84208 0.38449 0.40626 -0.18370 -0.18222 -0.00166 -0.00137 0.61527 0.59374 
 0.84308 0.38442 0.40621 -0.18370 -0.18222 -0.00165 -0.00137 0.61534 0.59379 
 0.84408 0.38436 0.40616 -0.18369 -0.18222 -0.00165 -0.00136 0.61540 0.59384 
 0.84508 0.38430 0.40611 -0.18369 -0.18222 -0.00165 -0.00136 0.61546 0.59389 
 0.84608 0.38423 0.40606 -0.18369 -0.18221 -0.00165 -0.00135 0.61553 0.59394 
 0.84708 0.38417 0.40601 -0.18369 -0.18221 -0.00165 -0.00135 0.61559 0.59399 
 0.84808 0.38411 0.40596 -0.18369 -0.18221 -0.00165 -0.00134 0.61566 0.59404 
 0.84908 0.38405 0.40591 -0.18369 -0.18221 -0.00165 -0.00134 0.61572 0.59409 
 0.85009 0.38398 0.40586 -0.18368 -0.18221 -0.00165 -0.00134 0.61579 0.59414 
 0.85109 0.38392 0.40581 -0.18368 -0.18221 -0.00165 -0.00133 0.61585 0.59419 
 0.85209 0.38386 0.40576 -0.18368 -0.18221 -0.00165 -0.00133 0.61592 0.59424 
 0.85309 0.38380 0.40571 -0.18368 -0.18221 -0.00165 -0.00132 0.61598 0.59429 
 0.85409 0.38373 0.40566 -0.18367 -0.18221 -0.00166 -0.00132 0.61605 0.59434 
 0.85509 0.38367 0.40561 -0.18367 -0.18221 -0.00166 -0.00131 0.61611 0.59439 
 0.85609 0.38361 0.40556 -0.18367 -0.18221 -0.00166 -0.00131 0.61618 0.59444 
 0.85709 0.38354 0.40551 -0.18366 -0.18221 -0.00166 -0.00131 0.61624 0.59449 
 0.85809 0.38348 0.40546 -0.18366 -0.18220 -0.00167 -0.00130 0.61631 0.59454 
 0.85909 0.38342 0.40541 -0.18365 -0.18220 -0.00167 -0.00130 0.61637 0.59459 
 0.86009 0.38336 0.40536 -0.18365 -0.18220 -0.00167 -0.00129 0.61644 0.59464 
 0.86109 0.38329 0.40531 -0.18364 -0.18220 -0.00168 -0.00129 0.61650 0.59469 
 0.86209 0.38323 0.40526 -0.18364 -0.18220 -0.00168 -0.00128 0.61657 0.59474 
 0.86309 0.38317 0.40522 -0.18363 -0.18220 -0.00168 -0.00128 0.61664 0.59478 
 0.86409 0.38310 0.40517 -0.18363 -0.18220 -0.00169 -0.00128 0.61670 0.59483 
 0.86509 0.38304 0.40512 -0.18362 -0.18220 -0.00169 -0.00127 0.61677 0.59488 
 0.86609 0.38297 0.40507 -0.18362 -0.18220 -0.00170 -0.00127 0.61684 0.59493 
 0.86709 0.38291 0.40503 -0.18361 -0.18220 -0.00170 -0.00126 0.61690 0.59498 
 0.86809 0.38285 0.40498 -0.18360 -0.18220 -0.00170 -0.00126 0.61697 0.59502 
 0.86909 0.38278 0.40493 -0.18360 -0.18219 -0.00171 -0.00126 0.61704 0.59507 
 0.87009 0.38272 0.40488 -0.18359 -0.18219 -0.00171 -0.00125 0.61710 0.59512 
 0.87109 0.38265 0.40484 -0.18358 -0.18219 -0.00172 -0.00125 0.61717 0.59517 
 0.87209 0.38259 0.40479 -0.18357 -0.18219 -0.00172 -0.00124 0.61724 0.59521 
 0.87309 0.38252 0.40474 -0.18356 -0.18219 -0.00172 -0.00124 0.61731 0.59526 
 0.87409 0.38246 0.40470 -0.18355 -0.18219 -0.00173 -0.00124 0.61737 0.59530 
 0.87509 0.38239 0.40465 -0.18355 -0.18219 -0.00173 -0.00123 0.61744 0.59535 
 0.87609 0.38233 0.40460 -0.18354 -0.18219 -0.00173 -0.00123 0.61751 0.59540 
 0.87709 0.38226 0.40456 -0.18353 -0.18219 -0.00174 -0.00122 0.61758 0.59544 
 0.87809 0.38220 0.40451 -0.18352 -0.18219 -0.00174 -0.00122 0.61765 0.59549 
 0.87909 0.38213 0.40446 -0.18351 -0.18219 -0.00174 -0.00122 0.61772 0.59554 
 0.88009 0.38207 0.40442 -0.18350 -0.18219 -0.00175 -0.00121 0.61778 0.59558 
 0.88109 0.38200 0.40437 -0.18349 -0.18219 -0.00175 -0.00121 0.61785 0.59563 
 0.88209 0.38193 0.40433 -0.18348 -0.18218 -0.00175 -0.00120 0.61792 0.59567 
 0.88309 0.38187 0.40428 -0.18346 -0.18218 -0.00175 -0.00120 0.61799 0.59572 
 0.88409 0.38180 0.40424 -0.18345 -0.18218 -0.00175 -0.00120 0.61806 0.59576 
 0.88509 0.38174 0.40419 -0.18344 -0.18218 -0.00175 -0.00119 0.61813 0.59581 
 0.88609 0.38167 0.40415 -0.18343 -0.18218 -0.00176 -0.00119 0.61820 0.59585 
 0.88709 0.38161 0.40410 -0.18342 -0.18218 -0.00176 -0.00119 0.61827 0.59590 
 0.88809 0.38154 0.40406 -0.18341 -0.18218 -0.00176 -0.00118 0.61834 0.59594 
 0.88909 0.38147 0.40401 -0.18339 -0.18218 -0.00176 -0.00118 0.61841 0.59599 
 0.89009 0.38141 0.40397 -0.18338 -0.18218 -0.00176 -0.00117 0.61848 0.59603 
 0.89109 0.38134 0.40392 -0.18337 -0.18218 -0.00175 -0.00117 0.61854 0.59608 
 0.89209 0.38128 0.40388 -0.18336 -0.18218 -0.00175 -0.00117 0.61861 0.59612 
 0.89309 0.38121 0.40384 -0.18334 -0.18218 -0.00175 -0.00116 0.61868 0.59616 
 0.89409 0.38115 0.40379 -0.18333 -0.18217 -0.00175 -0.00116 0.61875 0.59621 
 0.89509 0.38108 0.40375 -0.18332 -0.18217 -0.00175 -0.00115 0.61882 0.59625 
 0.89609 0.38102 0.40371 -0.18330 -0.18217 -0.00174 -0.00115 0.61889 0.59629 
 0.89709 0.38095 0.40366 -0.18329 -0.18217 -0.00174 -0.00115 0.61896 0.59634 
 0.89809 0.38089 0.40362 -0.18328 -0.18217 -0.00174 -0.00114 0.61903 0.59638 
 0.89909 0.38082 0.40358 -0.18327 -0.18217 -0.00173 -0.00114 0.61910 0.59642 
 0.90009 0.38076 0.40353 -0.18325 -0.18217 -0.00173 -0.00114 0.61916 0.59647 
 0.90109 0.38069 0.40349 -0.18324 -0.18217 -0.00172 -0.00113 0.61923 0.59651 
 0.90209 0.38063 0.40345 -0.18323 -0.18217 -0.00172 -0.00113 0.61930 0.59655 
 0.90309 0.38056 0.40341 -0.18321 -0.18217 -0.00171 -0.00113 0.61937 0.59659 
 0.90409 0.38050 0.40336 -0.18320 -0.18217 -0.00171 -0.00112 0.61943 0.59664 
 0.90509 0.38044 0.40332 -0.18319 -0.18217 -0.00170 -0.00112 0.61950 0.59668 
 0.90609 0.38037 0.40328 -0.18317 -0.18216 -0.00169 -0.00111 0.61957 0.59672 
 0.90709 0.38031 0.40324 -0.18316 -0.18216 -0.00169 -0.00111 0.61964 0.59676 
 0.90809 0.38025 0.40320 -0.18315 -0.18216 -0.00168 -0.00111 0.61970 0.59680 
 0.90909 0.38019 0.40315 -0.18313 -0.18216 -0.00167 -0.00110 0.61977 0.59685 
 0.91009 0.38013 0.40311 -0.18312 -0.18216 -0.00166 -0.00110 0.61983 0.59689 
 0.91109 0.38006 0.40307 -0.18311 -0.18216 -0.00165 -0.00110 0.61990 0.59693 
 0.91209 0.38000 0.40303 -0.18309 -0.18216 -0.00164 -0.00109 0.61996 0.59697 
 0.91309 0.37994 0.40299 -0.18308 -0.18216 -0.00163 -0.00109 0.62003 0.59701 
 0.91409 0.37988 0.40295 -0.18307 -0.18216 -0.00162 -0.00109 0.62009 0.59705 
 0.91509 0.37982 0.40291 -0.18306 -0.18216 -0.00161 -0.00108 0.62016 0.59709 
 0.91609 0.37976 0.40287 -0.18305 -0.18216 -0.00160 -0.00108 0.62022 0.59713 
 0.91709 0.37970 0.40283 -0.18303 -0.18216 -0.00159 -0.00108 0.62028 0.59717 
 0.91809 0.37964 0.40279 -0.18302 -0.18216 -0.00158 -0.00107 0.62034 0.59722 
 0.91909 0.37959 0.40275 -0.18301 -0.18216 -0.00157 -0.00107 0.62041 0.59725 
 0.92009 0.37953 0.40270 -0.18300 -0.18215 -0.00156 -0.00107 0.62047 0.59730 
 0.92109 0.37947 0.40266 -0.18299 -0.18215 -0.00155 -0.00106 0.62053 0.59733 
 0.92209 0.37941 0.40263 -0.18298 -0.18215 -0.00153 -0.00106 0.62059 0.59737 
 0.92309 0.37936 0.40259 -0.18296 -0.18215 -0.00152 -0.00106 0.62065 0.59742 
 0.92409 0.37930 0.40254 -0.18295 -0.18215 -0.00151 -0.00105 0.62071 0.59745 
 0.92509 0.37925 0.40251 -0.18294 -0.18215 -0.00150 -0.00105 0.62077 0.59749 
 0.92609 0.37919 0.40247 -0.18293 -0.18215 -0.00148 -0.00104 0.62083 0.59753 
 0.92709 0.37914 0.40243 -0.18292 -0.18215 -0.00147 -0.00104 0.62088 0.59757 
 0.92809 0.37908 0.40239 -0.18291 -0.18215 -0.00146 -0.00104 0.62094 0.59761 
 0.92909 0.37903 0.40235 -0.18290 -0.18215 -0.00144 -0.00103 0.62100 0.59765 
 0.93009 0.37898 0.40231 -0.18289 -0.18215 -0.00143 -0.00103 0.62105 0.59769 
 0.93109 0.37893 0.40227 -0.18288 -0.18215 -0.00142 -0.00103 0.62111 0.59773 
 0.93209 0.37887 0.40223 -0.18288 -0.18215 -0.00140 -0.00102 0.62117 0.59777 
 0.93309 0.37882 0.40219 -0.18287 -0.18215 -0.00139 -0.00102 0.62122 0.59781 
 0.93409 0.37877 0.40215 -0.18286 -0.18214 -0.00138 -0.00102 0.62127 0.59784 
 0.93509 0.37872 0.40212 -0.18285 -0.18214 -0.00136 -0.00101 0.62133 0.59788 
 0.93609 0.37867 0.40208 -0.18284 -0.18214 -0.00135 -0.00101 0.62138 0.59792 
 0.93709 0.37862 0.40204 -0.18284 -0.18214 -0.00134 -0.00101 0.62143 0.59796 
 0.93809 0.37857 0.40200 -0.18283 -0.18214 -0.00132 -0.00101 0.62149 0.59800 
 0.93909 0.37853 0.40197 -0.18282 -0.18214 -0.00131 -0.00100 0.62154 0.59803 
 0.94009 0.37848 0.40193 -0.18281 -0.18214 -0.00130 -0.00100 0.62159 0.59807 
 0.94109 0.37843 0.40189 -0.18281 -0.18214 -0.00129 -0.00100 0.62164 0.59811 
 0.94209 0.37838 0.40185 -0.18280 -0.18214 -0.00127 -0.00099 0.62169 0.59815 
 0.94309 0.37834 0.40181 -0.18280 -0.18214 -0.00126 -0.00099 0.62174 0.59818 
 0.94409 0.37829 0.40178 -0.18279 -0.18214 -0.00125 -0.00099 0.62179 0.59822 
 0.94509 0.37824 0.40174 -0.18278 -0.18214 -0.00124 -0.00098 0.62184 0.59826 
 0.94609 0.37820 0.40170 -0.18278 -0.18213 -0.00123 -0.00098 0.62189 0.59830 
 0.94709 0.37815 0.40167 -0.18277 -0.18213 -0.00122 -0.00098 0.62194 0.59833 
 0.94809 0.37811 0.40163 -0.18277 -0.18213 -0.00121 -0.00097 0.62199 0.59837 
 0.94909 0.37807 0.40159 -0.18276 -0.18213 -0.00119 -0.00097 0.62203 0.59841 
 0.95010 0.37802 0.40156 -0.18276 -0.18213 -0.00118 -0.00097 0.62208 0.59844 
 0.95110 0.37798 0.40152 -0.18275 -0.18213 -0.00117 -0.00096 0.62213 0.59848 
 0.95210 0.37794 0.40148 -0.18275 -0.18213 -0.00117 -0.00096 0.62217 0.59852 
 0.95310 0.37789 0.40145 -0.18275 -0.18213 -0.00116 -0.00096 0.62222 0.59855 
 0.95410 0.37785 0.40141 -0.18274 -0.18213 -0.00115 -0.00095 0.62226 0.59859 
 0.95510 0.37781 0.40138 -0.18274 -0.18213 -0.00114 -0.00095 0.62231 0.59862 
 0.95610 0.37777 0.40134 -0.18273 -0.18213 -0.00113 -0.00095 0.62235 0.59866 
 0.95710 0.37773 0.40131 -0.18273 -0.18213 -0.00112 -0.00095 0.62240 0.59869 
 0.95810 0.37768 0.40127 -0.18273 -0.18213 -0.00112 -0.00094 0.62244 0.59873 
 0.95910 0.37764 0.40123 -0.18272 -0.18213 -0.00111 -0.00094 0.62249 0.59877 
 0.96010 0.37760 0.40120 -0.18272 -0.18213 -0.00110 -0.00094 0.62253 0.59880 
 0.96110 0.37756 0.40116 -0.18272 -0.18213 -0.00110 -0.00093 0.62257 0.59884 
 0.96210 0.37752 0.40113 -0.18272 -0.18212 -0.00109 -0.00093 0.62262 0.59887 
 0.96310 0.37748 0.40109 -0.18271 -0.18212 -0.00109 -0.00093 0.62266 0.59891 
 0.96410 0.37744 0.40106 -0.18271 -0.18212 -0.00108 -0.00092 0.62270 0.59894 
 0.96510 0.37740 0.40102 -0.18271 -0.18212 -0.00108 -0.00092 0.62274 0.59898 
 0.96610 0.37736 0.40099 -0.18271 -0.18212 -0.00107 -0.00092 0.62279 0.59901 
 0.96710 0.37732 0.40096 -0.18270 -0.18212 -0.00107 -0.00092 0.62283 0.59905 
 0.96810 0.37728 0.40092 -0.18270 -0.18212 -0.00107 -0.00091 0.62287 0.59908 
 0.96910 0.37724 0.40089 -0.18270 -0.18212 -0.00106 -0.00091 0.62291 0.59911 
 0.97010 0.37720 0.40085 -0.18270 -0.18212 -0.00106 -0.00091 0.62296 0.59915 
 0.97110 0.37717 0.40082 -0.18270 -0.18212 -0.00106 -0.00090 0.62300 0.59918 
 0.97210 0.37713 0.40078 -0.18269 -0.18212 -0.00106 -0.00090 0.62304 0.59922 
 0.97310 0.37709 0.40075 -0.18269 -0.18212 -0.00105 -0.00090 0.62308 0.59925 
 0.97410 0.37705 0.40072 -0.18269 -0.18212 -0.00105 -0.00089 0.62313 0.59928 
 0.97510 0.37701 0.40068 -0.18269 -0.18212 -0.00105 -0.00089 0.62317 0.59932 
 0.97610 0.37697 0.40065 -0.18268 -0.18211 -0.00105 -0.00089 0.62321 0.59935 
 0.97710 0.37693 0.40061 -0.18268 -0.18211 -0.00105 -0.00089 0.62325 0.59938 
 0.97810 0.37689 0.40058 -0.18268 -0.18211 -0.00105 -0.00088 0.62329 0.59942 
 0.97910 0.37685 0.40055 -0.18268 -0.18211 -0.00105 -0.00088 0.62334 0.59945 
 0.98010 0.37681 0.40052 -0.18268 -0.18211 -0.00106 -0.00088 0.62338 0.59948 
 0.98110 0.37677 0.40048 -0.18267 -0.18211 -0.00106 -0.00087 0.62342 0.59952 
 0.98210 0.37673 0.40045 -0.18267 -0.18211 -0.00106 -0.00087 0.62346 0.59955 
 0.98310 0.37669 0.40042 -0.18267 -0.18211 -0.00106 -0.00087 0.62351 0.59958 
 0.98410 0.37665 0.40038 -0.18267 -0.18211 -0.00106 -0.00087 0.62355 0.59962 
 0.98510 0.37661 0.40035 -0.18266 -0.18211 -0.00107 -0.00086 0.62359 0.59965 
 0.98610 0.37657 0.40032 -0.18266 -0.18211 -0.00107 -0.00086 0.62363 0.59968 
 0.98710 0.37653 0.40029 -0.18266 -0.18211 -0.00107 -0.00086 0.62368 0.59971 
 0.98810 0.37649 0.40025 -0.18266 -0.18211 -0.00108 -0.00086 0.62372 0.59975 
 0.98910 0.37645 0.40022 -0.18265 -0.18211 -0.00108 -0.00085 0.62376 0.59978 
 0.99010 0.37641 0.40019 -0.18265 -0.18211 -0.00108 -0.00085 0.62381 0.59981 
 0.99110 0.37637 0.40016 -0.18265 -0.18210 -0.00109 -0.00085 0.62385 0.59984 
 0.99210 0.37633 0.40013 -0.18264 -0.18210 -0.00109 -0.00084 0.62389 0.59987 
 0.99310 0.37629 0.40009 -0.18264 -0.18210 -0.00110 -0.00084 0.62394 0.59991 
 0.99410 0.37625 0.40006 -0.18264 -0.18210 -0.00110 -0.00084 0.62398 0.59994 
 0.99510 0.37621 0.40003 -0.18263 -0.18210 -0.00110 -0.00084 0.62403 0.59997 
 0.99610 0.37617 0.40000 -0.18263 -0.18210 -0.00111 -0.00083 0.62407 0.60000 
 0.99710 0.37612 0.39997 -0.18263 -0.18210 -0.00111 -0.00083 0.62411 0.60003 
 0.99810 0.37608 0.39994 -0.18262 -0.18210 -0.00112 -0.00083 0.62416 0.60006 
 0.99910 0.37604 0.39991 -0.18262 -0.18210 -0.00112 -0.00083 0.62420 0.60009 
