0 0.0 2.0 50.0
1 0.0 2.0 75.0
2 0.0 2.0 100.0
3 0.0 2.0 125.0
4 0.0 2.0 150.0
5 0.0 2.0 175.0
6 0.0 2.0 200.0
7 0.0 2.0 225.0
8 0.0 2.0 250.0
9 0.0 2.0 300.0
10 0.0 2.0 350.0
11 0.0 2.0 400.0
12 0.0 10.0 50.0
13 0.0 10.0 75.0
14 0.0 10.0 100.0
15 0.0 10.0 125.0
16 0.0 10.0 150.0
17 0.0 10.0 175.0
18 0.0 10.0 200.0
19 0.0 10.0 225.0
20 0.0 10.0 250.0
21 0.0 10.0 300.0
22 0.0 10.0 350.0
23 0.0 10.0 400.0
24 0.0 20.0 50.0
25 0.0 20.0 75.0
26 0.0 20.0 100.0
27 0.0 20.0 125.0
28 0.0 20.0 150.0
29 0.0 20.0 175.0
30 0.0 20.0 200.0
31 0.0 20.0 225.0
32 0.0 20.0 250.0
33 0.0 20.0 300.0
34 0.0 20.0 350.0
35 0.0 20.0 400.0
36 0.0 30.0 50.0
37 0.0 30.0 75.0
38 0.0 30.0 100.0
39 0.0 30.0 125.0
40 0.0 30.0 150.0
41 0.0 30.0 175.0
42 0.0 30.0 200.0
43 0.0 30.0 225.0
44 0.0 30.0 250.0
45 0.0 30.0 300.0
46 0.0 30.0 350.0
47 0.0 30.0 400.0
48 0.0 40.0 50.0
49 0.0 40.0 75.0
50 0.0 40.0 100.0
51 0.0 40.0 125.0
52 0.0 40.0 150.0
53 0.0 40.0 175.0
54 0.0 40.0 200.0
55 0.0 40.0 225.0
56 0.0 40.0 250.0
57 0.0 40.0 300.0
58 0.0 40.0 350.0
59 0.0 40.0 400.0
60 0.0 50.0 50.0
61 0.0 50.0 75.0
62 0.0 50.0 100.0
63 0.0 50.0 125.0
64 0.0 50.0 150.0
65 0.0 50.0 175.0
66 0.0 50.0 200.0
67 0.0 50.0 225.0
68 0.0 50.0 250.0
69 0.0 50.0 300.0
70 0.0 50.0 350.0
71 0.0 50.0 400.0
72 0.0 60.0 50.0
73 0.0 60.0 75.0
74 0.0 60.0 100.0
75 0.0 60.0 125.0
76 0.0 60.0 150.0
77 0.0 60.0 175.0
78 0.0 60.0 200.0
79 0.0 60.0 225.0
80 0.0 60.0 250.0
81 0.0 60.0 300.0
82 0.0 60.0 350.0
83 0.0 60.0 400.0
84 0.0 70.0 50.0
85 0.0 70.0 75.0
86 0.0 70.0 100.0
87 0.0 70.0 125.0
88 0.0 70.0 150.0
89 0.0 70.0 175.0
90 0.0 70.0 200.0
91 0.0 70.0 225.0
92 0.0 70.0 250.0
93 0.0 70.0 300.0
94 0.0 70.0 350.0
95 0.0 70.0 400.0
96 0.0 80.0 50.0
97 0.0 80.0 75.0
98 0.0 80.0 100.0
99 0.0 80.0 125.0
100 0.0 80.0 150.0
101 0.0 80.0 175.0
102 0.0 80.0 200.0
103 0.0 80.0 225.0
104 0.0 80.0 250.0
105 0.0 80.0 300.0
106 0.0 80.0 350.0
107 0.0 80.0 400.0
108 0.0 100.0 50.0
109 0.0 100.0 75.0
110 0.0 100.0 100.0
111 0.0 100.0 125.0
112 0.0 100.0 150.0
113 0.0 100.0 175.0
114 0.0 100.0 200.0
115 0.0 100.0 225.0
116 0.0 100.0 250.0
117 0.0 100.0 300.0
118 0.0 100.0 350.0
119 0.0 100.0 400.0
120 0.0 150.0 50.0
121 0.0 150.0 75.0
122 0.0 150.0 100.0
123 0.0 150.0 125.0
124 0.0 150.0 150.0
125 0.0 150.0 175.0
126 0.0 150.0 200.0
127 0.0 150.0 225.0
128 0.0 150.0 250.0
129 0.0 150.0 300.0
130 0.0 150.0 350.0
131 0.0 150.0 400.0
132 0.0 200.0 50.0
133 0.0 200.0 75.0
134 0.0 200.0 100.0
135 0.0 200.0 125.0
136 0.0 200.0 150.0
137 0.0 200.0 175.0
138 0.0 200.0 200.0
139 0.0 200.0 225.0
140 0.0 200.0 250.0
141 0.0 200.0 300.0
142 0.0 200.0 350.0
143 0.0 200.0 400.0
144 0.0 250.0 50.0
145 0.0 250.0 75.0
146 0.0 250.0 100.0
147 0.0 250.0 125.0
148 0.0 250.0 150.0
149 0.0 250.0 175.0
150 0.0 250.0 200.0
151 0.0 250.0 225.0
152 0.0 250.0 250.0
153 0.0 250.0 300.0
154 0.0 250.0 350.0
155 0.0 250.0 400.0
156 0.0 300.0 50.0
157 0.0 300.0 75.0
158 0.0 300.0 100.0
159 0.0 300.0 125.0
160 0.0 300.0 150.0
161 0.0 300.0 175.0
162 0.0 300.0 200.0
163 0.0 300.0 225.0
164 0.0 300.0 250.0
165 0.0 300.0 300.0
166 0.0 300.0 350.0
167 0.0 300.0 400.0
168 0.0 350.0 50.0
169 0.0 350.0 75.0
170 0.0 350.0 100.0
171 0.0 350.0 125.0
172 0.0 350.0 150.0
173 0.0 350.0 175.0
174 0.0 350.0 200.0
175 0.0 350.0 225.0
176 0.0 350.0 250.0
177 0.0 350.0 300.0
178 0.0 350.0 350.0
179 0.0 350.0 400.0
180 0.0 400.0 50.0
181 0.0 400.0 75.0
182 0.0 400.0 100.0
183 0.0 400.0 125.0
184 0.0 400.0 150.0
185 0.0 400.0 175.0
186 0.0 400.0 200.0
187 0.0 400.0 225.0
188 0.0 400.0 250.0
189 0.0 400.0 300.0
190 0.0 400.0 350.0
191 0.0 400.0 400.0
192 0.0 450.0 50.0
193 0.0 450.0 75.0
194 0.0 450.0 100.0
195 0.0 450.0 125.0
196 0.0 450.0 150.0
197 0.0 450.0 175.0
198 0.0 450.0 200.0
199 0.0 450.0 225.0
200 0.0 450.0 250.0
201 0.0 450.0 300.0
202 0.0 450.0 350.0
203 0.0 450.0 400.0
204 0.0 500.0 50.0
205 0.0 500.0 75.0
206 0.0 500.0 100.0
207 0.0 500.0 125.0
208 0.0 500.0 150.0
209 0.0 500.0 175.0
210 0.0 500.0 200.0
211 0.0 500.0 225.0
212 0.0 500.0 250.0
213 0.0 500.0 300.0
214 0.0 500.0 350.0
215 0.0 500.0 400.0
216 25.0 2.0 50.0
217 25.0 2.0 75.0
218 25.0 2.0 100.0
219 25.0 2.0 125.0
220 25.0 2.0 150.0
221 25.0 2.0 175.0
222 25.0 2.0 200.0
223 25.0 2.0 225.0
224 25.0 2.0 250.0
225 25.0 2.0 300.0
226 25.0 2.0 350.0
227 25.0 2.0 400.0
228 25.0 10.0 50.0
229 25.0 10.0 75.0
230 25.0 10.0 100.0
231 25.0 10.0 125.0
232 25.0 10.0 150.0
233 25.0 10.0 175.0
234 25.0 10.0 200.0
235 25.0 10.0 225.0
236 25.0 10.0 250.0
237 25.0 10.0 300.0
238 25.0 10.0 350.0
239 25.0 10.0 400.0
240 25.0 20.0 50.0
241 25.0 20.0 75.0
242 25.0 20.0 100.0
243 25.0 20.0 125.0
244 25.0 20.0 150.0
245 25.0 20.0 175.0
246 25.0 20.0 200.0
247 25.0 20.0 225.0
248 25.0 20.0 250.0
249 25.0 20.0 300.0
250 25.0 20.0 350.0
251 25.0 20.0 400.0
252 25.0 30.0 50.0
253 25.0 30.0 75.0
254 25.0 30.0 100.0
255 25.0 30.0 125.0
256 25.0 30.0 150.0
257 25.0 30.0 175.0
258 25.0 30.0 200.0
259 25.0 30.0 225.0
260 25.0 30.0 250.0
261 25.0 30.0 300.0
262 25.0 30.0 350.0
263 25.0 30.0 400.0
264 25.0 40.0 50.0
265 25.0 40.0 75.0
266 25.0 40.0 100.0
267 25.0 40.0 125.0
268 25.0 40.0 150.0
269 25.0 40.0 175.0
270 25.0 40.0 200.0
271 25.0 40.0 225.0
272 25.0 40.0 250.0
273 25.0 40.0 300.0
274 25.0 40.0 350.0
275 25.0 40.0 400.0
276 25.0 50.0 50.0
277 25.0 50.0 75.0
278 25.0 50.0 100.0
279 25.0 50.0 125.0
280 25.0 50.0 150.0
281 25.0 50.0 175.0
282 25.0 50.0 200.0
283 25.0 50.0 225.0
284 25.0 50.0 250.0
285 25.0 50.0 300.0
286 25.0 50.0 350.0
287 25.0 50.0 400.0
288 25.0 60.0 50.0
289 25.0 60.0 75.0
290 25.0 60.0 100.0
291 25.0 60.0 125.0
292 25.0 60.0 150.0
293 25.0 60.0 175.0
294 25.0 60.0 200.0
295 25.0 60.0 225.0
296 25.0 60.0 250.0
297 25.0 60.0 300.0
298 25.0 60.0 350.0
299 25.0 60.0 400.0
300 25.0 70.0 50.0
301 25.0 70.0 75.0
302 25.0 70.0 100.0
303 25.0 70.0 125.0
304 25.0 70.0 150.0
305 25.0 70.0 175.0
306 25.0 70.0 200.0
307 25.0 70.0 225.0
308 25.0 70.0 250.0
309 25.0 70.0 300.0
310 25.0 70.0 350.0
311 25.0 70.0 400.0
312 25.0 80.0 50.0
313 25.0 80.0 75.0
314 25.0 80.0 100.0
315 25.0 80.0 125.0
316 25.0 80.0 150.0
317 25.0 80.0 175.0
318 25.0 80.0 200.0
319 25.0 80.0 225.0
320 25.0 80.0 250.0
321 25.0 80.0 300.0
322 25.0 80.0 350.0
323 25.0 80.0 400.0
324 25.0 100.0 50.0
325 25.0 100.0 75.0
326 25.0 100.0 100.0
327 25.0 100.0 125.0
328 25.0 100.0 150.0
329 25.0 100.0 175.0
330 25.0 100.0 200.0
331 25.0 100.0 225.0
332 25.0 100.0 250.0
333 25.0 100.0 300.0
334 25.0 100.0 350.0
335 25.0 100.0 400.0
336 25.0 150.0 50.0
337 25.0 150.0 75.0
338 25.0 150.0 100.0
339 25.0 150.0 125.0
340 25.0 150.0 150.0
341 25.0 150.0 175.0
342 25.0 150.0 200.0
343 25.0 150.0 225.0
344 25.0 150.0 250.0
345 25.0 150.0 300.0
346 25.0 150.0 350.0
347 25.0 150.0 400.0
348 25.0 200.0 50.0
349 25.0 200.0 75.0
350 25.0 200.0 100.0
351 25.0 200.0 125.0
352 25.0 200.0 150.0
353 25.0 200.0 175.0
354 25.0 200.0 200.0
355 25.0 200.0 225.0
356 25.0 200.0 250.0
357 25.0 200.0 300.0
358 25.0 200.0 350.0
359 25.0 200.0 400.0
360 25.0 250.0 50.0
361 25.0 250.0 75.0
362 25.0 250.0 100.0
363 25.0 250.0 125.0
364 25.0 250.0 150.0
365 25.0 250.0 175.0
366 25.0 250.0 200.0
367 25.0 250.0 225.0
368 25.0 250.0 250.0
369 25.0 250.0 300.0
370 25.0 250.0 350.0
371 25.0 250.0 400.0
372 25.0 300.0 50.0
373 25.0 300.0 75.0
374 25.0 300.0 100.0
375 25.0 300.0 125.0
376 25.0 300.0 150.0
377 25.0 300.0 175.0
378 25.0 300.0 200.0
379 25.0 300.0 225.0
380 25.0 300.0 250.0
381 25.0 300.0 300.0
382 25.0 300.0 350.0
383 25.0 300.0 400.0
384 25.0 350.0 50.0
385 25.0 350.0 75.0
386 25.0 350.0 100.0
387 25.0 350.0 125.0
388 25.0 350.0 150.0
389 25.0 350.0 175.0
390 25.0 350.0 200.0
391 25.0 350.0 225.0
392 25.0 350.0 250.0
393 25.0 350.0 300.0
394 25.0 350.0 350.0
395 25.0 350.0 400.0
396 25.0 400.0 50.0
397 25.0 400.0 75.0
398 25.0 400.0 100.0
399 25.0 400.0 125.0
400 25.0 400.0 150.0
401 25.0 400.0 175.0
402 25.0 400.0 200.0
403 25.0 400.0 225.0
404 25.0 400.0 250.0
405 25.0 400.0 300.0
406 25.0 400.0 350.0
407 25.0 400.0 400.0
408 25.0 450.0 50.0
409 25.0 450.0 75.0
410 25.0 450.0 100.0
411 25.0 450.0 125.0
412 25.0 450.0 150.0
413 25.0 450.0 175.0
414 25.0 450.0 200.0
415 25.0 450.0 225.0
416 25.0 450.0 250.0
417 25.0 450.0 300.0
418 25.0 450.0 350.0
419 25.0 450.0 400.0
420 25.0 500.0 50.0
421 25.0 500.0 75.0
422 25.0 500.0 100.0
423 25.0 500.0 125.0
424 25.0 500.0 150.0
425 25.0 500.0 175.0
426 25.0 500.0 200.0
427 25.0 500.0 225.0
428 25.0 500.0 250.0
429 25.0 500.0 300.0
430 25.0 500.0 350.0
431 25.0 500.0 400.0
432 50.0 2.0 50.0
433 50.0 2.0 75.0
434 50.0 2.0 100.0
435 50.0 2.0 125.0
436 50.0 2.0 150.0
437 50.0 2.0 175.0
438 50.0 2.0 200.0
439 50.0 2.0 225.0
440 50.0 2.0 250.0
441 50.0 2.0 300.0
442 50.0 2.0 350.0
443 50.0 2.0 400.0
444 50.0 10.0 50.0
445 50.0 10.0 75.0
446 50.0 10.0 100.0
447 50.0 10.0 125.0
448 50.0 10.0 150.0
449 50.0 10.0 175.0
450 50.0 10.0 200.0
451 50.0 10.0 225.0
452 50.0 10.0 250.0
453 50.0 10.0 300.0
454 50.0 10.0 350.0
455 50.0 10.0 400.0
456 50.0 20.0 50.0
457 50.0 20.0 75.0
458 50.0 20.0 100.0
459 50.0 20.0 125.0
460 50.0 20.0 150.0
461 50.0 20.0 175.0
462 50.0 20.0 200.0
463 50.0 20.0 225.0
464 50.0 20.0 250.0
465 50.0 20.0 300.0
466 50.0 20.0 350.0
467 50.0 20.0 400.0
468 50.0 30.0 50.0
469 50.0 30.0 75.0
470 50.0 30.0 100.0
471 50.0 30.0 125.0
472 50.0 30.0 150.0
473 50.0 30.0 175.0
474 50.0 30.0 200.0
475 50.0 30.0 225.0
476 50.0 30.0 250.0
477 50.0 30.0 300.0
478 50.0 30.0 350.0
479 50.0 30.0 400.0
480 50.0 40.0 50.0
481 50.0 40.0 75.0
482 50.0 40.0 100.0
483 50.0 40.0 125.0
484 50.0 40.0 150.0
485 50.0 40.0 175.0
486 50.0 40.0 200.0
487 50.0 40.0 225.0
488 50.0 40.0 250.0
489 50.0 40.0 300.0
490 50.0 40.0 350.0
491 50.0 40.0 400.0
492 50.0 50.0 50.0
493 50.0 50.0 75.0
494 50.0 50.0 100.0
495 50.0 50.0 125.0
496 50.0 50.0 150.0
497 50.0 50.0 175.0
498 50.0 50.0 200.0
499 50.0 50.0 225.0
500 50.0 50.0 250.0
501 50.0 50.0 300.0
502 50.0 50.0 350.0
503 50.0 50.0 400.0
504 50.0 60.0 50.0
505 50.0 60.0 75.0
506 50.0 60.0 100.0
507 50.0 60.0 125.0
508 50.0 60.0 150.0
509 50.0 60.0 175.0
510 50.0 60.0 200.0
511 50.0 60.0 225.0
512 50.0 60.0 250.0
513 50.0 60.0 300.0
514 50.0 60.0 350.0
515 50.0 60.0 400.0
516 50.0 70.0 50.0
517 50.0 70.0 75.0
518 50.0 70.0 100.0
519 50.0 70.0 125.0
520 50.0 70.0 150.0
521 50.0 70.0 175.0
522 50.0 70.0 200.0
523 50.0 70.0 225.0
524 50.0 70.0 250.0
525 50.0 70.0 300.0
526 50.0 70.0 350.0
527 50.0 70.0 400.0
528 50.0 80.0 50.0
529 50.0 80.0 75.0
530 50.0 80.0 100.0
531 50.0 80.0 125.0
532 50.0 80.0 150.0
533 50.0 80.0 175.0
534 50.0 80.0 200.0
535 50.0 80.0 225.0
536 50.0 80.0 250.0
537 50.0 80.0 300.0
538 50.0 80.0 350.0
539 50.0 80.0 400.0
540 50.0 100.0 50.0
541 50.0 100.0 75.0
542 50.0 100.0 100.0
543 50.0 100.0 125.0
544 50.0 100.0 150.0
545 50.0 100.0 175.0
546 50.0 100.0 200.0
547 50.0 100.0 225.0
548 50.0 100.0 250.0
549 50.0 100.0 300.0
550 50.0 100.0 350.0
551 50.0 100.0 400.0
552 50.0 150.0 50.0
553 50.0 150.0 75.0
554 50.0 150.0 100.0
555 50.0 150.0 125.0
556 50.0 150.0 150.0
557 50.0 150.0 175.0
558 50.0 150.0 200.0
559 50.0 150.0 225.0
560 50.0 150.0 250.0
561 50.0 150.0 300.0
562 50.0 150.0 350.0
563 50.0 150.0 400.0
564 50.0 200.0 50.0
565 50.0 200.0 75.0
566 50.0 200.0 100.0
567 50.0 200.0 125.0
568 50.0 200.0 150.0
569 50.0 200.0 175.0
570 50.0 200.0 200.0
571 50.0 200.0 225.0
572 50.0 200.0 250.0
573 50.0 200.0 300.0
574 50.0 200.0 350.0
575 50.0 200.0 400.0
576 50.0 250.0 50.0
577 50.0 250.0 75.0
578 50.0 250.0 100.0
579 50.0 250.0 125.0
580 50.0 250.0 150.0
581 50.0 250.0 175.0
582 50.0 250.0 200.0
583 50.0 250.0 225.0
584 50.0 250.0 250.0
585 50.0 250.0 300.0
586 50.0 250.0 350.0
587 50.0 250.0 400.0
588 50.0 300.0 50.0
589 50.0 300.0 75.0
590 50.0 300.0 100.0
591 50.0 300.0 125.0
592 50.0 300.0 150.0
593 50.0 300.0 175.0
594 50.0 300.0 200.0
595 50.0 300.0 225.0
596 50.0 300.0 250.0
597 50.0 300.0 300.0
598 50.0 300.0 350.0
599 50.0 300.0 400.0
600 50.0 350.0 50.0
601 50.0 350.0 75.0
602 50.0 350.0 100.0
603 50.0 350.0 125.0
604 50.0 350.0 150.0
605 50.0 350.0 175.0
606 50.0 350.0 200.0
607 50.0 350.0 225.0
608 50.0 350.0 250.0
609 50.0 350.0 300.0
610 50.0 350.0 350.0
611 50.0 350.0 400.0
612 50.0 400.0 50.0
613 50.0 400.0 75.0
614 50.0 400.0 100.0
615 50.0 400.0 125.0
616 50.0 400.0 150.0
617 50.0 400.0 175.0
618 50.0 400.0 200.0
619 50.0 400.0 225.0
620 50.0 400.0 250.0
621 50.0 400.0 300.0
622 50.0 400.0 350.0
623 50.0 400.0 400.0
624 50.0 450.0 50.0
625 50.0 450.0 75.0
626 50.0 450.0 100.0
627 50.0 450.0 125.0
628 50.0 450.0 150.0
629 50.0 450.0 175.0
630 50.0 450.0 200.0
631 50.0 450.0 225.0
632 50.0 450.0 250.0
633 50.0 450.0 300.0
634 50.0 450.0 350.0
635 50.0 450.0 400.0
636 50.0 500.0 50.0
637 50.0 500.0 75.0
638 50.0 500.0 100.0
639 50.0 500.0 125.0
640 50.0 500.0 150.0
641 50.0 500.0 175.0
642 50.0 500.0 200.0
643 50.0 500.0 225.0
644 50.0 500.0 250.0
645 50.0 500.0 300.0
646 50.0 500.0 350.0
647 50.0 500.0 400.0
648 75.0 2.0 50.0
649 75.0 2.0 75.0
650 75.0 2.0 100.0
651 75.0 2.0 125.0
652 75.0 2.0 150.0
653 75.0 2.0 175.0
654 75.0 2.0 200.0
655 75.0 2.0 225.0
656 75.0 2.0 250.0
657 75.0 2.0 300.0
658 75.0 2.0 350.0
659 75.0 2.0 400.0
660 75.0 10.0 50.0
661 75.0 10.0 75.0
662 75.0 10.0 100.0
663 75.0 10.0 125.0
664 75.0 10.0 150.0
665 75.0 10.0 175.0
666 75.0 10.0 200.0
667 75.0 10.0 225.0
668 75.0 10.0 250.0
669 75.0 10.0 300.0
670 75.0 10.0 350.0
671 75.0 10.0 400.0
672 75.0 20.0 50.0
673 75.0 20.0 75.0
674 75.0 20.0 100.0
675 75.0 20.0 125.0
676 75.0 20.0 150.0
677 75.0 20.0 175.0
678 75.0 20.0 200.0
679 75.0 20.0 225.0
680 75.0 20.0 250.0
681 75.0 20.0 300.0
682 75.0 20.0 350.0
683 75.0 20.0 400.0
684 75.0 30.0 50.0
685 75.0 30.0 75.0
686 75.0 30.0 100.0
687 75.0 30.0 125.0
688 75.0 30.0 150.0
689 75.0 30.0 175.0
690 75.0 30.0 200.0
691 75.0 30.0 225.0
692 75.0 30.0 250.0
693 75.0 30.0 300.0
694 75.0 30.0 350.0
695 75.0 30.0 400.0
696 75.0 40.0 50.0
697 75.0 40.0 75.0
698 75.0 40.0 100.0
699 75.0 40.0 125.0
700 75.0 40.0 150.0
701 75.0 40.0 175.0
702 75.0 40.0 200.0
703 75.0 40.0 225.0
704 75.0 40.0 250.0
705 75.0 40.0 300.0
706 75.0 40.0 350.0
707 75.0 40.0 400.0
708 75.0 50.0 50.0
709 75.0 50.0 75.0
710 75.0 50.0 100.0
711 75.0 50.0 125.0
712 75.0 50.0 150.0
713 75.0 50.0 175.0
714 75.0 50.0 200.0
715 75.0 50.0 225.0
716 75.0 50.0 250.0
717 75.0 50.0 300.0
718 75.0 50.0 350.0
719 75.0 50.0 400.0
720 75.0 60.0 50.0
721 75.0 60.0 75.0
722 75.0 60.0 100.0
723 75.0 60.0 125.0
724 75.0 60.0 150.0
725 75.0 60.0 175.0
726 75.0 60.0 200.0
727 75.0 60.0 225.0
728 75.0 60.0 250.0
729 75.0 60.0 300.0
730 75.0 60.0 350.0
731 75.0 60.0 400.0
732 75.0 70.0 50.0
733 75.0 70.0 75.0
734 75.0 70.0 100.0
735 75.0 70.0 125.0
736 75.0 70.0 150.0
737 75.0 70.0 175.0
738 75.0 70.0 200.0
739 75.0 70.0 225.0
740 75.0 70.0 250.0
741 75.0 70.0 300.0
742 75.0 70.0 350.0
743 75.0 70.0 400.0
744 75.0 80.0 50.0
745 75.0 80.0 75.0
746 75.0 80.0 100.0
747 75.0 80.0 125.0
748 75.0 80.0 150.0
749 75.0 80.0 175.0
750 75.0 80.0 200.0
751 75.0 80.0 225.0
752 75.0 80.0 250.0
753 75.0 80.0 300.0
754 75.0 80.0 350.0
755 75.0 80.0 400.0
756 75.0 100.0 50.0
757 75.0 100.0 75.0
758 75.0 100.0 100.0
759 75.0 100.0 125.0
760 75.0 100.0 150.0
761 75.0 100.0 175.0
762 75.0 100.0 200.0
763 75.0 100.0 225.0
764 75.0 100.0 250.0
765 75.0 100.0 300.0
766 75.0 100.0 350.0
767 75.0 100.0 400.0
768 75.0 150.0 50.0
769 75.0 150.0 75.0
770 75.0 150.0 100.0
771 75.0 150.0 125.0
772 75.0 150.0 150.0
773 75.0 150.0 175.0
774 75.0 150.0 200.0
775 75.0 150.0 225.0
776 75.0 150.0 250.0
777 75.0 150.0 300.0
778 75.0 150.0 350.0
779 75.0 150.0 400.0
780 75.0 200.0 50.0
781 75.0 200.0 75.0
782 75.0 200.0 100.0
783 75.0 200.0 125.0
784 75.0 200.0 150.0
785 75.0 200.0 175.0
786 75.0 200.0 200.0
787 75.0 200.0 225.0
788 75.0 200.0 250.0
789 75.0 200.0 300.0
790 75.0 200.0 350.0
791 75.0 200.0 400.0
792 75.0 250.0 50.0
793 75.0 250.0 75.0
794 75.0 250.0 100.0
795 75.0 250.0 125.0
796 75.0 250.0 150.0
797 75.0 250.0 175.0
798 75.0 250.0 200.0
799 75.0 250.0 225.0
800 75.0 250.0 250.0
801 75.0 250.0 300.0
802 75.0 250.0 350.0
803 75.0 250.0 400.0
804 75.0 300.0 50.0
805 75.0 300.0 75.0
806 75.0 300.0 100.0
807 75.0 300.0 125.0
808 75.0 300.0 150.0
809 75.0 300.0 175.0
810 75.0 300.0 200.0
811 75.0 300.0 225.0
812 75.0 300.0 250.0
813 75.0 300.0 300.0
814 75.0 300.0 350.0
815 75.0 300.0 400.0
816 75.0 350.0 50.0
817 75.0 350.0 75.0
818 75.0 350.0 100.0
819 75.0 350.0 125.0
820 75.0 350.0 150.0
821 75.0 350.0 175.0
822 75.0 350.0 200.0
823 75.0 350.0 225.0
824 75.0 350.0 250.0
825 75.0 350.0 300.0
826 75.0 350.0 350.0
827 75.0 350.0 400.0
828 75.0 400.0 50.0
829 75.0 400.0 75.0
830 75.0 400.0 100.0
831 75.0 400.0 125.0
832 75.0 400.0 150.0
833 75.0 400.0 175.0
834 75.0 400.0 200.0
835 75.0 400.0 225.0
836 75.0 400.0 250.0
837 75.0 400.0 300.0
838 75.0 400.0 350.0
839 75.0 400.0 400.0
840 75.0 450.0 50.0
841 75.0 450.0 75.0
842 75.0 450.0 100.0
843 75.0 450.0 125.0
844 75.0 450.0 150.0
845 75.0 450.0 175.0
846 75.0 450.0 200.0
847 75.0 450.0 225.0
848 75.0 450.0 250.0
849 75.0 450.0 300.0
850 75.0 450.0 350.0
851 75.0 450.0 400.0
852 75.0 500.0 50.0
853 75.0 500.0 75.0
854 75.0 500.0 100.0
855 75.0 500.0 125.0
856 75.0 500.0 150.0
857 75.0 500.0 175.0
858 75.0 500.0 200.0
859 75.0 500.0 225.0
860 75.0 500.0 250.0
861 75.0 500.0 300.0
862 75.0 500.0 350.0
863 75.0 500.0 400.0
864 100.0 2.0 50.0
865 100.0 2.0 75.0
866 100.0 2.0 100.0
867 100.0 2.0 125.0
868 100.0 2.0 150.0
869 100.0 2.0 175.0
870 100.0 2.0 200.0
871 100.0 2.0 225.0
872 100.0 2.0 250.0
873 100.0 2.0 300.0
874 100.0 2.0 350.0
875 100.0 2.0 400.0
876 100.0 10.0 50.0
877 100.0 10.0 75.0
878 100.0 10.0 100.0
879 100.0 10.0 125.0
880 100.0 10.0 150.0
881 100.0 10.0 175.0
882 100.0 10.0 200.0
883 100.0 10.0 225.0
884 100.0 10.0 250.0
885 100.0 10.0 300.0
886 100.0 10.0 350.0
887 100.0 10.0 400.0
888 100.0 20.0 50.0
889 100.0 20.0 75.0
890 100.0 20.0 100.0
891 100.0 20.0 125.0
892 100.0 20.0 150.0
893 100.0 20.0 175.0
894 100.0 20.0 200.0
895 100.0 20.0 225.0
896 100.0 20.0 250.0
897 100.0 20.0 300.0
898 100.0 20.0 350.0
899 100.0 20.0 400.0
900 100.0 30.0 50.0
901 100.0 30.0 75.0
902 100.0 30.0 100.0
903 100.0 30.0 125.0
904 100.0 30.0 150.0
905 100.0 30.0 175.0
906 100.0 30.0 200.0
907 100.0 30.0 225.0
908 100.0 30.0 250.0
909 100.0 30.0 300.0
910 100.0 30.0 350.0
911 100.0 30.0 400.0
912 100.0 40.0 50.0
913 100.0 40.0 75.0
914 100.0 40.0 100.0
915 100.0 40.0 125.0
916 100.0 40.0 150.0
917 100.0 40.0 175.0
918 100.0 40.0 200.0
919 100.0 40.0 225.0
920 100.0 40.0 250.0
921 100.0 40.0 300.0
922 100.0 40.0 350.0
923 100.0 40.0 400.0
924 100.0 50.0 50.0
925 100.0 50.0 75.0
926 100.0 50.0 100.0
927 100.0 50.0 125.0
928 100.0 50.0 150.0
929 100.0 50.0 175.0
930 100.0 50.0 200.0
931 100.0 50.0 225.0
932 100.0 50.0 250.0
933 100.0 50.0 300.0
934 100.0 50.0 350.0
935 100.0 50.0 400.0
936 100.0 60.0 50.0
937 100.0 60.0 75.0
938 100.0 60.0 100.0
939 100.0 60.0 125.0
940 100.0 60.0 150.0
941 100.0 60.0 175.0
942 100.0 60.0 200.0
943 100.0 60.0 225.0
944 100.0 60.0 250.0
945 100.0 60.0 300.0
946 100.0 60.0 350.0
947 100.0 60.0 400.0
948 100.0 70.0 50.0
949 100.0 70.0 75.0
950 100.0 70.0 100.0
951 100.0 70.0 125.0
952 100.0 70.0 150.0
953 100.0 70.0 175.0
954 100.0 70.0 200.0
955 100.0 70.0 225.0
956 100.0 70.0 250.0
957 100.0 70.0 300.0
958 100.0 70.0 350.0
959 100.0 70.0 400.0
960 100.0 80.0 50.0
961 100.0 80.0 75.0
962 100.0 80.0 100.0
963 100.0 80.0 125.0
964 100.0 80.0 150.0
965 100.0 80.0 175.0
966 100.0 80.0 200.0
967 100.0 80.0 225.0
968 100.0 80.0 250.0
969 100.0 80.0 300.0
970 100.0 80.0 350.0
971 100.0 80.0 400.0
972 100.0 100.0 50.0
973 100.0 100.0 75.0
974 100.0 100.0 100.0
975 100.0 100.0 125.0
976 100.0 100.0 150.0
977 100.0 100.0 175.0
978 100.0 100.0 200.0
979 100.0 100.0 225.0
980 100.0 100.0 250.0
981 100.0 100.0 300.0
982 100.0 100.0 350.0
983 100.0 100.0 400.0
984 100.0 150.0 50.0
985 100.0 150.0 75.0
986 100.0 150.0 100.0
987 100.0 150.0 125.0
988 100.0 150.0 150.0
989 100.0 150.0 175.0
990 100.0 150.0 200.0
991 100.0 150.0 225.0
992 100.0 150.0 250.0
993 100.0 150.0 300.0
994 100.0 150.0 350.0
995 100.0 150.0 400.0
996 100.0 200.0 50.0
997 100.0 200.0 75.0
998 100.0 200.0 100.0
999 100.0 200.0 125.0
1000 100.0 200.0 150.0
1001 100.0 200.0 175.0
1002 100.0 200.0 200.0
1003 100.0 200.0 225.0
1004 100.0 200.0 250.0
1005 100.0 200.0 300.0
1006 100.0 200.0 350.0
1007 100.0 200.0 400.0
1008 100.0 250.0 50.0
1009 100.0 250.0 75.0
1010 100.0 250.0 100.0
1011 100.0 250.0 125.0
1012 100.0 250.0 150.0
1013 100.0 250.0 175.0
1014 100.0 250.0 200.0
1015 100.0 250.0 225.0
1016 100.0 250.0 250.0
1017 100.0 250.0 300.0
1018 100.0 250.0 350.0
1019 100.0 250.0 400.0
1020 100.0 300.0 50.0
1021 100.0 300.0 75.0
1022 100.0 300.0 100.0
1023 100.0 300.0 125.0
1024 100.0 300.0 150.0
1025 100.0 300.0 175.0
1026 100.0 300.0 200.0
1027 100.0 300.0 225.0
1028 100.0 300.0 250.0
1029 100.0 300.0 300.0
1030 100.0 300.0 350.0
1031 100.0 300.0 400.0
1032 100.0 350.0 50.0
1033 100.0 350.0 75.0
1034 100.0 350.0 100.0
1035 100.0 350.0 125.0
1036 100.0 350.0 150.0
1037 100.0 350.0 175.0
1038 100.0 350.0 200.0
1039 100.0 350.0 225.0
1040 100.0 350.0 250.0
1041 100.0 350.0 300.0
1042 100.0 350.0 350.0
1043 100.0 350.0 400.0
1044 100.0 400.0 50.0
1045 100.0 400.0 75.0
1046 100.0 400.0 100.0
1047 100.0 400.0 125.0
1048 100.0 400.0 150.0
1049 100.0 400.0 175.0
1050 100.0 400.0 200.0
1051 100.0 400.0 225.0
1052 100.0 400.0 250.0
1053 100.0 400.0 300.0
1054 100.0 400.0 350.0
1055 100.0 400.0 400.0
1056 100.0 450.0 50.0
1057 100.0 450.0 75.0
1058 100.0 450.0 100.0
1059 100.0 450.0 125.0
1060 100.0 450.0 150.0
1061 100.0 450.0 175.0
1062 100.0 450.0 200.0
1063 100.0 450.0 225.0
1064 100.0 450.0 250.0
1065 100.0 450.0 300.0
1066 100.0 450.0 350.0
1067 100.0 450.0 400.0
1068 100.0 500.0 50.0
1069 100.0 500.0 75.0
1070 100.0 500.0 100.0
1071 100.0 500.0 125.0
1072 100.0 500.0 150.0
1073 100.0 500.0 175.0
1074 100.0 500.0 200.0
1075 100.0 500.0 225.0
1076 100.0 500.0 250.0
1077 100.0 500.0 300.0
1078 100.0 500.0 350.0
1079 100.0 500.0 400.0
1080 125.0 2.0 50.0
1081 125.0 2.0 75.0
1082 125.0 2.0 100.0
1083 125.0 2.0 125.0
1084 125.0 2.0 150.0
1085 125.0 2.0 175.0
1086 125.0 2.0 200.0
1087 125.0 2.0 225.0
1088 125.0 2.0 250.0
1089 125.0 2.0 300.0
1090 125.0 2.0 350.0
1091 125.0 2.0 400.0
1092 125.0 10.0 50.0
1093 125.0 10.0 75.0
1094 125.0 10.0 100.0
1095 125.0 10.0 125.0
1096 125.0 10.0 150.0
1097 125.0 10.0 175.0
1098 125.0 10.0 200.0
1099 125.0 10.0 225.0
1100 125.0 10.0 250.0
1101 125.0 10.0 300.0
1102 125.0 10.0 350.0
1103 125.0 10.0 400.0
1104 125.0 20.0 50.0
1105 125.0 20.0 75.0
1106 125.0 20.0 100.0
1107 125.0 20.0 125.0
1108 125.0 20.0 150.0
1109 125.0 20.0 175.0
1110 125.0 20.0 200.0
1111 125.0 20.0 225.0
1112 125.0 20.0 250.0
1113 125.0 20.0 300.0
1114 125.0 20.0 350.0
1115 125.0 20.0 400.0
1116 125.0 30.0 50.0
1117 125.0 30.0 75.0
1118 125.0 30.0 100.0
1119 125.0 30.0 125.0
1120 125.0 30.0 150.0
1121 125.0 30.0 175.0
1122 125.0 30.0 200.0
1123 125.0 30.0 225.0
1124 125.0 30.0 250.0
1125 125.0 30.0 300.0
1126 125.0 30.0 350.0
1127 125.0 30.0 400.0
1128 125.0 40.0 50.0
1129 125.0 40.0 75.0
1130 125.0 40.0 100.0
1131 125.0 40.0 125.0
1132 125.0 40.0 150.0
1133 125.0 40.0 175.0
1134 125.0 40.0 200.0
1135 125.0 40.0 225.0
1136 125.0 40.0 250.0
1137 125.0 40.0 300.0
1138 125.0 40.0 350.0
1139 125.0 40.0 400.0
1140 125.0 50.0 50.0
1141 125.0 50.0 75.0
1142 125.0 50.0 100.0
1143 125.0 50.0 125.0
1144 125.0 50.0 150.0
1145 125.0 50.0 175.0
1146 125.0 50.0 200.0
1147 125.0 50.0 225.0
1148 125.0 50.0 250.0
1149 125.0 50.0 300.0
1150 125.0 50.0 350.0
1151 125.0 50.0 400.0
1152 125.0 60.0 50.0
1153 125.0 60.0 75.0
1154 125.0 60.0 100.0
1155 125.0 60.0 125.0
1156 125.0 60.0 150.0
1157 125.0 60.0 175.0
1158 125.0 60.0 200.0
1159 125.0 60.0 225.0
1160 125.0 60.0 250.0
1161 125.0 60.0 300.0
1162 125.0 60.0 350.0
1163 125.0 60.0 400.0
1164 125.0 70.0 50.0
1165 125.0 70.0 75.0
1166 125.0 70.0 100.0
1167 125.0 70.0 125.0
1168 125.0 70.0 150.0
1169 125.0 70.0 175.0
1170 125.0 70.0 200.0
1171 125.0 70.0 225.0
1172 125.0 70.0 250.0
1173 125.0 70.0 300.0
1174 125.0 70.0 350.0
1175 125.0 70.0 400.0
1176 125.0 80.0 50.0
1177 125.0 80.0 75.0
1178 125.0 80.0 100.0
1179 125.0 80.0 125.0
1180 125.0 80.0 150.0
1181 125.0 80.0 175.0
1182 125.0 80.0 200.0
1183 125.0 80.0 225.0
1184 125.0 80.0 250.0
1185 125.0 80.0 300.0
1186 125.0 80.0 350.0
1187 125.0 80.0 400.0
1188 125.0 100.0 50.0
1189 125.0 100.0 75.0
1190 125.0 100.0 100.0
1191 125.0 100.0 125.0
1192 125.0 100.0 150.0
1193 125.0 100.0 175.0
1194 125.0 100.0 200.0
1195 125.0 100.0 225.0
1196 125.0 100.0 250.0
1197 125.0 100.0 300.0
1198 125.0 100.0 350.0
1199 125.0 100.0 400.0
1200 125.0 150.0 50.0
1201 125.0 150.0 75.0
1202 125.0 150.0 100.0
1203 125.0 150.0 125.0
1204 125.0 150.0 150.0
1205 125.0 150.0 175.0
1206 125.0 150.0 200.0
1207 125.0 150.0 225.0
1208 125.0 150.0 250.0
1209 125.0 150.0 300.0
1210 125.0 150.0 350.0
1211 125.0 150.0 400.0
1212 125.0 200.0 50.0
1213 125.0 200.0 75.0
1214 125.0 200.0 100.0
1215 125.0 200.0 125.0
1216 125.0 200.0 150.0
1217 125.0 200.0 175.0
1218 125.0 200.0 200.0
1219 125.0 200.0 225.0
1220 125.0 200.0 250.0
1221 125.0 200.0 300.0
1222 125.0 200.0 350.0
1223 125.0 200.0 400.0
1224 125.0 250.0 50.0
1225 125.0 250.0 75.0
1226 125.0 250.0 100.0
1227 125.0 250.0 125.0
1228 125.0 250.0 150.0
1229 125.0 250.0 175.0
1230 125.0 250.0 200.0
1231 125.0 250.0 225.0
1232 125.0 250.0 250.0
1233 125.0 250.0 300.0
1234 125.0 250.0 350.0
1235 125.0 250.0 400.0
1236 125.0 300.0 50.0
1237 125.0 300.0 75.0
1238 125.0 300.0 100.0
1239 125.0 300.0 125.0
1240 125.0 300.0 150.0
1241 125.0 300.0 175.0
1242 125.0 300.0 200.0
1243 125.0 300.0 225.0
1244 125.0 300.0 250.0
1245 125.0 300.0 300.0
1246 125.0 300.0 350.0
1247 125.0 300.0 400.0
1248 125.0 350.0 50.0
1249 125.0 350.0 75.0
1250 125.0 350.0 100.0
1251 125.0 350.0 125.0
1252 125.0 350.0 150.0
1253 125.0 350.0 175.0
1254 125.0 350.0 200.0
1255 125.0 350.0 225.0
1256 125.0 350.0 250.0
1257 125.0 350.0 300.0
1258 125.0 350.0 350.0
1259 125.0 350.0 400.0
1260 125.0 400.0 50.0
1261 125.0 400.0 75.0
1262 125.0 400.0 100.0
1263 125.0 400.0 125.0
1264 125.0 400.0 150.0
1265 125.0 400.0 175.0
1266 125.0 400.0 200.0
1267 125.0 400.0 225.0
1268 125.0 400.0 250.0
1269 125.0 400.0 300.0
1270 125.0 400.0 350.0
1271 125.0 400.0 400.0
1272 125.0 450.0 50.0
1273 125.0 450.0 75.0
1274 125.0 450.0 100.0
1275 125.0 450.0 125.0
1276 125.0 450.0 150.0
1277 125.0 450.0 175.0
1278 125.0 450.0 200.0
1279 125.0 450.0 225.0
1280 125.0 450.0 250.0
1281 125.0 450.0 300.0
1282 125.0 450.0 350.0
1283 125.0 450.0 400.0
1284 125.0 500.0 50.0
1285 125.0 500.0 75.0
1286 125.0 500.0 100.0
1287 125.0 500.0 125.0
1288 125.0 500.0 150.0
1289 125.0 500.0 175.0
1290 125.0 500.0 200.0
1291 125.0 500.0 225.0
1292 125.0 500.0 250.0
1293 125.0 500.0 300.0
1294 125.0 500.0 350.0
1295 125.0 500.0 400.0
1296 150.0 2.0 50.0
1297 150.0 2.0 75.0
1298 150.0 2.0 100.0
1299 150.0 2.0 125.0
1300 150.0 2.0 150.0
1301 150.0 2.0 175.0
1302 150.0 2.0 200.0
1303 150.0 2.0 225.0
1304 150.0 2.0 250.0
1305 150.0 2.0 300.0
1306 150.0 2.0 350.0
1307 150.0 2.0 400.0
1308 150.0 10.0 50.0
1309 150.0 10.0 75.0
1310 150.0 10.0 100.0
1311 150.0 10.0 125.0
1312 150.0 10.0 150.0
1313 150.0 10.0 175.0
1314 150.0 10.0 200.0
1315 150.0 10.0 225.0
1316 150.0 10.0 250.0
1317 150.0 10.0 300.0
1318 150.0 10.0 350.0
1319 150.0 10.0 400.0
1320 150.0 20.0 50.0
1321 150.0 20.0 75.0
1322 150.0 20.0 100.0
1323 150.0 20.0 125.0
1324 150.0 20.0 150.0
1325 150.0 20.0 175.0
1326 150.0 20.0 200.0
1327 150.0 20.0 225.0
1328 150.0 20.0 250.0
1329 150.0 20.0 300.0
1330 150.0 20.0 350.0
1331 150.0 20.0 400.0
1332 150.0 30.0 50.0
1333 150.0 30.0 75.0
1334 150.0 30.0 100.0
1335 150.0 30.0 125.0
1336 150.0 30.0 150.0
1337 150.0 30.0 175.0
1338 150.0 30.0 200.0
1339 150.0 30.0 225.0
1340 150.0 30.0 250.0
1341 150.0 30.0 300.0
1342 150.0 30.0 350.0
1343 150.0 30.0 400.0
1344 150.0 40.0 50.0
1345 150.0 40.0 75.0
1346 150.0 40.0 100.0
1347 150.0 40.0 125.0
1348 150.0 40.0 150.0
1349 150.0 40.0 175.0
1350 150.0 40.0 200.0
1351 150.0 40.0 225.0
1352 150.0 40.0 250.0
1353 150.0 40.0 300.0
1354 150.0 40.0 350.0
1355 150.0 40.0 400.0
1356 150.0 50.0 50.0
1357 150.0 50.0 75.0
1358 150.0 50.0 100.0
1359 150.0 50.0 125.0
1360 150.0 50.0 150.0
1361 150.0 50.0 175.0
1362 150.0 50.0 200.0
1363 150.0 50.0 225.0
1364 150.0 50.0 250.0
1365 150.0 50.0 300.0
1366 150.0 50.0 350.0
1367 150.0 50.0 400.0
1368 150.0 60.0 50.0
1369 150.0 60.0 75.0
1370 150.0 60.0 100.0
1371 150.0 60.0 125.0
1372 150.0 60.0 150.0
1373 150.0 60.0 175.0
1374 150.0 60.0 200.0
1375 150.0 60.0 225.0
1376 150.0 60.0 250.0
1377 150.0 60.0 300.0
1378 150.0 60.0 350.0
1379 150.0 60.0 400.0
1380 150.0 70.0 50.0
1381 150.0 70.0 75.0
1382 150.0 70.0 100.0
1383 150.0 70.0 125.0
1384 150.0 70.0 150.0
1385 150.0 70.0 175.0
1386 150.0 70.0 200.0
1387 150.0 70.0 225.0
1388 150.0 70.0 250.0
1389 150.0 70.0 300.0
1390 150.0 70.0 350.0
1391 150.0 70.0 400.0
1392 150.0 80.0 50.0
1393 150.0 80.0 75.0
1394 150.0 80.0 100.0
1395 150.0 80.0 125.0
1396 150.0 80.0 150.0
1397 150.0 80.0 175.0
1398 150.0 80.0 200.0
1399 150.0 80.0 225.0
1400 150.0 80.0 250.0
1401 150.0 80.0 300.0
1402 150.0 80.0 350.0
1403 150.0 80.0 400.0
1404 150.0 100.0 50.0
1405 150.0 100.0 75.0
1406 150.0 100.0 100.0
1407 150.0 100.0 125.0
1408 150.0 100.0 150.0
1409 150.0 100.0 175.0
1410 150.0 100.0 200.0
1411 150.0 100.0 225.0
1412 150.0 100.0 250.0
1413 150.0 100.0 300.0
1414 150.0 100.0 350.0
1415 150.0 100.0 400.0
1416 150.0 150.0 50.0
1417 150.0 150.0 75.0
1418 150.0 150.0 100.0
1419 150.0 150.0 125.0
1420 150.0 150.0 150.0
1421 150.0 150.0 175.0
1422 150.0 150.0 200.0
1423 150.0 150.0 225.0
1424 150.0 150.0 250.0
1425 150.0 150.0 300.0
1426 150.0 150.0 350.0
1427 150.0 150.0 400.0
1428 150.0 200.0 50.0
1429 150.0 200.0 75.0
1430 150.0 200.0 100.0
1431 150.0 200.0 125.0
1432 150.0 200.0 150.0
1433 150.0 200.0 175.0
1434 150.0 200.0 200.0
1435 150.0 200.0 225.0
1436 150.0 200.0 250.0
1437 150.0 200.0 300.0
1438 150.0 200.0 350.0
1439 150.0 200.0 400.0
1440 150.0 250.0 50.0
1441 150.0 250.0 75.0
1442 150.0 250.0 100.0
1443 150.0 250.0 125.0
1444 150.0 250.0 150.0
1445 150.0 250.0 175.0
1446 150.0 250.0 200.0
1447 150.0 250.0 225.0
1448 150.0 250.0 250.0
1449 150.0 250.0 300.0
1450 150.0 250.0 350.0
1451 150.0 250.0 400.0
1452 150.0 300.0 50.0
1453 150.0 300.0 75.0
1454 150.0 300.0 100.0
1455 150.0 300.0 125.0
1456 150.0 300.0 150.0
1457 150.0 300.0 175.0
1458 150.0 300.0 200.0
1459 150.0 300.0 225.0
1460 150.0 300.0 250.0
1461 150.0 300.0 300.0
1462 150.0 300.0 350.0
1463 150.0 300.0 400.0
1464 150.0 350.0 50.0
1465 150.0 350.0 75.0
1466 150.0 350.0 100.0
1467 150.0 350.0 125.0
1468 150.0 350.0 150.0
1469 150.0 350.0 175.0
1470 150.0 350.0 200.0
1471 150.0 350.0 225.0
1472 150.0 350.0 250.0
1473 150.0 350.0 300.0
1474 150.0 350.0 350.0
1475 150.0 350.0 400.0
1476 150.0 400.0 50.0
1477 150.0 400.0 75.0
1478 150.0 400.0 100.0
1479 150.0 400.0 125.0
1480 150.0 400.0 150.0
1481 150.0 400.0 175.0
1482 150.0 400.0 200.0
1483 150.0 400.0 225.0
1484 150.0 400.0 250.0
1485 150.0 400.0 300.0
1486 150.0 400.0 350.0
1487 150.0 400.0 400.0
1488 150.0 450.0 50.0
1489 150.0 450.0 75.0
1490 150.0 450.0 100.0
1491 150.0 450.0 125.0
1492 150.0 450.0 150.0
1493 150.0 450.0 175.0
1494 150.0 450.0 200.0
1495 150.0 450.0 225.0
1496 150.0 450.0 250.0
1497 150.0 450.0 300.0
1498 150.0 450.0 350.0
1499 150.0 450.0 400.0
1500 150.0 500.0 50.0
1501 150.0 500.0 75.0
1502 150.0 500.0 100.0
1503 150.0 500.0 125.0
1504 150.0 500.0 150.0
1505 150.0 500.0 175.0
1506 150.0 500.0 200.0
1507 150.0 500.0 225.0
1508 150.0 500.0 250.0
1509 150.0 500.0 300.0
1510 150.0 500.0 350.0
1511 150.0 500.0 400.0
1512 175.0 2.0 50.0
1513 175.0 2.0 75.0
1514 175.0 2.0 100.0
1515 175.0 2.0 125.0
1516 175.0 2.0 150.0
1517 175.0 2.0 175.0
1518 175.0 2.0 200.0
1519 175.0 2.0 225.0
1520 175.0 2.0 250.0
1521 175.0 2.0 300.0
1522 175.0 2.0 350.0
1523 175.0 2.0 400.0
1524 175.0 10.0 50.0
1525 175.0 10.0 75.0
1526 175.0 10.0 100.0
1527 175.0 10.0 125.0
1528 175.0 10.0 150.0
1529 175.0 10.0 175.0
1530 175.0 10.0 200.0
1531 175.0 10.0 225.0
1532 175.0 10.0 250.0
1533 175.0 10.0 300.0
1534 175.0 10.0 350.0
1535 175.0 10.0 400.0
1536 175.0 20.0 50.0
1537 175.0 20.0 75.0
1538 175.0 20.0 100.0
1539 175.0 20.0 125.0
1540 175.0 20.0 150.0
1541 175.0 20.0 175.0
1542 175.0 20.0 200.0
1543 175.0 20.0 225.0
1544 175.0 20.0 250.0
1545 175.0 20.0 300.0
1546 175.0 20.0 350.0
1547 175.0 20.0 400.0
1548 175.0 30.0 50.0
1549 175.0 30.0 75.0
1550 175.0 30.0 100.0
1551 175.0 30.0 125.0
1552 175.0 30.0 150.0
1553 175.0 30.0 175.0
1554 175.0 30.0 200.0
1555 175.0 30.0 225.0
1556 175.0 30.0 250.0
1557 175.0 30.0 300.0
1558 175.0 30.0 350.0
1559 175.0 30.0 400.0
1560 175.0 40.0 50.0
1561 175.0 40.0 75.0
1562 175.0 40.0 100.0
1563 175.0 40.0 125.0
1564 175.0 40.0 150.0
1565 175.0 40.0 175.0
1566 175.0 40.0 200.0
1567 175.0 40.0 225.0
1568 175.0 40.0 250.0
1569 175.0 40.0 300.0
1570 175.0 40.0 350.0
1571 175.0 40.0 400.0
1572 175.0 50.0 50.0
1573 175.0 50.0 75.0
1574 175.0 50.0 100.0
1575 175.0 50.0 125.0
1576 175.0 50.0 150.0
1577 175.0 50.0 175.0
1578 175.0 50.0 200.0
1579 175.0 50.0 225.0
1580 175.0 50.0 250.0
1581 175.0 50.0 300.0
1582 175.0 50.0 350.0
1583 175.0 50.0 400.0
1584 175.0 60.0 50.0
1585 175.0 60.0 75.0
1586 175.0 60.0 100.0
1587 175.0 60.0 125.0
1588 175.0 60.0 150.0
1589 175.0 60.0 175.0
1590 175.0 60.0 200.0
1591 175.0 60.0 225.0
1592 175.0 60.0 250.0
1593 175.0 60.0 300.0
1594 175.0 60.0 350.0
1595 175.0 60.0 400.0
1596 175.0 70.0 50.0
1597 175.0 70.0 75.0
1598 175.0 70.0 100.0
1599 175.0 70.0 125.0
1600 175.0 70.0 150.0
1601 175.0 70.0 175.0
1602 175.0 70.0 200.0
1603 175.0 70.0 225.0
1604 175.0 70.0 250.0
1605 175.0 70.0 300.0
1606 175.0 70.0 350.0
1607 175.0 70.0 400.0
1608 175.0 80.0 50.0
1609 175.0 80.0 75.0
1610 175.0 80.0 100.0
1611 175.0 80.0 125.0
1612 175.0 80.0 150.0
1613 175.0 80.0 175.0
1614 175.0 80.0 200.0
1615 175.0 80.0 225.0
1616 175.0 80.0 250.0
1617 175.0 80.0 300.0
1618 175.0 80.0 350.0
1619 175.0 80.0 400.0
1620 175.0 100.0 50.0
1621 175.0 100.0 75.0
1622 175.0 100.0 100.0
1623 175.0 100.0 125.0
1624 175.0 100.0 150.0
1625 175.0 100.0 175.0
1626 175.0 100.0 200.0
1627 175.0 100.0 225.0
1628 175.0 100.0 250.0
1629 175.0 100.0 300.0
1630 175.0 100.0 350.0
1631 175.0 100.0 400.0
1632 175.0 150.0 50.0
1633 175.0 150.0 75.0
1634 175.0 150.0 100.0
1635 175.0 150.0 125.0
1636 175.0 150.0 150.0
1637 175.0 150.0 175.0
1638 175.0 150.0 200.0
1639 175.0 150.0 225.0
1640 175.0 150.0 250.0
1641 175.0 150.0 300.0
1642 175.0 150.0 350.0
1643 175.0 150.0 400.0
1644 175.0 200.0 50.0
1645 175.0 200.0 75.0
1646 175.0 200.0 100.0
1647 175.0 200.0 125.0
1648 175.0 200.0 150.0
1649 175.0 200.0 175.0
1650 175.0 200.0 200.0
1651 175.0 200.0 225.0
1652 175.0 200.0 250.0
1653 175.0 200.0 300.0
1654 175.0 200.0 350.0
1655 175.0 200.0 400.0
1656 175.0 250.0 50.0
1657 175.0 250.0 75.0
1658 175.0 250.0 100.0
1659 175.0 250.0 125.0
1660 175.0 250.0 150.0
1661 175.0 250.0 175.0
1662 175.0 250.0 200.0
1663 175.0 250.0 225.0
1664 175.0 250.0 250.0
1665 175.0 250.0 300.0
1666 175.0 250.0 350.0
1667 175.0 250.0 400.0
1668 175.0 300.0 50.0
1669 175.0 300.0 75.0
1670 175.0 300.0 100.0
1671 175.0 300.0 125.0
1672 175.0 300.0 150.0
1673 175.0 300.0 175.0
1674 175.0 300.0 200.0
1675 175.0 300.0 225.0
1676 175.0 300.0 250.0
1677 175.0 300.0 300.0
1678 175.0 300.0 350.0
1679 175.0 300.0 400.0
1680 175.0 350.0 50.0
1681 175.0 350.0 75.0
1682 175.0 350.0 100.0
1683 175.0 350.0 125.0
1684 175.0 350.0 150.0
1685 175.0 350.0 175.0
1686 175.0 350.0 200.0
1687 175.0 350.0 225.0
1688 175.0 350.0 250.0
1689 175.0 350.0 300.0
1690 175.0 350.0 350.0
1691 175.0 350.0 400.0
1692 175.0 400.0 50.0
1693 175.0 400.0 75.0
1694 175.0 400.0 100.0
1695 175.0 400.0 125.0
1696 175.0 400.0 150.0
1697 175.0 400.0 175.0
1698 175.0 400.0 200.0
1699 175.0 400.0 225.0
1700 175.0 400.0 250.0
1701 175.0 400.0 300.0
1702 175.0 400.0 350.0
1703 175.0 400.0 400.0
1704 175.0 450.0 50.0
1705 175.0 450.0 75.0
1706 175.0 450.0 100.0
1707 175.0 450.0 125.0
1708 175.0 450.0 150.0
1709 175.0 450.0 175.0
1710 175.0 450.0 200.0
1711 175.0 450.0 225.0
1712 175.0 450.0 250.0
1713 175.0 450.0 300.0
1714 175.0 450.0 350.0
1715 175.0 450.0 400.0
1716 175.0 500.0 50.0
1717 175.0 500.0 75.0
1718 175.0 500.0 100.0
1719 175.0 500.0 125.0
1720 175.0 500.0 150.0
1721 175.0 500.0 175.0
1722 175.0 500.0 200.0
1723 175.0 500.0 225.0
1724 175.0 500.0 250.0
1725 175.0 500.0 300.0
1726 175.0 500.0 350.0
1727 175.0 500.0 400.0
1728 200.0 2.0 50.0
1729 200.0 2.0 75.0
1730 200.0 2.0 100.0
1731 200.0 2.0 125.0
1732 200.0 2.0 150.0
1733 200.0 2.0 175.0
1734 200.0 2.0 200.0
1735 200.0 2.0 225.0
1736 200.0 2.0 250.0
1737 200.0 2.0 300.0
1738 200.0 2.0 350.0
1739 200.0 2.0 400.0
1740 200.0 10.0 50.0
1741 200.0 10.0 75.0
1742 200.0 10.0 100.0
1743 200.0 10.0 125.0
1744 200.0 10.0 150.0
1745 200.0 10.0 175.0
1746 200.0 10.0 200.0
1747 200.0 10.0 225.0
1748 200.0 10.0 250.0
1749 200.0 10.0 300.0
1750 200.0 10.0 350.0
1751 200.0 10.0 400.0
1752 200.0 20.0 50.0
1753 200.0 20.0 75.0
1754 200.0 20.0 100.0
1755 200.0 20.0 125.0
1756 200.0 20.0 150.0
1757 200.0 20.0 175.0
1758 200.0 20.0 200.0
1759 200.0 20.0 225.0
1760 200.0 20.0 250.0
1761 200.0 20.0 300.0
1762 200.0 20.0 350.0
1763 200.0 20.0 400.0
1764 200.0 30.0 50.0
1765 200.0 30.0 75.0
1766 200.0 30.0 100.0
1767 200.0 30.0 125.0
1768 200.0 30.0 150.0
1769 200.0 30.0 175.0
1770 200.0 30.0 200.0
1771 200.0 30.0 225.0
1772 200.0 30.0 250.0
1773 200.0 30.0 300.0
1774 200.0 30.0 350.0
1775 200.0 30.0 400.0
1776 200.0 40.0 50.0
1777 200.0 40.0 75.0
1778 200.0 40.0 100.0
1779 200.0 40.0 125.0
1780 200.0 40.0 150.0
1781 200.0 40.0 175.0
1782 200.0 40.0 200.0
1783 200.0 40.0 225.0
1784 200.0 40.0 250.0
1785 200.0 40.0 300.0
1786 200.0 40.0 350.0
1787 200.0 40.0 400.0
1788 200.0 50.0 50.0
1789 200.0 50.0 75.0
1790 200.0 50.0 100.0
1791 200.0 50.0 125.0
1792 200.0 50.0 150.0
1793 200.0 50.0 175.0
1794 200.0 50.0 200.0
1795 200.0 50.0 225.0
1796 200.0 50.0 250.0
1797 200.0 50.0 300.0
1798 200.0 50.0 350.0
1799 200.0 50.0 400.0
1800 200.0 60.0 50.0
1801 200.0 60.0 75.0
1802 200.0 60.0 100.0
1803 200.0 60.0 125.0
1804 200.0 60.0 150.0
1805 200.0 60.0 175.0
1806 200.0 60.0 200.0
1807 200.0 60.0 225.0
1808 200.0 60.0 250.0
1809 200.0 60.0 300.0
1810 200.0 60.0 350.0
1811 200.0 60.0 400.0
1812 200.0 70.0 50.0
1813 200.0 70.0 75.0
1814 200.0 70.0 100.0
1815 200.0 70.0 125.0
1816 200.0 70.0 150.0
1817 200.0 70.0 175.0
1818 200.0 70.0 200.0
1819 200.0 70.0 225.0
1820 200.0 70.0 250.0
1821 200.0 70.0 300.0
1822 200.0 70.0 350.0
1823 200.0 70.0 400.0
1824 200.0 80.0 50.0
1825 200.0 80.0 75.0
1826 200.0 80.0 100.0
1827 200.0 80.0 125.0
1828 200.0 80.0 150.0
1829 200.0 80.0 175.0
1830 200.0 80.0 200.0
1831 200.0 80.0 225.0
1832 200.0 80.0 250.0
1833 200.0 80.0 300.0
1834 200.0 80.0 350.0
1835 200.0 80.0 400.0
1836 200.0 100.0 50.0
1837 200.0 100.0 75.0
1838 200.0 100.0 100.0
1839 200.0 100.0 125.0
1840 200.0 100.0 150.0
1841 200.0 100.0 175.0
1842 200.0 100.0 200.0
1843 200.0 100.0 225.0
1844 200.0 100.0 250.0
1845 200.0 100.0 300.0
1846 200.0 100.0 350.0
1847 200.0 100.0 400.0
1848 200.0 150.0 50.0
1849 200.0 150.0 75.0
1850 200.0 150.0 100.0
1851 200.0 150.0 125.0
1852 200.0 150.0 150.0
1853 200.0 150.0 175.0
1854 200.0 150.0 200.0
1855 200.0 150.0 225.0
1856 200.0 150.0 250.0
1857 200.0 150.0 300.0
1858 200.0 150.0 350.0
1859 200.0 150.0 400.0
1860 200.0 200.0 50.0
1861 200.0 200.0 75.0
1862 200.0 200.0 100.0
1863 200.0 200.0 125.0
1864 200.0 200.0 150.0
1865 200.0 200.0 175.0
1866 200.0 200.0 200.0
1867 200.0 200.0 225.0
1868 200.0 200.0 250.0
1869 200.0 200.0 300.0
1870 200.0 200.0 350.0
1871 200.0 200.0 400.0
1872 200.0 250.0 50.0
1873 200.0 250.0 75.0
1874 200.0 250.0 100.0
1875 200.0 250.0 125.0
1876 200.0 250.0 150.0
1877 200.0 250.0 175.0
1878 200.0 250.0 200.0
1879 200.0 250.0 225.0
1880 200.0 250.0 250.0
1881 200.0 250.0 300.0
1882 200.0 250.0 350.0
1883 200.0 250.0 400.0
1884 200.0 300.0 50.0
1885 200.0 300.0 75.0
1886 200.0 300.0 100.0
1887 200.0 300.0 125.0
1888 200.0 300.0 150.0
1889 200.0 300.0 175.0
1890 200.0 300.0 200.0
1891 200.0 300.0 225.0
1892 200.0 300.0 250.0
1893 200.0 300.0 300.0
1894 200.0 300.0 350.0
1895 200.0 300.0 400.0
1896 200.0 350.0 50.0
1897 200.0 350.0 75.0
1898 200.0 350.0 100.0
1899 200.0 350.0 125.0
1900 200.0 350.0 150.0
1901 200.0 350.0 175.0
1902 200.0 350.0 200.0
1903 200.0 350.0 225.0
1904 200.0 350.0 250.0
1905 200.0 350.0 300.0
1906 200.0 350.0 350.0
1907 200.0 350.0 400.0
1908 200.0 400.0 50.0
1909 200.0 400.0 75.0
1910 200.0 400.0 100.0
1911 200.0 400.0 125.0
1912 200.0 400.0 150.0
1913 200.0 400.0 175.0
1914 200.0 400.0 200.0
1915 200.0 400.0 225.0
1916 200.0 400.0 250.0
1917 200.0 400.0 300.0
1918 200.0 400.0 350.0
1919 200.0 400.0 400.0
1920 200.0 450.0 50.0
1921 200.0 450.0 75.0
1922 200.0 450.0 100.0
1923 200.0 450.0 125.0
1924 200.0 450.0 150.0
1925 200.0 450.0 175.0
1926 200.0 450.0 200.0
1927 200.0 450.0 225.0
1928 200.0 450.0 250.0
1929 200.0 450.0 300.0
1930 200.0 450.0 350.0
1931 200.0 450.0 400.0
1932 200.0 500.0 50.0
1933 200.0 500.0 75.0
1934 200.0 500.0 100.0
1935 200.0 500.0 125.0
1936 200.0 500.0 150.0
1937 200.0 500.0 175.0
1938 200.0 500.0 200.0
1939 200.0 500.0 225.0
1940 200.0 500.0 250.0
1941 200.0 500.0 300.0
1942 200.0 500.0 350.0
1943 200.0 500.0 400.0
1944 225.0 2.0 50.0
1945 225.0 2.0 75.0
1946 225.0 2.0 100.0
1947 225.0 2.0 125.0
1948 225.0 2.0 150.0
1949 225.0 2.0 175.0
1950 225.0 2.0 200.0
1951 225.0 2.0 225.0
1952 225.0 2.0 250.0
1953 225.0 2.0 300.0
1954 225.0 2.0 350.0
1955 225.0 2.0 400.0
1956 225.0 10.0 50.0
1957 225.0 10.0 75.0
1958 225.0 10.0 100.0
1959 225.0 10.0 125.0
1960 225.0 10.0 150.0
1961 225.0 10.0 175.0
1962 225.0 10.0 200.0
1963 225.0 10.0 225.0
1964 225.0 10.0 250.0
1965 225.0 10.0 300.0
1966 225.0 10.0 350.0
1967 225.0 10.0 400.0
1968 225.0 20.0 50.0
1969 225.0 20.0 75.0
1970 225.0 20.0 100.0
1971 225.0 20.0 125.0
1972 225.0 20.0 150.0
1973 225.0 20.0 175.0
1974 225.0 20.0 200.0
1975 225.0 20.0 225.0
1976 225.0 20.0 250.0
1977 225.0 20.0 300.0
1978 225.0 20.0 350.0
1979 225.0 20.0 400.0
1980 225.0 30.0 50.0
1981 225.0 30.0 75.0
1982 225.0 30.0 100.0
1983 225.0 30.0 125.0
1984 225.0 30.0 150.0
1985 225.0 30.0 175.0
1986 225.0 30.0 200.0
1987 225.0 30.0 225.0
1988 225.0 30.0 250.0
1989 225.0 30.0 300.0
1990 225.0 30.0 350.0
1991 225.0 30.0 400.0
1992 225.0 40.0 50.0
1993 225.0 40.0 75.0
1994 225.0 40.0 100.0
1995 225.0 40.0 125.0
1996 225.0 40.0 150.0
1997 225.0 40.0 175.0
1998 225.0 40.0 200.0
1999 225.0 40.0 225.0
2000 225.0 40.0 250.0
2001 225.0 40.0 300.0
2002 225.0 40.0 350.0
2003 225.0 40.0 400.0
2004 225.0 50.0 50.0
2005 225.0 50.0 75.0
2006 225.0 50.0 100.0
2007 225.0 50.0 125.0
2008 225.0 50.0 150.0
2009 225.0 50.0 175.0
2010 225.0 50.0 200.0
2011 225.0 50.0 225.0
2012 225.0 50.0 250.0
2013 225.0 50.0 300.0
2014 225.0 50.0 350.0
2015 225.0 50.0 400.0
2016 225.0 60.0 50.0
2017 225.0 60.0 75.0
2018 225.0 60.0 100.0
2019 225.0 60.0 125.0
2020 225.0 60.0 150.0
2021 225.0 60.0 175.0
2022 225.0 60.0 200.0
2023 225.0 60.0 225.0
2024 225.0 60.0 250.0
2025 225.0 60.0 300.0
2026 225.0 60.0 350.0
2027 225.0 60.0 400.0
2028 225.0 70.0 50.0
2029 225.0 70.0 75.0
2030 225.0 70.0 100.0
2031 225.0 70.0 125.0
2032 225.0 70.0 150.0
2033 225.0 70.0 175.0
2034 225.0 70.0 200.0
2035 225.0 70.0 225.0
2036 225.0 70.0 250.0
2037 225.0 70.0 300.0
2038 225.0 70.0 350.0
2039 225.0 70.0 400.0
2040 225.0 80.0 50.0
2041 225.0 80.0 75.0
2042 225.0 80.0 100.0
2043 225.0 80.0 125.0
2044 225.0 80.0 150.0
2045 225.0 80.0 175.0
2046 225.0 80.0 200.0
2047 225.0 80.0 225.0
2048 225.0 80.0 250.0
2049 225.0 80.0 300.0
2050 225.0 80.0 350.0
2051 225.0 80.0 400.0
2052 225.0 100.0 50.0
2053 225.0 100.0 75.0
2054 225.0 100.0 100.0
2055 225.0 100.0 125.0
2056 225.0 100.0 150.0
2057 225.0 100.0 175.0
2058 225.0 100.0 200.0
2059 225.0 100.0 225.0
2060 225.0 100.0 250.0
2061 225.0 100.0 300.0
2062 225.0 100.0 350.0
2063 225.0 100.0 400.0
2064 225.0 150.0 50.0
2065 225.0 150.0 75.0
2066 225.0 150.0 100.0
2067 225.0 150.0 125.0
2068 225.0 150.0 150.0
2069 225.0 150.0 175.0
2070 225.0 150.0 200.0
2071 225.0 150.0 225.0
2072 225.0 150.0 250.0
2073 225.0 150.0 300.0
2074 225.0 150.0 350.0
2075 225.0 150.0 400.0
2076 225.0 200.0 50.0
2077 225.0 200.0 75.0
2078 225.0 200.0 100.0
2079 225.0 200.0 125.0
2080 225.0 200.0 150.0
2081 225.0 200.0 175.0
2082 225.0 200.0 200.0
2083 225.0 200.0 225.0
2084 225.0 200.0 250.0
2085 225.0 200.0 300.0
2086 225.0 200.0 350.0
2087 225.0 200.0 400.0
2088 225.0 250.0 50.0
2089 225.0 250.0 75.0
2090 225.0 250.0 100.0
2091 225.0 250.0 125.0
2092 225.0 250.0 150.0
2093 225.0 250.0 175.0
2094 225.0 250.0 200.0
2095 225.0 250.0 225.0
2096 225.0 250.0 250.0
2097 225.0 250.0 300.0
2098 225.0 250.0 350.0
2099 225.0 250.0 400.0
2100 225.0 300.0 50.0
2101 225.0 300.0 75.0
2102 225.0 300.0 100.0
2103 225.0 300.0 125.0
2104 225.0 300.0 150.0
2105 225.0 300.0 175.0
2106 225.0 300.0 200.0
2107 225.0 300.0 225.0
2108 225.0 300.0 250.0
2109 225.0 300.0 300.0
2110 225.0 300.0 350.0
2111 225.0 300.0 400.0
2112 225.0 350.0 50.0
2113 225.0 350.0 75.0
2114 225.0 350.0 100.0
2115 225.0 350.0 125.0
2116 225.0 350.0 150.0
2117 225.0 350.0 175.0
2118 225.0 350.0 200.0
2119 225.0 350.0 225.0
2120 225.0 350.0 250.0
2121 225.0 350.0 300.0
2122 225.0 350.0 350.0
2123 225.0 350.0 400.0
2124 225.0 400.0 50.0
2125 225.0 400.0 75.0
2126 225.0 400.0 100.0
2127 225.0 400.0 125.0
2128 225.0 400.0 150.0
2129 225.0 400.0 175.0
2130 225.0 400.0 200.0
2131 225.0 400.0 225.0
2132 225.0 400.0 250.0
2133 225.0 400.0 300.0
2134 225.0 400.0 350.0
2135 225.0 400.0 400.0
2136 225.0 450.0 50.0
2137 225.0 450.0 75.0
2138 225.0 450.0 100.0
2139 225.0 450.0 125.0
2140 225.0 450.0 150.0
2141 225.0 450.0 175.0
2142 225.0 450.0 200.0
2143 225.0 450.0 225.0
2144 225.0 450.0 250.0
2145 225.0 450.0 300.0
2146 225.0 450.0 350.0
2147 225.0 450.0 400.0
2148 225.0 500.0 50.0
2149 225.0 500.0 75.0
2150 225.0 500.0 100.0
2151 225.0 500.0 125.0
2152 225.0 500.0 150.0
2153 225.0 500.0 175.0
2154 225.0 500.0 200.0
2155 225.0 500.0 225.0
2156 225.0 500.0 250.0
2157 225.0 500.0 300.0
2158 225.0 500.0 350.0
2159 225.0 500.0 400.0
2160 250.0 2.0 50.0
2161 250.0 2.0 75.0
2162 250.0 2.0 100.0
2163 250.0 2.0 125.0
2164 250.0 2.0 150.0
2165 250.0 2.0 175.0
2166 250.0 2.0 200.0
2167 250.0 2.0 225.0
2168 250.0 2.0 250.0
2169 250.0 2.0 300.0
2170 250.0 2.0 350.0
2171 250.0 2.0 400.0
2172 250.0 10.0 50.0
2173 250.0 10.0 75.0
2174 250.0 10.0 100.0
2175 250.0 10.0 125.0
2176 250.0 10.0 150.0
2177 250.0 10.0 175.0
2178 250.0 10.0 200.0
2179 250.0 10.0 225.0
2180 250.0 10.0 250.0
2181 250.0 10.0 300.0
2182 250.0 10.0 350.0
2183 250.0 10.0 400.0
2184 250.0 20.0 50.0
2185 250.0 20.0 75.0
2186 250.0 20.0 100.0
2187 250.0 20.0 125.0
2188 250.0 20.0 150.0
2189 250.0 20.0 175.0
2190 250.0 20.0 200.0
2191 250.0 20.0 225.0
2192 250.0 20.0 250.0
2193 250.0 20.0 300.0
2194 250.0 20.0 350.0
2195 250.0 20.0 400.0
2196 250.0 30.0 50.0
2197 250.0 30.0 75.0
2198 250.0 30.0 100.0
2199 250.0 30.0 125.0
2200 250.0 30.0 150.0
2201 250.0 30.0 175.0
2202 250.0 30.0 200.0
2203 250.0 30.0 225.0
2204 250.0 30.0 250.0
2205 250.0 30.0 300.0
2206 250.0 30.0 350.0
2207 250.0 30.0 400.0
2208 250.0 40.0 50.0
2209 250.0 40.0 75.0
2210 250.0 40.0 100.0
2211 250.0 40.0 125.0
2212 250.0 40.0 150.0
2213 250.0 40.0 175.0
2214 250.0 40.0 200.0
2215 250.0 40.0 225.0
2216 250.0 40.0 250.0
2217 250.0 40.0 300.0
2218 250.0 40.0 350.0
2219 250.0 40.0 400.0
2220 250.0 50.0 50.0
2221 250.0 50.0 75.0
2222 250.0 50.0 100.0
2223 250.0 50.0 125.0
2224 250.0 50.0 150.0
2225 250.0 50.0 175.0
2226 250.0 50.0 200.0
2227 250.0 50.0 225.0
2228 250.0 50.0 250.0
2229 250.0 50.0 300.0
2230 250.0 50.0 350.0
2231 250.0 50.0 400.0
2232 250.0 60.0 50.0
2233 250.0 60.0 75.0
2234 250.0 60.0 100.0
2235 250.0 60.0 125.0
2236 250.0 60.0 150.0
2237 250.0 60.0 175.0
2238 250.0 60.0 200.0
2239 250.0 60.0 225.0
2240 250.0 60.0 250.0
2241 250.0 60.0 300.0
2242 250.0 60.0 350.0
2243 250.0 60.0 400.0
2244 250.0 70.0 50.0
2245 250.0 70.0 75.0
2246 250.0 70.0 100.0
2247 250.0 70.0 125.0
2248 250.0 70.0 150.0
2249 250.0 70.0 175.0
2250 250.0 70.0 200.0
2251 250.0 70.0 225.0
2252 250.0 70.0 250.0
2253 250.0 70.0 300.0
2254 250.0 70.0 350.0
2255 250.0 70.0 400.0
2256 250.0 80.0 50.0
2257 250.0 80.0 75.0
2258 250.0 80.0 100.0
2259 250.0 80.0 125.0
2260 250.0 80.0 150.0
2261 250.0 80.0 175.0
2262 250.0 80.0 200.0
2263 250.0 80.0 225.0
2264 250.0 80.0 250.0
2265 250.0 80.0 300.0
2266 250.0 80.0 350.0
2267 250.0 80.0 400.0
2268 250.0 100.0 50.0
2269 250.0 100.0 75.0
2270 250.0 100.0 100.0
2271 250.0 100.0 125.0
2272 250.0 100.0 150.0
2273 250.0 100.0 175.0
2274 250.0 100.0 200.0
2275 250.0 100.0 225.0
2276 250.0 100.0 250.0
2277 250.0 100.0 300.0
2278 250.0 100.0 350.0
2279 250.0 100.0 400.0
2280 250.0 150.0 50.0
2281 250.0 150.0 75.0
2282 250.0 150.0 100.0
2283 250.0 150.0 125.0
2284 250.0 150.0 150.0
2285 250.0 150.0 175.0
2286 250.0 150.0 200.0
2287 250.0 150.0 225.0
2288 250.0 150.0 250.0
2289 250.0 150.0 300.0
2290 250.0 150.0 350.0
2291 250.0 150.0 400.0
2292 250.0 200.0 50.0
2293 250.0 200.0 75.0
2294 250.0 200.0 100.0
2295 250.0 200.0 125.0
2296 250.0 200.0 150.0
2297 250.0 200.0 175.0
2298 250.0 200.0 200.0
2299 250.0 200.0 225.0
2300 250.0 200.0 250.0
2301 250.0 200.0 300.0
2302 250.0 200.0 350.0
2303 250.0 200.0 400.0
2304 250.0 250.0 50.0
2305 250.0 250.0 75.0
2306 250.0 250.0 100.0
2307 250.0 250.0 125.0
2308 250.0 250.0 150.0
2309 250.0 250.0 175.0
2310 250.0 250.0 200.0
2311 250.0 250.0 225.0
2312 250.0 250.0 250.0
2313 250.0 250.0 300.0
2314 250.0 250.0 350.0
2315 250.0 250.0 400.0
2316 250.0 300.0 50.0
2317 250.0 300.0 75.0
2318 250.0 300.0 100.0
2319 250.0 300.0 125.0
2320 250.0 300.0 150.0
2321 250.0 300.0 175.0
2322 250.0 300.0 200.0
2323 250.0 300.0 225.0
2324 250.0 300.0 250.0
2325 250.0 300.0 300.0
2326 250.0 300.0 350.0
2327 250.0 300.0 400.0
2328 250.0 350.0 50.0
2329 250.0 350.0 75.0
2330 250.0 350.0 100.0
2331 250.0 350.0 125.0
2332 250.0 350.0 150.0
2333 250.0 350.0 175.0
2334 250.0 350.0 200.0
2335 250.0 350.0 225.0
2336 250.0 350.0 250.0
2337 250.0 350.0 300.0
2338 250.0 350.0 350.0
2339 250.0 350.0 400.0
2340 250.0 400.0 50.0
2341 250.0 400.0 75.0
2342 250.0 400.0 100.0
2343 250.0 400.0 125.0
2344 250.0 400.0 150.0
2345 250.0 400.0 175.0
2346 250.0 400.0 200.0
2347 250.0 400.0 225.0
2348 250.0 400.0 250.0
2349 250.0 400.0 300.0
2350 250.0 400.0 350.0
2351 250.0 400.0 400.0
2352 250.0 450.0 50.0
2353 250.0 450.0 75.0
2354 250.0 450.0 100.0
2355 250.0 450.0 125.0
2356 250.0 450.0 150.0
2357 250.0 450.0 175.0
2358 250.0 450.0 200.0
2359 250.0 450.0 225.0
2360 250.0 450.0 250.0
2361 250.0 450.0 300.0
2362 250.0 450.0 350.0
2363 250.0 450.0 400.0
2364 250.0 500.0 50.0
2365 250.0 500.0 75.0
2366 250.0 500.0 100.0
2367 250.0 500.0 125.0
2368 250.0 500.0 150.0
2369 250.0 500.0 175.0
2370 250.0 500.0 200.0
2371 250.0 500.0 225.0
2372 250.0 500.0 250.0
2373 250.0 500.0 300.0
2374 250.0 500.0 350.0
2375 250.0 500.0 400.0
2376 300.0 2.0 50.0
2377 300.0 2.0 75.0
2378 300.0 2.0 100.0
2379 300.0 2.0 125.0
2380 300.0 2.0 150.0
2381 300.0 2.0 175.0
2382 300.0 2.0 200.0
2383 300.0 2.0 225.0
2384 300.0 2.0 250.0
2385 300.0 2.0 300.0
2386 300.0 2.0 350.0
2387 300.0 2.0 400.0
2388 300.0 10.0 50.0
2389 300.0 10.0 75.0
2390 300.0 10.0 100.0
2391 300.0 10.0 125.0
2392 300.0 10.0 150.0
2393 300.0 10.0 175.0
2394 300.0 10.0 200.0
2395 300.0 10.0 225.0
2396 300.0 10.0 250.0
2397 300.0 10.0 300.0
2398 300.0 10.0 350.0
2399 300.0 10.0 400.0
2400 300.0 20.0 50.0
2401 300.0 20.0 75.0
2402 300.0 20.0 100.0
2403 300.0 20.0 125.0
2404 300.0 20.0 150.0
2405 300.0 20.0 175.0
2406 300.0 20.0 200.0
2407 300.0 20.0 225.0
2408 300.0 20.0 250.0
2409 300.0 20.0 300.0
2410 300.0 20.0 350.0
2411 300.0 20.0 400.0
2412 300.0 30.0 50.0
2413 300.0 30.0 75.0
2414 300.0 30.0 100.0
2415 300.0 30.0 125.0
2416 300.0 30.0 150.0
2417 300.0 30.0 175.0
2418 300.0 30.0 200.0
2419 300.0 30.0 225.0
2420 300.0 30.0 250.0
2421 300.0 30.0 300.0
2422 300.0 30.0 350.0
2423 300.0 30.0 400.0
2424 300.0 40.0 50.0
2425 300.0 40.0 75.0
2426 300.0 40.0 100.0
2427 300.0 40.0 125.0
2428 300.0 40.0 150.0
2429 300.0 40.0 175.0
2430 300.0 40.0 200.0
2431 300.0 40.0 225.0
2432 300.0 40.0 250.0
2433 300.0 40.0 300.0
2434 300.0 40.0 350.0
2435 300.0 40.0 400.0
2436 300.0 50.0 50.0
2437 300.0 50.0 75.0
2438 300.0 50.0 100.0
2439 300.0 50.0 125.0
2440 300.0 50.0 150.0
2441 300.0 50.0 175.0
2442 300.0 50.0 200.0
2443 300.0 50.0 225.0
2444 300.0 50.0 250.0
2445 300.0 50.0 300.0
2446 300.0 50.0 350.0
2447 300.0 50.0 400.0
2448 300.0 60.0 50.0
2449 300.0 60.0 75.0
2450 300.0 60.0 100.0
2451 300.0 60.0 125.0
2452 300.0 60.0 150.0
2453 300.0 60.0 175.0
2454 300.0 60.0 200.0
2455 300.0 60.0 225.0
2456 300.0 60.0 250.0
2457 300.0 60.0 300.0
2458 300.0 60.0 350.0
2459 300.0 60.0 400.0
2460 300.0 70.0 50.0
2461 300.0 70.0 75.0
2462 300.0 70.0 100.0
2463 300.0 70.0 125.0
2464 300.0 70.0 150.0
2465 300.0 70.0 175.0
2466 300.0 70.0 200.0
2467 300.0 70.0 225.0
2468 300.0 70.0 250.0
2469 300.0 70.0 300.0
2470 300.0 70.0 350.0
2471 300.0 70.0 400.0
2472 300.0 80.0 50.0
2473 300.0 80.0 75.0
2474 300.0 80.0 100.0
2475 300.0 80.0 125.0
2476 300.0 80.0 150.0
2477 300.0 80.0 175.0
2478 300.0 80.0 200.0
2479 300.0 80.0 225.0
2480 300.0 80.0 250.0
2481 300.0 80.0 300.0
2482 300.0 80.0 350.0
2483 300.0 80.0 400.0
2484 300.0 100.0 50.0
2485 300.0 100.0 75.0
2486 300.0 100.0 100.0
2487 300.0 100.0 125.0
2488 300.0 100.0 150.0
2489 300.0 100.0 175.0
2490 300.0 100.0 200.0
2491 300.0 100.0 225.0
2492 300.0 100.0 250.0
2493 300.0 100.0 300.0
2494 300.0 100.0 350.0
2495 300.0 100.0 400.0
2496 300.0 150.0 50.0
2497 300.0 150.0 75.0
2498 300.0 150.0 100.0
2499 300.0 150.0 125.0
2500 300.0 150.0 150.0
2501 300.0 150.0 175.0
2502 300.0 150.0 200.0
2503 300.0 150.0 225.0
2504 300.0 150.0 250.0
2505 300.0 150.0 300.0
2506 300.0 150.0 350.0
2507 300.0 150.0 400.0
2508 300.0 200.0 50.0
2509 300.0 200.0 75.0
2510 300.0 200.0 100.0
2511 300.0 200.0 125.0
2512 300.0 200.0 150.0
2513 300.0 200.0 175.0
2514 300.0 200.0 200.0
2515 300.0 200.0 225.0
2516 300.0 200.0 250.0
2517 300.0 200.0 300.0
2518 300.0 200.0 350.0
2519 300.0 200.0 400.0
2520 300.0 250.0 50.0
2521 300.0 250.0 75.0
2522 300.0 250.0 100.0
2523 300.0 250.0 125.0
2524 300.0 250.0 150.0
2525 300.0 250.0 175.0
2526 300.0 250.0 200.0
2527 300.0 250.0 225.0
2528 300.0 250.0 250.0
2529 300.0 250.0 300.0
2530 300.0 250.0 350.0
2531 300.0 250.0 400.0
2532 300.0 300.0 50.0
2533 300.0 300.0 75.0
2534 300.0 300.0 100.0
2535 300.0 300.0 125.0
2536 300.0 300.0 150.0
2537 300.0 300.0 175.0
2538 300.0 300.0 200.0
2539 300.0 300.0 225.0
2540 300.0 300.0 250.0
2541 300.0 300.0 300.0
2542 300.0 300.0 350.0
2543 300.0 300.0 400.0
2544 300.0 350.0 50.0
2545 300.0 350.0 75.0
2546 300.0 350.0 100.0
2547 300.0 350.0 125.0
2548 300.0 350.0 150.0
2549 300.0 350.0 175.0
2550 300.0 350.0 200.0
2551 300.0 350.0 225.0
2552 300.0 350.0 250.0
2553 300.0 350.0 300.0
2554 300.0 350.0 350.0
2555 300.0 350.0 400.0
2556 300.0 400.0 50.0
2557 300.0 400.0 75.0
2558 300.0 400.0 100.0
2559 300.0 400.0 125.0
2560 300.0 400.0 150.0
2561 300.0 400.0 175.0
2562 300.0 400.0 200.0
2563 300.0 400.0 225.0
2564 300.0 400.0 250.0
2565 300.0 400.0 300.0
2566 300.0 400.0 350.0
2567 300.0 400.0 400.0
2568 300.0 450.0 50.0
2569 300.0 450.0 75.0
2570 300.0 450.0 100.0
2571 300.0 450.0 125.0
2572 300.0 450.0 150.0
2573 300.0 450.0 175.0
2574 300.0 450.0 200.0
2575 300.0 450.0 225.0
2576 300.0 450.0 250.0
2577 300.0 450.0 300.0
2578 300.0 450.0 350.0
2579 300.0 450.0 400.0
2580 300.0 500.0 50.0
2581 300.0 500.0 75.0
2582 300.0 500.0 100.0
2583 300.0 500.0 125.0
2584 300.0 500.0 150.0
2585 300.0 500.0 175.0
2586 300.0 500.0 200.0
2587 300.0 500.0 225.0
2588 300.0 500.0 250.0
2589 300.0 500.0 300.0
2590 300.0 500.0 350.0
2591 300.0 500.0 400.0
2592  0.0  2.0 275.0 
2593  0.0  2.0 325.0 
2594  0.0  2.0 375.0 
2595  0.0 10.0 275.0 
2596  0.0 10.0 325.0 
2597  0.0 10.0 375.0 
2598  0.0 20.0 275.0 
2599  0.0 20.0 325.0 
2600  0.0 20.0 375.0 
2601  0.0 30.0 275.0 
2602  0.0 30.0 325.0 
2603  0.0 30.0 375.0 
2604  0.0 40.0 275.0 
2605  0.0 40.0 325.0 
2606  0.0 40.0 375.0 
2607  0.0 50.0 275.0 
2608  0.0 50.0 325.0 
2609  0.0 50.0 375.0 
2610  0.0 60.0 275.0 
2611  0.0 60.0 325.0 
2612  0.0 60.0 375.0 
2613  0.0 70.0 275.0 
2614  0.0 70.0 325.0 
2615  0.0 70.0 375.0 
2616  0.0 80.0 275.0 
2617  0.0 80.0 325.0 
2618  0.0 80.0 375.0 
2619  0.0 100.0 275.0 
2620  0.0 100.0 325.0 
2621  0.0 100.0 375.0 
2622  0.0 150.0 275.0 
2623  0.0 150.0 325.0 
2624  0.0 150.0 375.0 
2625  0.0 200.0 275.0 
2626  0.0 200.0 325.0 
2627  0.0 200.0 375.0 
2628  0.0 250.0 275.0 
2629  0.0 250.0 325.0 
2630  0.0 250.0 375.0 
2631  0.0 300.0 275.0 
2632  0.0 300.0 325.0 
2633  0.0 300.0 375.0 
2634  0.0 350.0 275.0 
2635  0.0 350.0 325.0 
2636  0.0 350.0 375.0 
2637  0.0 400.0 275.0 
2638  0.0 400.0 325.0 
2639  0.0 400.0 375.0 
2640  0.0 450.0 275.0 
2641  0.0 450.0 325.0 
2642  0.0 450.0 375.0 
2643  0.0 500.0 275.0 
2644  0.0 500.0 325.0 
2645  0.0 500.0 375.0 
2646 25.0  2.0 275.0 
2647 25.0  2.0 325.0 
2648 25.0  2.0 375.0 
2649 25.0 10.0 275.0 
2650 25.0 10.0 325.0 
2651 25.0 10.0 375.0 
2652 25.0 20.0 275.0 
2653 25.0 20.0 325.0 
2654 25.0 20.0 375.0 
2655 25.0 30.0 275.0 
2656 25.0 30.0 325.0 
2657 25.0 30.0 375.0 
2658 25.0 40.0 275.0 
2659 25.0 40.0 325.0 
2660 25.0 40.0 375.0 
2661 25.0 50.0 275.0 
2662 25.0 50.0 325.0 
2663 25.0 50.0 375.0 
2664 25.0 60.0 275.0 
2665 25.0 60.0 325.0 
2666 25.0 60.0 375.0 
2667 25.0 70.0 275.0 
2668 25.0 70.0 325.0 
2669 25.0 70.0 375.0 
2670 25.0 80.0 275.0 
2671 25.0 80.0 325.0 
2672 25.0 80.0 375.0 
2673 25.0 100.0 275.0 
2674 25.0 100.0 325.0 
2675 25.0 100.0 375.0 
2676 25.0 150.0 275.0 
2677 25.0 150.0 325.0 
2678 25.0 150.0 375.0 
2679 25.0 200.0 275.0 
2680 25.0 200.0 325.0 
2681 25.0 200.0 375.0 
2682 25.0 250.0 275.0 
2683 25.0 250.0 325.0 
2684 25.0 250.0 375.0 
2685 25.0 300.0 275.0 
2686 25.0 300.0 325.0 
2687 25.0 300.0 375.0 
2688 25.0 350.0 275.0 
2689 25.0 350.0 325.0 
2690 25.0 350.0 375.0 
2691 25.0 400.0 275.0 
2692 25.0 400.0 325.0 
2693 25.0 400.0 375.0 
2694 25.0 450.0 275.0 
2695 25.0 450.0 325.0 
2696 25.0 450.0 375.0 
2697 25.0 500.0 275.0 
2698 25.0 500.0 325.0 
2699 25.0 500.0 375.0 
2700 50.0  2.0 275.0 
2701 50.0  2.0 325.0 
2702 50.0  2.0 375.0 
2703 50.0 10.0 275.0 
2704 50.0 10.0 325.0 
2705 50.0 10.0 375.0 
2706 50.0 20.0 275.0 
2707 50.0 20.0 325.0 
2708 50.0 20.0 375.0 
2709 50.0 30.0 275.0 
2710 50.0 30.0 325.0 
2711 50.0 30.0 375.0 
2712 50.0 40.0 275.0 
2713 50.0 40.0 325.0 
2714 50.0 40.0 375.0 
2715 50.0 50.0 275.0 
2716 50.0 50.0 325.0 
2717 50.0 50.0 375.0 
2718 50.0 60.0 275.0 
2719 50.0 60.0 325.0 
2720 50.0 60.0 375.0 
2721 50.0 70.0 275.0 
2722 50.0 70.0 325.0 
2723 50.0 70.0 375.0 
2724 50.0 80.0 275.0 
2725 50.0 80.0 325.0 
2726 50.0 80.0 375.0 
2727 50.0 100.0 275.0 
2728 50.0 100.0 325.0 
2729 50.0 100.0 375.0 
2730 50.0 150.0 275.0 
2731 50.0 150.0 325.0 
2732 50.0 150.0 375.0 
2733 50.0 200.0 275.0 
2734 50.0 200.0 325.0 
2735 50.0 200.0 375.0 
2736 50.0 250.0 275.0 
2737 50.0 250.0 325.0 
2738 50.0 250.0 375.0 
2739 50.0 300.0 275.0 
2740 50.0 300.0 325.0 
2741 50.0 300.0 375.0 
2742 50.0 350.0 275.0 
2743 50.0 350.0 325.0 
2744 50.0 350.0 375.0 
2745 50.0 400.0 275.0 
2746 50.0 400.0 325.0 
2747 50.0 400.0 375.0 
2748 50.0 450.0 275.0 
2749 50.0 450.0 325.0 
2750 50.0 450.0 375.0 
2751 50.0 500.0 275.0 
2752 50.0 500.0 325.0 
2753 50.0 500.0 375.0 
2754 75.0  2.0 275.0 
2755 75.0  2.0 325.0 
2756 75.0  2.0 375.0 
2757 75.0 10.0 275.0 
2758 75.0 10.0 325.0 
2759 75.0 10.0 375.0 
2760 75.0 20.0 275.0 
2761 75.0 20.0 325.0 
2762 75.0 20.0 375.0 
2763 75.0 30.0 275.0 
2764 75.0 30.0 325.0 
2765 75.0 30.0 375.0 
2766 75.0 40.0 275.0 
2767 75.0 40.0 325.0 
2768 75.0 40.0 375.0 
2769 75.0 50.0 275.0 
2770 75.0 50.0 325.0 
2771 75.0 50.0 375.0 
2772 75.0 60.0 275.0 
2773 75.0 60.0 325.0 
2774 75.0 60.0 375.0 
2775 75.0 70.0 275.0 
2776 75.0 70.0 325.0 
2777 75.0 70.0 375.0 
2778 75.0 80.0 275.0 
2779 75.0 80.0 325.0 
2780 75.0 80.0 375.0 
2781 75.0 100.0 275.0 
2782 75.0 100.0 325.0 
2783 75.0 100.0 375.0 
2784 75.0 150.0 275.0 
2785 75.0 150.0 325.0 
2786 75.0 150.0 375.0 
2787 75.0 200.0 275.0 
2788 75.0 200.0 325.0 
2789 75.0 200.0 375.0 
2790 75.0 250.0 275.0 
2791 75.0 250.0 325.0 
2792 75.0 250.0 375.0 
2793 75.0 300.0 275.0 
2794 75.0 300.0 325.0 
2795 75.0 300.0 375.0 
2796 75.0 350.0 275.0 
2797 75.0 350.0 325.0 
2798 75.0 350.0 375.0 
2799 75.0 400.0 275.0 
2800 75.0 400.0 325.0 
2801 75.0 400.0 375.0 
2802 75.0 450.0 275.0 
2803 75.0 450.0 325.0 
2804 75.0 450.0 375.0 
2805 75.0 500.0 275.0 
2806 75.0 500.0 325.0 
2807 75.0 500.0 375.0 
2808 100.0  2.0 275.0 
2809 100.0  2.0 325.0 
2810 100.0  2.0 375.0 
2811 100.0 10.0 275.0 
2812 100.0 10.0 325.0 
2813 100.0 10.0 375.0 
2814 100.0 20.0 275.0 
2815 100.0 20.0 325.0 
2816 100.0 20.0 375.0 
2817 100.0 30.0 275.0 
2818 100.0 30.0 325.0 
2819 100.0 30.0 375.0 
2820 100.0 40.0 275.0 
2821 100.0 40.0 325.0 
2822 100.0 40.0 375.0 
2823 100.0 50.0 275.0 
2824 100.0 50.0 325.0 
2825 100.0 50.0 375.0 
2826 100.0 60.0 275.0 
2827 100.0 60.0 325.0 
2828 100.0 60.0 375.0 
2829 100.0 70.0 275.0 
2830 100.0 70.0 325.0 
2831 100.0 70.0 375.0 
2832 100.0 80.0 275.0 
2833 100.0 80.0 325.0 
2834 100.0 80.0 375.0 
2835 100.0 100.0 275.0 
2836 100.0 100.0 325.0 
2837 100.0 100.0 375.0 
2838 100.0 150.0 275.0 
2839 100.0 150.0 325.0 
2840 100.0 150.0 375.0 
2841 100.0 200.0 275.0 
2842 100.0 200.0 325.0 
2843 100.0 200.0 375.0 
2844 100.0 250.0 275.0 
2845 100.0 250.0 325.0 
2846 100.0 250.0 375.0 
2847 100.0 300.0 275.0 
2848 100.0 300.0 325.0 
2849 100.0 300.0 375.0 
2850 100.0 350.0 275.0 
2851 100.0 350.0 325.0 
2852 100.0 350.0 375.0 
2853 100.0 400.0 275.0 
2854 100.0 400.0 325.0 
2855 100.0 400.0 375.0 
2856 100.0 450.0 275.0 
2857 100.0 450.0 325.0 
2858 100.0 450.0 375.0 
2859 100.0 500.0 275.0 
2860 100.0 500.0 325.0 
2861 100.0 500.0 375.0 
2862 125.0  2.0 275.0 
2863 125.0  2.0 325.0 
2864 125.0  2.0 375.0 
2865 125.0 10.0 275.0 
2866 125.0 10.0 325.0 
2867 125.0 10.0 375.0 
2868 125.0 20.0 275.0 
2869 125.0 20.0 325.0 
2870 125.0 20.0 375.0 
2871 125.0 30.0 275.0 
2872 125.0 30.0 325.0 
2873 125.0 30.0 375.0 
2874 125.0 40.0 275.0 
2875 125.0 40.0 325.0 
2876 125.0 40.0 375.0 
2877 125.0 50.0 275.0 
2878 125.0 50.0 325.0 
2879 125.0 50.0 375.0 
2880 125.0 60.0 275.0 
2881 125.0 60.0 325.0 
2882 125.0 60.0 375.0 
2883 125.0 70.0 275.0 
2884 125.0 70.0 325.0 
2885 125.0 70.0 375.0 
2886 125.0 80.0 275.0 
2887 125.0 80.0 325.0 
2888 125.0 80.0 375.0 
2889 125.0 100.0 275.0 
2890 125.0 100.0 325.0 
2891 125.0 100.0 375.0 
2892 125.0 150.0 275.0 
2893 125.0 150.0 325.0 
2894 125.0 150.0 375.0 
2895 125.0 200.0 275.0 
2896 125.0 200.0 325.0 
2897 125.0 200.0 375.0 
2898 125.0 250.0 275.0 
2899 125.0 250.0 325.0 
2900 125.0 250.0 375.0 
2901 125.0 300.0 275.0 
2902 125.0 300.0 325.0 
2903 125.0 300.0 375.0 
2904 125.0 350.0 275.0 
2905 125.0 350.0 325.0 
2906 125.0 350.0 375.0 
2907 125.0 400.0 275.0 
2908 125.0 400.0 325.0 
2909 125.0 400.0 375.0 
2910 125.0 450.0 275.0 
2911 125.0 450.0 325.0 
2912 125.0 450.0 375.0 
2913 125.0 500.0 275.0 
2914 125.0 500.0 325.0 
2915 125.0 500.0 375.0 
2916 150.0  2.0 275.0 
2917 150.0  2.0 325.0 
2918 150.0  2.0 375.0 
2919 150.0 10.0 275.0 
2920 150.0 10.0 325.0 
2921 150.0 10.0 375.0 
2922 150.0 20.0 275.0 
2923 150.0 20.0 325.0 
2924 150.0 20.0 375.0 
2925 150.0 30.0 275.0 
2926 150.0 30.0 325.0 
2927 150.0 30.0 375.0 
2928 150.0 40.0 275.0 
2929 150.0 40.0 325.0 
2930 150.0 40.0 375.0 
2931 150.0 50.0 275.0 
2932 150.0 50.0 325.0 
2933 150.0 50.0 375.0 
2934 150.0 60.0 275.0 
2935 150.0 60.0 325.0 
2936 150.0 60.0 375.0 
2937 150.0 70.0 275.0 
2938 150.0 70.0 325.0 
2939 150.0 70.0 375.0 
2940 150.0 80.0 275.0 
2941 150.0 80.0 325.0 
2942 150.0 80.0 375.0 
2943 150.0 100.0 275.0 
2944 150.0 100.0 325.0 
2945 150.0 100.0 375.0 
2946 150.0 150.0 275.0 
2947 150.0 150.0 325.0 
2948 150.0 150.0 375.0 
2949 150.0 200.0 275.0 
2950 150.0 200.0 325.0 
2951 150.0 200.0 375.0 
2952 150.0 250.0 275.0 
2953 150.0 250.0 325.0 
2954 150.0 250.0 375.0 
2955 150.0 300.0 275.0 
2956 150.0 300.0 325.0 
2957 150.0 300.0 375.0 
2958 150.0 350.0 275.0 
2959 150.0 350.0 325.0 
2960 150.0 350.0 375.0 
2961 150.0 400.0 275.0 
2962 150.0 400.0 325.0 
2963 150.0 400.0 375.0 
2964 150.0 450.0 275.0 
2965 150.0 450.0 325.0 
2966 150.0 450.0 375.0 
2967 150.0 500.0 275.0 
2968 150.0 500.0 325.0 
2969 150.0 500.0 375.0 
2970 175.0  2.0 275.0 
2971 175.0  2.0 325.0 
2972 175.0  2.0 375.0 
2973 175.0 10.0 275.0 
2974 175.0 10.0 325.0 
2975 175.0 10.0 375.0 
2976 175.0 20.0 275.0 
2977 175.0 20.0 325.0 
2978 175.0 20.0 375.0 
2979 175.0 30.0 275.0 
2980 175.0 30.0 325.0 
2981 175.0 30.0 375.0 
2982 175.0 40.0 275.0 
2983 175.0 40.0 325.0 
2984 175.0 40.0 375.0 
2985 175.0 50.0 275.0 
2986 175.0 50.0 325.0 
2987 175.0 50.0 375.0 
2988 175.0 60.0 275.0 
2989 175.0 60.0 325.0 
2990 175.0 60.0 375.0 
2991 175.0 70.0 275.0 
2992 175.0 70.0 325.0 
2993 175.0 70.0 375.0 
2994 175.0 80.0 275.0 
2995 175.0 80.0 325.0 
2996 175.0 80.0 375.0 
2997 175.0 100.0 275.0 
2998 175.0 100.0 325.0 
2999 175.0 100.0 375.0 
3000 175.0 150.0 275.0 
3001 175.0 150.0 325.0 
3002 175.0 150.0 375.0 
3003 175.0 200.0 275.0 
3004 175.0 200.0 325.0 
3005 175.0 200.0 375.0 
3006 175.0 250.0 275.0 
3007 175.0 250.0 325.0 
3008 175.0 250.0 375.0 
3009 175.0 300.0 275.0 
3010 175.0 300.0 325.0 
3011 175.0 300.0 375.0 
3012 175.0 350.0 275.0 
3013 175.0 350.0 325.0 
3014 175.0 350.0 375.0 
3015 175.0 400.0 275.0 
3016 175.0 400.0 325.0 
3017 175.0 400.0 375.0 
3018 175.0 450.0 275.0 
3019 175.0 450.0 325.0 
3020 175.0 450.0 375.0 
3021 175.0 500.0 275.0 
3022 175.0 500.0 325.0 
3023 175.0 500.0 375.0 
3024 200.0  2.0 275.0 
3025 200.0  2.0 325.0 
3026 200.0  2.0 375.0 
3027 200.0 10.0 275.0 
3028 200.0 10.0 325.0 
3029 200.0 10.0 375.0 
3030 200.0 20.0 275.0 
3031 200.0 20.0 325.0 
3032 200.0 20.0 375.0 
3033 200.0 30.0 275.0 
3034 200.0 30.0 325.0 
3035 200.0 30.0 375.0 
3036 200.0 40.0 275.0 
3037 200.0 40.0 325.0 
3038 200.0 40.0 375.0 
3039 200.0 50.0 275.0 
3040 200.0 50.0 325.0 
3041 200.0 50.0 375.0 
3042 200.0 60.0 275.0 
3043 200.0 60.0 325.0 
3044 200.0 60.0 375.0 
3045 200.0 70.0 275.0 
3046 200.0 70.0 325.0 
3047 200.0 70.0 375.0 
3048 200.0 80.0 275.0 
3049 200.0 80.0 325.0 
3050 200.0 80.0 375.0 
3051 200.0 100.0 275.0 
3052 200.0 100.0 325.0 
3053 200.0 100.0 375.0 
3054 200.0 150.0 275.0 
3055 200.0 150.0 325.0 
3056 200.0 150.0 375.0 
3057 200.0 200.0 275.0 
3058 200.0 200.0 325.0 
3059 200.0 200.0 375.0 
3060 200.0 250.0 275.0 
3061 200.0 250.0 325.0 
3062 200.0 250.0 375.0 
3063 200.0 300.0 275.0 
3064 200.0 300.0 325.0 
3065 200.0 300.0 375.0 
3066 200.0 350.0 275.0 
3067 200.0 350.0 325.0 
3068 200.0 350.0 375.0 
3069 200.0 400.0 275.0 
3070 200.0 400.0 325.0 
3071 200.0 400.0 375.0 
3072 200.0 450.0 275.0 
3073 200.0 450.0 325.0 
3074 200.0 450.0 375.0 
3075 200.0 500.0 275.0 
3076 200.0 500.0 325.0 
3077 200.0 500.0 375.0 
3078 225.0  2.0 275.0 
3079 225.0  2.0 325.0 
3080 225.0  2.0 375.0 
3081 225.0 10.0 275.0 
3082 225.0 10.0 325.0 
3083 225.0 10.0 375.0 
3084 225.0 20.0 275.0 
3085 225.0 20.0 325.0 
3086 225.0 20.0 375.0 
3087 225.0 30.0 275.0 
3088 225.0 30.0 325.0 
3089 225.0 30.0 375.0 
3090 225.0 40.0 275.0 
3091 225.0 40.0 325.0 
3092 225.0 40.0 375.0 
3093 225.0 50.0 275.0 
3094 225.0 50.0 325.0 
3095 225.0 50.0 375.0 
3096 225.0 60.0 275.0 
3097 225.0 60.0 325.0 
3098 225.0 60.0 375.0 
3099 225.0 70.0 275.0 
3100 225.0 70.0 325.0 
3101 225.0 70.0 375.0 
3102 225.0 80.0 275.0 
3103 225.0 80.0 325.0 
3104 225.0 80.0 375.0 
3105 225.0 100.0 275.0 
3106 225.0 100.0 325.0 
3107 225.0 100.0 375.0 
3108 225.0 150.0 275.0 
3109 225.0 150.0 325.0 
3110 225.0 150.0 375.0 
3111 225.0 200.0 275.0 
3112 225.0 200.0 325.0 
3113 225.0 200.0 375.0 
3114 225.0 250.0 275.0 
3115 225.0 250.0 325.0 
3116 225.0 250.0 375.0 
3117 225.0 300.0 275.0 
3118 225.0 300.0 325.0 
3119 225.0 300.0 375.0 
3120 225.0 350.0 275.0 
3121 225.0 350.0 325.0 
3122 225.0 350.0 375.0 
3123 225.0 400.0 275.0 
3124 225.0 400.0 325.0 
3125 225.0 400.0 375.0 
3126 225.0 450.0 275.0 
3127 225.0 450.0 325.0 
3128 225.0 450.0 375.0 
3129 225.0 500.0 275.0 
3130 225.0 500.0 325.0 
3131 225.0 500.0 375.0 
3132 250.0  2.0 275.0 
3133 250.0  2.0 325.0 
3134 250.0  2.0 375.0 
3135 250.0 10.0 275.0 
3136 250.0 10.0 325.0 
3137 250.0 10.0 375.0 
3138 250.0 20.0 275.0 
3139 250.0 20.0 325.0 
3140 250.0 20.0 375.0 
3141 250.0 30.0 275.0 
3142 250.0 30.0 325.0 
3143 250.0 30.0 375.0 
3144 250.0 40.0 275.0 
3145 250.0 40.0 325.0 
3146 250.0 40.0 375.0 
3147 250.0 50.0 275.0 
3148 250.0 50.0 325.0 
3149 250.0 50.0 375.0 
3150 250.0 60.0 275.0 
3151 250.0 60.0 325.0 
3152 250.0 60.0 375.0 
3153 250.0 70.0 275.0 
3154 250.0 70.0 325.0 
3155 250.0 70.0 375.0 
3156 250.0 80.0 275.0 
3157 250.0 80.0 325.0 
3158 250.0 80.0 375.0 
3159 250.0 100.0 275.0 
3160 250.0 100.0 325.0 
3161 250.0 100.0 375.0 
3162 250.0 150.0 275.0 
3163 250.0 150.0 325.0 
3164 250.0 150.0 375.0 
3165 250.0 200.0 275.0 
3166 250.0 200.0 325.0 
3167 250.0 200.0 375.0 
3168 250.0 250.0 275.0 
3169 250.0 250.0 325.0 
3170 250.0 250.0 375.0 
3171 250.0 300.0 275.0 
3172 250.0 300.0 325.0 
3173 250.0 300.0 375.0 
3174 250.0 350.0 275.0 
3175 250.0 350.0 325.0 
3176 250.0 350.0 375.0 
3177 250.0 400.0 275.0 
3178 250.0 400.0 325.0 
3179 250.0 400.0 375.0 
3180 250.0 450.0 275.0 
3181 250.0 450.0 325.0 
3182 250.0 450.0 375.0 
3183 250.0 500.0 275.0 
3184 250.0 500.0 325.0 
3185 250.0 500.0 375.0 
3186 300.0  2.0 275.0 
3187 300.0  2.0 325.0 
3188 300.0  2.0 375.0 
3189 300.0 10.0 275.0 
3190 300.0 10.0 325.0 
3191 300.0 10.0 375.0 
3192 300.0 20.0 275.0 
3193 300.0 20.0 325.0 
3194 300.0 20.0 375.0 
3195 300.0 30.0 275.0 
3196 300.0 30.0 325.0 
3197 300.0 30.0 375.0 
3198 300.0 40.0 275.0 
3199 300.0 40.0 325.0 
3200 300.0 40.0 375.0 
3201 300.0 50.0 275.0 
3202 300.0 50.0 325.0 
3203 300.0 50.0 375.0 
3204 300.0 60.0 275.0 
3205 300.0 60.0 325.0 
3206 300.0 60.0 375.0 
3207 300.0 70.0 275.0 
3208 300.0 70.0 325.0 
3209 300.0 70.0 375.0 
3210 300.0 80.0 275.0 
3211 300.0 80.0 325.0 
3212 300.0 80.0 375.0 
3213 300.0 100.0 275.0 
3214 300.0 100.0 325.0 
3215 300.0 100.0 375.0 
3216 300.0 150.0 275.0 
3217 300.0 150.0 325.0 
3218 300.0 150.0 375.0 
3219 300.0 200.0 275.0 
3220 300.0 200.0 325.0 
3221 300.0 200.0 375.0 
3222 300.0 250.0 275.0 
3223 300.0 250.0 325.0 
3224 300.0 250.0 375.0 
3225 300.0 300.0 275.0 
3226 300.0 300.0 325.0 
3227 300.0 300.0 375.0 
3228 300.0 350.0 275.0 
3229 300.0 350.0 325.0 
3230 300.0 350.0 375.0 
3231 300.0 400.0 275.0 
3232 300.0 400.0 325.0 
3233 300.0 400.0 375.0 
3234 300.0 450.0 275.0 
3235 300.0 450.0 325.0 
3236 300.0 450.0 375.0 
3237 300.0 500.0 275.0 
3238 300.0 500.0 325.0 
3239 300.0 500.0 375.0 
3240 275.0  2.0 50.0 
3241 275.0  2.0 75.0 
3242 275.0  2.0 100.0 
3243 275.0  2.0 125.0 
3244 275.0  2.0 150.0 
3245 275.0  2.0 175.0 
3246 275.0  2.0 200.0 
3247 275.0  2.0 225.0 
3248 275.0  2.0 250.0 
3249 275.0  2.0 275.0 
3250 275.0  2.0 300.0 
3251 275.0  2.0 325.0 
3252 275.0  2.0 350.0 
3253 275.0  2.0 375.0 
3254 275.0  2.0 400.0 
3255 275.0 10.0 50.0 
3256 275.0 10.0 75.0 
3257 275.0 10.0 100.0 
3258 275.0 10.0 125.0 
3259 275.0 10.0 150.0 
3260 275.0 10.0 175.0 
3261 275.0 10.0 200.0 
3262 275.0 10.0 225.0 
3263 275.0 10.0 250.0 
3264 275.0 10.0 275.0 
3265 275.0 10.0 300.0 
3266 275.0 10.0 325.0 
3267 275.0 10.0 350.0 
3268 275.0 10.0 375.0 
3269 275.0 10.0 400.0 
3270 275.0 20.0 50.0 
3271 275.0 20.0 75.0 
3272 275.0 20.0 100.0 
3273 275.0 20.0 125.0 
3274 275.0 20.0 150.0 
3275 275.0 20.0 175.0 
3276 275.0 20.0 200.0 
3277 275.0 20.0 225.0 
3278 275.0 20.0 250.0 
3279 275.0 20.0 275.0 
3280 275.0 20.0 300.0 
3281 275.0 20.0 325.0 
3282 275.0 20.0 350.0 
3283 275.0 20.0 375.0 
3284 275.0 20.0 400.0 
3285 275.0 30.0 50.0 
3286 275.0 30.0 75.0 
3287 275.0 30.0 100.0 
3288 275.0 30.0 125.0 
3289 275.0 30.0 150.0 
3290 275.0 30.0 175.0 
3291 275.0 30.0 200.0 
3292 275.0 30.0 225.0 
3293 275.0 30.0 250.0 
3294 275.0 30.0 275.0 
3295 275.0 30.0 300.0 
3296 275.0 30.0 325.0 
3297 275.0 30.0 350.0 
3298 275.0 30.0 375.0 
3299 275.0 30.0 400.0 
3300 275.0 40.0 50.0 
3301 275.0 40.0 75.0 
3302 275.0 40.0 100.0 
3303 275.0 40.0 125.0 
3304 275.0 40.0 150.0 
3305 275.0 40.0 175.0 
3306 275.0 40.0 200.0 
3307 275.0 40.0 225.0 
3308 275.0 40.0 250.0 
3309 275.0 40.0 275.0 
3310 275.0 40.0 300.0 
3311 275.0 40.0 325.0 
3312 275.0 40.0 350.0 
3313 275.0 40.0 375.0 
3314 275.0 40.0 400.0 
3315 275.0 50.0 50.0 
3316 275.0 50.0 75.0 
3317 275.0 50.0 100.0 
3318 275.0 50.0 125.0 
3319 275.0 50.0 150.0 
3320 275.0 50.0 175.0 
3321 275.0 50.0 200.0 
3322 275.0 50.0 225.0 
3323 275.0 50.0 250.0 
3324 275.0 50.0 275.0 
3325 275.0 50.0 300.0 
3326 275.0 50.0 325.0 
3327 275.0 50.0 350.0 
3328 275.0 50.0 375.0 
3329 275.0 50.0 400.0 
3330 275.0 60.0 50.0 
3331 275.0 60.0 75.0 
3332 275.0 60.0 100.0 
3333 275.0 60.0 125.0 
3334 275.0 60.0 150.0 
3335 275.0 60.0 175.0 
3336 275.0 60.0 200.0 
3337 275.0 60.0 225.0 
3338 275.0 60.0 250.0 
3339 275.0 60.0 275.0 
3340 275.0 60.0 300.0 
3341 275.0 60.0 325.0 
3342 275.0 60.0 350.0 
3343 275.0 60.0 375.0 
3344 275.0 60.0 400.0 
3345 275.0 70.0 50.0 
3346 275.0 70.0 75.0 
3347 275.0 70.0 100.0 
3348 275.0 70.0 125.0 
3349 275.0 70.0 150.0 
3350 275.0 70.0 175.0 
3351 275.0 70.0 200.0 
3352 275.0 70.0 225.0 
3353 275.0 70.0 250.0 
3354 275.0 70.0 275.0 
3355 275.0 70.0 300.0 
3356 275.0 70.0 325.0 
3357 275.0 70.0 350.0 
3358 275.0 70.0 375.0 
3359 275.0 70.0 400.0 
3360 275.0 80.0 50.0 
3361 275.0 80.0 75.0 
3362 275.0 80.0 100.0 
3363 275.0 80.0 125.0 
3364 275.0 80.0 150.0 
3365 275.0 80.0 175.0 
3366 275.0 80.0 200.0 
3367 275.0 80.0 225.0 
3368 275.0 80.0 250.0 
3369 275.0 80.0 275.0 
3370 275.0 80.0 300.0 
3371 275.0 80.0 325.0 
3372 275.0 80.0 350.0 
3373 275.0 80.0 375.0 
3374 275.0 80.0 400.0 
3375 275.0 100.0 50.0 
3376 275.0 100.0 75.0 
3377 275.0 100.0 100.0 
3378 275.0 100.0 125.0 
3379 275.0 100.0 150.0 
3380 275.0 100.0 175.0 
3381 275.0 100.0 200.0 
3382 275.0 100.0 225.0 
3383 275.0 100.0 250.0 
3384 275.0 100.0 275.0 
3385 275.0 100.0 300.0 
3386 275.0 100.0 325.0 
3387 275.0 100.0 350.0 
3388 275.0 100.0 375.0 
3389 275.0 100.0 400.0 
3390 275.0 150.0 50.0 
3391 275.0 150.0 75.0 
3392 275.0 150.0 100.0 
3393 275.0 150.0 125.0 
3394 275.0 150.0 150.0 
3395 275.0 150.0 175.0 
3396 275.0 150.0 200.0 
3397 275.0 150.0 225.0 
3398 275.0 150.0 250.0 
3399 275.0 150.0 275.0 
3400 275.0 150.0 300.0 
3401 275.0 150.0 325.0 
3402 275.0 150.0 350.0 
3403 275.0 150.0 375.0 
3404 275.0 150.0 400.0 
3405 275.0 200.0 50.0 
3406 275.0 200.0 75.0 
3407 275.0 200.0 100.0 
3408 275.0 200.0 125.0 
3409 275.0 200.0 150.0 
3410 275.0 200.0 175.0 
3411 275.0 200.0 200.0 
3412 275.0 200.0 225.0 
3413 275.0 200.0 250.0 
3414 275.0 200.0 275.0 
3415 275.0 200.0 300.0 
3416 275.0 200.0 325.0 
3417 275.0 200.0 350.0 
3418 275.0 200.0 375.0 
3419 275.0 200.0 400.0 
3420 275.0 250.0 50.0 
3421 275.0 250.0 75.0 
3422 275.0 250.0 100.0 
3423 275.0 250.0 125.0 
3424 275.0 250.0 150.0 
3425 275.0 250.0 175.0 
3426 275.0 250.0 200.0 
3427 275.0 250.0 225.0 
3428 275.0 250.0 250.0 
3429 275.0 250.0 275.0 
3430 275.0 250.0 300.0 
3431 275.0 250.0 325.0 
3432 275.0 250.0 350.0 
3433 275.0 250.0 375.0 
3434 275.0 250.0 400.0 
3435 275.0 300.0 50.0 
3436 275.0 300.0 75.0 
3437 275.0 300.0 100.0 
3438 275.0 300.0 125.0 
3439 275.0 300.0 150.0 
3440 275.0 300.0 175.0 
3441 275.0 300.0 200.0 
3442 275.0 300.0 225.0 
3443 275.0 300.0 250.0 
3444 275.0 300.0 275.0 
3445 275.0 300.0 300.0 
3446 275.0 300.0 325.0 
3447 275.0 300.0 350.0 
3448 275.0 300.0 375.0 
3449 275.0 300.0 400.0 
3450 275.0 350.0 50.0 
3451 275.0 350.0 75.0 
3452 275.0 350.0 100.0 
3453 275.0 350.0 125.0 
3454 275.0 350.0 150.0 
3455 275.0 350.0 175.0 
3456 275.0 350.0 200.0 
3457 275.0 350.0 225.0 
3458 275.0 350.0 250.0 
3459 275.0 350.0 275.0 
3460 275.0 350.0 300.0 
3461 275.0 350.0 325.0 
3462 275.0 350.0 350.0 
3463 275.0 350.0 375.0 
3464 275.0 350.0 400.0 
3465 275.0 400.0 50.0 
3466 275.0 400.0 75.0 
3467 275.0 400.0 100.0 
3468 275.0 400.0 125.0 
3469 275.0 400.0 150.0 
3470 275.0 400.0 175.0 
3471 275.0 400.0 200.0 
3472 275.0 400.0 225.0 
3473 275.0 400.0 250.0 
3474 275.0 400.0 275.0 
3475 275.0 400.0 300.0 
3476 275.0 400.0 325.0 
3477 275.0 400.0 350.0 
3478 275.0 400.0 375.0 
3479 275.0 400.0 400.0 
3480 275.0 450.0 50.0 
3481 275.0 450.0 75.0 
3482 275.0 450.0 100.0 
3483 275.0 450.0 125.0 
3484 275.0 450.0 150.0 
3485 275.0 450.0 175.0 
3486 275.0 450.0 200.0 
3487 275.0 450.0 225.0 
3488 275.0 450.0 250.0 
3489 275.0 450.0 275.0 
3490 275.0 450.0 300.0 
3491 275.0 450.0 325.0 
3492 275.0 450.0 350.0 
3493 275.0 450.0 375.0 
3494 275.0 450.0 400.0 
3495 275.0 500.0 50.0 
3496 275.0 500.0 75.0 
3497 275.0 500.0 100.0 
3498 275.0 500.0 125.0 
3499 275.0 500.0 150.0 
3500 275.0 500.0 175.0 
3501 275.0 500.0 200.0 
3502 275.0 500.0 225.0 
3503 275.0 500.0 250.0 
3504 275.0 500.0 275.0 
3505 275.0 500.0 300.0 
3506 275.0 500.0 325.0 
3507 275.0 500.0 350.0 
3508 275.0 500.0 375.0 
3509 275.0 500.0 400.0 
3510  0.0  2.0 25.0 
3511  0.0 10.0 25.0 
3512  0.0 20.0 25.0 
3513  0.0 30.0 25.0 
3514  0.0 40.0 25.0 
3515  0.0 50.0 25.0 
3516  0.0 60.0 25.0 
3517  0.0 70.0 25.0 
3518  0.0 80.0 25.0 
3519  0.0 100.0 25.0 
3520  0.0 150.0 25.0 
3521  0.0 200.0 25.0 
3522  0.0 250.0 25.0 
3523  0.0 300.0 25.0 
3524  0.0 350.0 25.0 
3525  0.0 400.0 25.0 
3526  0.0 450.0 25.0 
3527  0.0 500.0 25.0 
3528 25.0  2.0 25.0 
3529 25.0 10.0 25.0 
3530 25.0 20.0 25.0 
3531 25.0 30.0 25.0 
3532 25.0 40.0 25.0 
3533 25.0 50.0 25.0 
3534 25.0 60.0 25.0 
3535 25.0 70.0 25.0 
3536 25.0 80.0 25.0 
3537 25.0 100.0 25.0 
3538 25.0 150.0 25.0 
3539 25.0 200.0 25.0 
3540 25.0 250.0 25.0 
3541 25.0 300.0 25.0 
3542 25.0 350.0 25.0 
3543 25.0 400.0 25.0 
3544 25.0 450.0 25.0 
3545 25.0 500.0 25.0 
3546 50.0  2.0 25.0 
3547 50.0 10.0 25.0 
3548 50.0 20.0 25.0 
3549 50.0 30.0 25.0 
3550 50.0 40.0 25.0 
3551 50.0 50.0 25.0 
3552 50.0 60.0 25.0 
3553 50.0 70.0 25.0 
3554 50.0 80.0 25.0 
3555 50.0 100.0 25.0 
3556 50.0 150.0 25.0 
3557 50.0 200.0 25.0 
3558 50.0 250.0 25.0 
3559 50.0 300.0 25.0 
3560 50.0 350.0 25.0 
3561 50.0 400.0 25.0 
3562 50.0 450.0 25.0 
3563 50.0 500.0 25.0 
3564 75.0  2.0 25.0 
3565 75.0 10.0 25.0 
3566 75.0 20.0 25.0 
3567 75.0 30.0 25.0 
3568 75.0 40.0 25.0 
3569 75.0 50.0 25.0 
3570 75.0 60.0 25.0 
3571 75.0 70.0 25.0 
3572 75.0 80.0 25.0 
3573 75.0 100.0 25.0 
3574 75.0 150.0 25.0 
3575 75.0 200.0 25.0 
3576 75.0 250.0 25.0 
3577 75.0 300.0 25.0 
3578 75.0 350.0 25.0 
3579 75.0 400.0 25.0 
3580 75.0 450.0 25.0 
3581 75.0 500.0 25.0 
3582 100.0  2.0 25.0 
3583 100.0 10.0 25.0 
3584 100.0 20.0 25.0 
3585 100.0 30.0 25.0 
3586 100.0 40.0 25.0 
3587 100.0 50.0 25.0 
3588 100.0 60.0 25.0 
3589 100.0 70.0 25.0 
3590 100.0 80.0 25.0 
3591 100.0 100.0 25.0 
3592 100.0 150.0 25.0 
3593 100.0 200.0 25.0 
3594 100.0 250.0 25.0 
3595 100.0 300.0 25.0 
3596 100.0 350.0 25.0 
3597 100.0 400.0 25.0 
3598 100.0 450.0 25.0 
3599 100.0 500.0 25.0 
3600 125.0  2.0 25.0 
3601 125.0 10.0 25.0 
3602 125.0 20.0 25.0 
3603 125.0 30.0 25.0 
3604 125.0 40.0 25.0 
3605 125.0 50.0 25.0 
3606 125.0 60.0 25.0 
3607 125.0 70.0 25.0 
3608 125.0 80.0 25.0 
3609 125.0 100.0 25.0 
3610 125.0 150.0 25.0 
3611 125.0 200.0 25.0 
3612 125.0 250.0 25.0 
3613 125.0 300.0 25.0 
3614 125.0 350.0 25.0 
3615 125.0 400.0 25.0 
3616 125.0 450.0 25.0 
3617 125.0 500.0 25.0 
3618 150.0  2.0 25.0 
3619 150.0 10.0 25.0 
3620 150.0 20.0 25.0 
3621 150.0 30.0 25.0 
3622 150.0 40.0 25.0 
3623 150.0 50.0 25.0 
3624 150.0 60.0 25.0 
3625 150.0 70.0 25.0 
3626 150.0 80.0 25.0 
3627 150.0 100.0 25.0 
3628 150.0 150.0 25.0 
3629 150.0 200.0 25.0 
3630 150.0 250.0 25.0 
3631 150.0 300.0 25.0 
3632 150.0 350.0 25.0 
3633 150.0 400.0 25.0 
3634 150.0 450.0 25.0 
3635 150.0 500.0 25.0 
3636 175.0  2.0 25.0 
3637 175.0 10.0 25.0 
3638 175.0 20.0 25.0 
3639 175.0 30.0 25.0 
3640 175.0 40.0 25.0 
3641 175.0 50.0 25.0 
3642 175.0 60.0 25.0 
3643 175.0 70.0 25.0 
3644 175.0 80.0 25.0 
3645 175.0 100.0 25.0 
3646 175.0 150.0 25.0 
3647 175.0 200.0 25.0 
3648 175.0 250.0 25.0 
3649 175.0 300.0 25.0 
3650 175.0 350.0 25.0 
3651 175.0 400.0 25.0 
3652 175.0 450.0 25.0 
3653 175.0 500.0 25.0 
3654 200.0  2.0 25.0 
3655 200.0 10.0 25.0 
3656 200.0 20.0 25.0 
3657 200.0 30.0 25.0 
3658 200.0 40.0 25.0 
3659 200.0 50.0 25.0 
3660 200.0 60.0 25.0 
3661 200.0 70.0 25.0 
3662 200.0 80.0 25.0 
3663 200.0 100.0 25.0 
3664 200.0 150.0 25.0 
3665 200.0 200.0 25.0 
3666 200.0 250.0 25.0 
3667 200.0 300.0 25.0 
3668 200.0 350.0 25.0 
3669 200.0 400.0 25.0 
3670 200.0 450.0 25.0 
3671 200.0 500.0 25.0 
3672 225.0  2.0 25.0 
3673 225.0 10.0 25.0 
3674 225.0 20.0 25.0 
3675 225.0 30.0 25.0 
3676 225.0 40.0 25.0 
3677 225.0 50.0 25.0 
3678 225.0 60.0 25.0 
3679 225.0 70.0 25.0 
3680 225.0 80.0 25.0 
3681 225.0 100.0 25.0 
3682 225.0 150.0 25.0 
3683 225.0 200.0 25.0 
3684 225.0 250.0 25.0 
3685 225.0 300.0 25.0 
3686 225.0 350.0 25.0 
3687 225.0 400.0 25.0 
3688 225.0 450.0 25.0 
3689 225.0 500.0 25.0 
3690 250.0  2.0 25.0 
3691 250.0 10.0 25.0 
3692 250.0 20.0 25.0 
3693 250.0 30.0 25.0 
3694 250.0 40.0 25.0 
3695 250.0 50.0 25.0 
3696 250.0 60.0 25.0 
3697 250.0 70.0 25.0 
3698 250.0 80.0 25.0 
3699 250.0 100.0 25.0 
3700 250.0 150.0 25.0 
3701 250.0 200.0 25.0 
3702 250.0 250.0 25.0 
3703 250.0 300.0 25.0 
3704 250.0 350.0 25.0 
3705 250.0 400.0 25.0 
3706 250.0 450.0 25.0 
3707 250.0 500.0 25.0 
3708 275.0  2.0 25.0 
3709 275.0 10.0 25.0 
3710 275.0 20.0 25.0 
3711 275.0 30.0 25.0 
3712 275.0 40.0 25.0 
3713 275.0 50.0 25.0 
3714 275.0 60.0 25.0 
3715 275.0 70.0 25.0 
3716 275.0 80.0 25.0 
3717 275.0 100.0 25.0 
3718 275.0 150.0 25.0 
3719 275.0 200.0 25.0 
3720 275.0 250.0 25.0 
3721 275.0 300.0 25.0 
3722 275.0 350.0 25.0 
3723 275.0 400.0 25.0 
3724 275.0 450.0 25.0 
3725 275.0 500.0 25.0 
3726 300.0  2.0 25.0 
3727 300.0 10.0 25.0 
3728 300.0 20.0 25.0 
3729 300.0 30.0 25.0 
3730 300.0 40.0 25.0 
3731 300.0 50.0 25.0 
3732 300.0 60.0 25.0 
3733 300.0 70.0 25.0 
3734 300.0 80.0 25.0 
3735 300.0 100.0 25.0 
3736 300.0 150.0 25.0 
3737 300.0 200.0 25.0 
3738 300.0 250.0 25.0 
3739 300.0 300.0 25.0 
3740 300.0 350.0 25.0 
3741 300.0 400.0 25.0 
3742 300.0 450.0 25.0 
3743 300.0 500.0 25.0 
3744  0.0 90.0 25.0 
3745  0.0 90.0 50.0 
3746  0.0 90.0 75.0 
3747  0.0 90.0 100.0 
3748  0.0 90.0 125.0 
3749  0.0 90.0 150.0 
3750  0.0 90.0 175.0 
3751  0.0 90.0 200.0 
3752  0.0 90.0 225.0 
3753  0.0 90.0 250.0 
3754  0.0 90.0 275.0 
3755  0.0 90.0 300.0 
3756  0.0 90.0 325.0 
3757  0.0 90.0 350.0 
3758  0.0 90.0 375.0 
3759  0.0 90.0 400.0 
3760 25.0 90.0 25.0 
3761 25.0 90.0 50.0 
3762 25.0 90.0 75.0 
3763 25.0 90.0 100.0 
3764 25.0 90.0 125.0 
3765 25.0 90.0 150.0 
3766 25.0 90.0 175.0 
3767 25.0 90.0 200.0 
3768 25.0 90.0 225.0 
3769 25.0 90.0 250.0 
3770 25.0 90.0 275.0 
3771 25.0 90.0 300.0 
3772 25.0 90.0 325.0 
3773 25.0 90.0 350.0 
3774 25.0 90.0 375.0 
3775 25.0 90.0 400.0 
3776 50.0 90.0 25.0 
3777 50.0 90.0 50.0 
3778 50.0 90.0 75.0 
3779 50.0 90.0 100.0 
3780 50.0 90.0 125.0 
3781 50.0 90.0 150.0 
3782 50.0 90.0 175.0 
3783 50.0 90.0 200.0 
3784 50.0 90.0 225.0 
3785 50.0 90.0 250.0 
3786 50.0 90.0 275.0 
3787 50.0 90.0 300.0 
3788 50.0 90.0 325.0 
3789 50.0 90.0 350.0 
3790 50.0 90.0 375.0 
3791 50.0 90.0 400.0 
3792 75.0 90.0 25.0 
3793 75.0 90.0 50.0 
3794 75.0 90.0 75.0 
3795 75.0 90.0 100.0 
3796 75.0 90.0 125.0 
3797 75.0 90.0 150.0 
3798 75.0 90.0 175.0 
3799 75.0 90.0 200.0 
3800 75.0 90.0 225.0 
3801 75.0 90.0 250.0 
3802 75.0 90.0 275.0 
3803 75.0 90.0 300.0 
3804 75.0 90.0 325.0 
3805 75.0 90.0 350.0 
3806 75.0 90.0 375.0 
3807 75.0 90.0 400.0 
3808 100.0 90.0 25.0 
3809 100.0 90.0 50.0 
3810 100.0 90.0 75.0 
3811 100.0 90.0 100.0 
3812 100.0 90.0 125.0 
3813 100.0 90.0 150.0 
3814 100.0 90.0 175.0 
3815 100.0 90.0 200.0 
3816 100.0 90.0 225.0 
3817 100.0 90.0 250.0 
3818 100.0 90.0 275.0 
3819 100.0 90.0 300.0 
3820 100.0 90.0 325.0 
3821 100.0 90.0 350.0 
3822 100.0 90.0 375.0 
3823 100.0 90.0 400.0 
3824 125.0 90.0 25.0 
3825 125.0 90.0 50.0 
3826 125.0 90.0 75.0 
3827 125.0 90.0 100.0 
3828 125.0 90.0 125.0 
3829 125.0 90.0 150.0 
3830 125.0 90.0 175.0 
3831 125.0 90.0 200.0 
3832 125.0 90.0 225.0 
3833 125.0 90.0 250.0 
3834 125.0 90.0 275.0 
3835 125.0 90.0 300.0 
3836 125.0 90.0 325.0 
3837 125.0 90.0 350.0 
3838 125.0 90.0 375.0 
3839 125.0 90.0 400.0 
3840 150.0 90.0 25.0 
3841 150.0 90.0 50.0 
3842 150.0 90.0 75.0 
3843 150.0 90.0 100.0 
3844 150.0 90.0 125.0 
3845 150.0 90.0 150.0 
3846 150.0 90.0 175.0 
3847 150.0 90.0 200.0 
3848 150.0 90.0 225.0 
3849 150.0 90.0 250.0 
3850 150.0 90.0 275.0 
3851 150.0 90.0 300.0 
3852 150.0 90.0 325.0 
3853 150.0 90.0 350.0 
3854 150.0 90.0 375.0 
3855 150.0 90.0 400.0 
3856 175.0 90.0 25.0 
3857 175.0 90.0 50.0 
3858 175.0 90.0 75.0 
3859 175.0 90.0 100.0 
3860 175.0 90.0 125.0 
3861 175.0 90.0 150.0 
3862 175.0 90.0 175.0 
3863 175.0 90.0 200.0 
3864 175.0 90.0 225.0 
3865 175.0 90.0 250.0 
3866 175.0 90.0 275.0 
3867 175.0 90.0 300.0 
3868 175.0 90.0 325.0 
3869 175.0 90.0 350.0 
3870 175.0 90.0 375.0 
3871 175.0 90.0 400.0 
3872 200.0 90.0 25.0 
3873 200.0 90.0 50.0 
3874 200.0 90.0 75.0 
3875 200.0 90.0 100.0 
3876 200.0 90.0 125.0 
3877 200.0 90.0 150.0 
3878 200.0 90.0 175.0 
3879 200.0 90.0 200.0 
3880 200.0 90.0 225.0 
3881 200.0 90.0 250.0 
3882 200.0 90.0 275.0 
3883 200.0 90.0 300.0 
3884 200.0 90.0 325.0 
3885 200.0 90.0 350.0 
3886 200.0 90.0 375.0 
3887 200.0 90.0 400.0 
3888 225.0 90.0 25.0 
3889 225.0 90.0 50.0 
3890 225.0 90.0 75.0 
3891 225.0 90.0 100.0 
3892 225.0 90.0 125.0 
3893 225.0 90.0 150.0 
3894 225.0 90.0 175.0 
3895 225.0 90.0 200.0 
3896 225.0 90.0 225.0 
3897 225.0 90.0 250.0 
3898 225.0 90.0 275.0 
3899 225.0 90.0 300.0 
3900 225.0 90.0 325.0 
3901 225.0 90.0 350.0 
3902 225.0 90.0 375.0 
3903 225.0 90.0 400.0 
3904 250.0 90.0 25.0 
3905 250.0 90.0 50.0 
3906 250.0 90.0 75.0 
3907 250.0 90.0 100.0 
3908 250.0 90.0 125.0 
3909 250.0 90.0 150.0 
3910 250.0 90.0 175.0 
3911 250.0 90.0 200.0 
3912 250.0 90.0 225.0 
3913 250.0 90.0 250.0 
3914 250.0 90.0 275.0 
3915 250.0 90.0 300.0 
3916 250.0 90.0 325.0 
3917 250.0 90.0 350.0 
3918 250.0 90.0 375.0 
3919 250.0 90.0 400.0 
3920 275.0 90.0 25.0 
3921 275.0 90.0 50.0 
3922 275.0 90.0 75.0 
3923 275.0 90.0 100.0 
3924 275.0 90.0 125.0 
3925 275.0 90.0 150.0 
3926 275.0 90.0 175.0 
3927 275.0 90.0 200.0 
3928 275.0 90.0 225.0 
3929 275.0 90.0 250.0 
3930 275.0 90.0 275.0 
3931 275.0 90.0 300.0 
3932 275.0 90.0 325.0 
3933 275.0 90.0 350.0 
3934 275.0 90.0 375.0 
3935 275.0 90.0 400.0 
3936 300.0 90.0 25.0 
3937 300.0 90.0 50.0 
3938 300.0 90.0 75.0 
3939 300.0 90.0 100.0 
3940 300.0 90.0 125.0 
3941 300.0 90.0 150.0 
3942 300.0 90.0 175.0 
3943 300.0 90.0 200.0 
3944 300.0 90.0 225.0 
3945 300.0 90.0 250.0 
3946 300.0 90.0 275.0 
3947 300.0 90.0 300.0 
3948 300.0 90.0 325.0 
3949 300.0 90.0 350.0 
3950 300.0 90.0 375.0 
3951 300.0 90.0 400.0 
3952  0.0 120.0 25.0 
3953  0.0 120.0 50.0 
3954  0.0 120.0 75.0 
3955  0.0 120.0 100.0 
3956  0.0 120.0 125.0 
3957  0.0 120.0 150.0 
3958  0.0 120.0 175.0 
3959  0.0 120.0 200.0 
3960  0.0 120.0 225.0 
3961  0.0 120.0 250.0 
3962  0.0 120.0 275.0 
3963  0.0 120.0 300.0 
3964  0.0 120.0 325.0 
3965  0.0 120.0 350.0 
3966  0.0 120.0 375.0 
3967  0.0 120.0 400.0 
3968 25.0 120.0 25.0 
3969 25.0 120.0 50.0 
3970 25.0 120.0 75.0 
3971 25.0 120.0 100.0 
3972 25.0 120.0 125.0 
3973 25.0 120.0 150.0 
3974 25.0 120.0 175.0 
3975 25.0 120.0 200.0 
3976 25.0 120.0 225.0 
3977 25.0 120.0 250.0 
3978 25.0 120.0 275.0 
3979 25.0 120.0 300.0 
3980 25.0 120.0 325.0 
3981 25.0 120.0 350.0 
3982 25.0 120.0 375.0 
3983 25.0 120.0 400.0 
3984 50.0 120.0 25.0 
3985 50.0 120.0 50.0 
3986 50.0 120.0 75.0 
3987 50.0 120.0 100.0 
3988 50.0 120.0 125.0 
3989 50.0 120.0 150.0 
3990 50.0 120.0 175.0 
3991 50.0 120.0 200.0 
3992 50.0 120.0 225.0 
3993 50.0 120.0 250.0 
3994 50.0 120.0 275.0 
3995 50.0 120.0 300.0 
3996 50.0 120.0 325.0 
3997 50.0 120.0 350.0 
3998 50.0 120.0 375.0 
3999 50.0 120.0 400.0 
4000 75.0 120.0 25.0 
4001 75.0 120.0 50.0 
4002 75.0 120.0 75.0 
4003 75.0 120.0 100.0 
4004 75.0 120.0 125.0 
4005 75.0 120.0 150.0 
4006 75.0 120.0 175.0 
4007 75.0 120.0 200.0 
4008 75.0 120.0 225.0 
4009 75.0 120.0 250.0 
4010 75.0 120.0 275.0 
4011 75.0 120.0 300.0 
4012 75.0 120.0 325.0 
4013 75.0 120.0 350.0 
4014 75.0 120.0 375.0 
4015 75.0 120.0 400.0 
4016 100.0 120.0 25.0 
4017 100.0 120.0 50.0 
4018 100.0 120.0 75.0 
4019 100.0 120.0 100.0 
4020 100.0 120.0 125.0 
4021 100.0 120.0 150.0 
4022 100.0 120.0 175.0 
4023 100.0 120.0 200.0 
4024 100.0 120.0 225.0 
4025 100.0 120.0 250.0 
4026 100.0 120.0 275.0 
4027 100.0 120.0 300.0 
4028 100.0 120.0 325.0 
4029 100.0 120.0 350.0 
4030 100.0 120.0 375.0 
4031 100.0 120.0 400.0 
4032 125.0 120.0 25.0 
4033 125.0 120.0 50.0 
4034 125.0 120.0 75.0 
4035 125.0 120.0 100.0 
4036 125.0 120.0 125.0 
4037 125.0 120.0 150.0 
4038 125.0 120.0 175.0 
4039 125.0 120.0 200.0 
4040 125.0 120.0 225.0 
4041 125.0 120.0 250.0 
4042 125.0 120.0 275.0 
4043 125.0 120.0 300.0 
4044 125.0 120.0 325.0 
4045 125.0 120.0 350.0 
4046 125.0 120.0 375.0 
4047 125.0 120.0 400.0 
4048 150.0 120.0 25.0 
4049 150.0 120.0 50.0 
4050 150.0 120.0 75.0 
4051 150.0 120.0 100.0 
4052 150.0 120.0 125.0 
4053 150.0 120.0 150.0 
4054 150.0 120.0 175.0 
4055 150.0 120.0 200.0 
4056 150.0 120.0 225.0 
4057 150.0 120.0 250.0 
4058 150.0 120.0 275.0 
4059 150.0 120.0 300.0 
4060 150.0 120.0 325.0 
4061 150.0 120.0 350.0 
4062 150.0 120.0 375.0 
4063 150.0 120.0 400.0 
4064 175.0 120.0 25.0 
4065 175.0 120.0 50.0 
4066 175.0 120.0 75.0 
4067 175.0 120.0 100.0 
4068 175.0 120.0 125.0 
4069 175.0 120.0 150.0 
4070 175.0 120.0 175.0 
4071 175.0 120.0 200.0 
4072 175.0 120.0 225.0 
4073 175.0 120.0 250.0 
4074 175.0 120.0 275.0 
4075 175.0 120.0 300.0 
4076 175.0 120.0 325.0 
4077 175.0 120.0 350.0 
4078 175.0 120.0 375.0 
4079 175.0 120.0 400.0 
4080 200.0 120.0 25.0 
4081 200.0 120.0 50.0 
4082 200.0 120.0 75.0 
4083 200.0 120.0 100.0 
4084 200.0 120.0 125.0 
4085 200.0 120.0 150.0 
4086 200.0 120.0 175.0 
4087 200.0 120.0 200.0 
4088 200.0 120.0 225.0 
4089 200.0 120.0 250.0 
4090 200.0 120.0 275.0 
4091 200.0 120.0 300.0 
4092 200.0 120.0 325.0 
4093 200.0 120.0 350.0 
4094 200.0 120.0 375.0 
4095 200.0 120.0 400.0 
4096 225.0 120.0 25.0 
4097 225.0 120.0 50.0 
4098 225.0 120.0 75.0 
4099 225.0 120.0 100.0 
4100 225.0 120.0 125.0 
4101 225.0 120.0 150.0 
4102 225.0 120.0 175.0 
4103 225.0 120.0 200.0 
4104 225.0 120.0 225.0 
4105 225.0 120.0 250.0 
4106 225.0 120.0 275.0 
4107 225.0 120.0 300.0 
4108 225.0 120.0 325.0 
4109 225.0 120.0 350.0 
4110 225.0 120.0 375.0 
4111 225.0 120.0 400.0 
4112 250.0 120.0 25.0 
4113 250.0 120.0 50.0 
4114 250.0 120.0 75.0 
4115 250.0 120.0 100.0 
4116 250.0 120.0 125.0 
4117 250.0 120.0 150.0 
4118 250.0 120.0 175.0 
4119 250.0 120.0 200.0 
4120 250.0 120.0 225.0 
4121 250.0 120.0 250.0 
4122 250.0 120.0 275.0 
4123 250.0 120.0 300.0 
4124 250.0 120.0 325.0 
4125 250.0 120.0 350.0 
4126 250.0 120.0 375.0 
4127 250.0 120.0 400.0 
4128 275.0 120.0 25.0 
4129 275.0 120.0 50.0 
4130 275.0 120.0 75.0 
4131 275.0 120.0 100.0 
4132 275.0 120.0 125.0 
4133 275.0 120.0 150.0 
4134 275.0 120.0 175.0 
4135 275.0 120.0 200.0 
4136 275.0 120.0 225.0 
4137 275.0 120.0 250.0 
4138 275.0 120.0 275.0 
4139 275.0 120.0 300.0 
4140 275.0 120.0 325.0 
4141 275.0 120.0 350.0 
4142 275.0 120.0 375.0 
4143 275.0 120.0 400.0 
4144 300.0 120.0 25.0 
4145 300.0 120.0 50.0 
4146 300.0 120.0 75.0 
4147 300.0 120.0 100.0 
4148 300.0 120.0 125.0 
4149 300.0 120.0 150.0 
4150 300.0 120.0 175.0 
4151 300.0 120.0 200.0 
4152 300.0 120.0 225.0 
4153 300.0 120.0 250.0 
4154 300.0 120.0 275.0 
4155 300.0 120.0 300.0 
4156 300.0 120.0 325.0 
4157 300.0 120.0 350.0 
4158 300.0 120.0 375.0 
4159 300.0 120.0 400.0 
4160  0.0 130.0 25.0 
4161  0.0 130.0 50.0 
4162  0.0 130.0 75.0 
4163  0.0 130.0 100.0 
4164  0.0 130.0 125.0 
4165  0.0 130.0 150.0 
4166  0.0 130.0 175.0 
4167  0.0 130.0 200.0 
4168  0.0 130.0 225.0 
4169  0.0 130.0 250.0 
4170  0.0 130.0 275.0 
4171  0.0 130.0 300.0 
4172  0.0 130.0 325.0 
4173  0.0 130.0 350.0 
4174  0.0 130.0 375.0 
4175  0.0 130.0 400.0 
4176 25.0 130.0 25.0 
4177 25.0 130.0 50.0 
4178 25.0 130.0 75.0 
4179 25.0 130.0 100.0 
4180 25.0 130.0 125.0 
4181 25.0 130.0 150.0 
4182 25.0 130.0 175.0 
4183 25.0 130.0 200.0 
4184 25.0 130.0 225.0 
4185 25.0 130.0 250.0 
4186 25.0 130.0 275.0 
4187 25.0 130.0 300.0 
4188 25.0 130.0 325.0 
4189 25.0 130.0 350.0 
4190 25.0 130.0 375.0 
4191 25.0 130.0 400.0 
4192 50.0 130.0 25.0 
4193 50.0 130.0 50.0 
4194 50.0 130.0 75.0 
4195 50.0 130.0 100.0 
4196 50.0 130.0 125.0 
4197 50.0 130.0 150.0 
4198 50.0 130.0 175.0 
4199 50.0 130.0 200.0 
4200 50.0 130.0 225.0 
4201 50.0 130.0 250.0 
4202 50.0 130.0 275.0 
4203 50.0 130.0 300.0 
4204 50.0 130.0 325.0 
4205 50.0 130.0 350.0 
4206 50.0 130.0 375.0 
4207 50.0 130.0 400.0 
4208 75.0 130.0 25.0 
4209 75.0 130.0 50.0 
4210 75.0 130.0 75.0 
4211 75.0 130.0 100.0 
4212 75.0 130.0 125.0 
4213 75.0 130.0 150.0 
4214 75.0 130.0 175.0 
4215 75.0 130.0 200.0 
4216 75.0 130.0 225.0 
4217 75.0 130.0 250.0 
4218 75.0 130.0 275.0 
4219 75.0 130.0 300.0 
4220 75.0 130.0 325.0 
4221 75.0 130.0 350.0 
4222 75.0 130.0 375.0 
4223 75.0 130.0 400.0 
4224 100.0 130.0 25.0 
4225 100.0 130.0 50.0 
4226 100.0 130.0 75.0 
4227 100.0 130.0 100.0 
4228 100.0 130.0 125.0 
4229 100.0 130.0 150.0 
4230 100.0 130.0 175.0 
4231 100.0 130.0 200.0 
4232 100.0 130.0 225.0 
4233 100.0 130.0 250.0 
4234 100.0 130.0 275.0 
4235 100.0 130.0 300.0 
4236 100.0 130.0 325.0 
4237 100.0 130.0 350.0 
4238 100.0 130.0 375.0 
4239 100.0 130.0 400.0 
4240 125.0 130.0 25.0 
4241 125.0 130.0 50.0 
4242 125.0 130.0 75.0 
4243 125.0 130.0 100.0 
4244 125.0 130.0 125.0 
4245 125.0 130.0 150.0 
4246 125.0 130.0 175.0 
4247 125.0 130.0 200.0 
4248 125.0 130.0 225.0 
4249 125.0 130.0 250.0 
4250 125.0 130.0 275.0 
4251 125.0 130.0 300.0 
4252 125.0 130.0 325.0 
4253 125.0 130.0 350.0 
4254 125.0 130.0 375.0 
4255 125.0 130.0 400.0 
4256 150.0 130.0 25.0 
4257 150.0 130.0 50.0 
4258 150.0 130.0 75.0 
4259 150.0 130.0 100.0 
4260 150.0 130.0 125.0 
4261 150.0 130.0 150.0 
4262 150.0 130.0 175.0 
4263 150.0 130.0 200.0 
4264 150.0 130.0 225.0 
4265 150.0 130.0 250.0 
4266 150.0 130.0 275.0 
4267 150.0 130.0 300.0 
4268 150.0 130.0 325.0 
4269 150.0 130.0 350.0 
4270 150.0 130.0 375.0 
4271 150.0 130.0 400.0 
4272 175.0 130.0 25.0 
4273 175.0 130.0 50.0 
4274 175.0 130.0 75.0 
4275 175.0 130.0 100.0 
4276 175.0 130.0 125.0 
4277 175.0 130.0 150.0 
4278 175.0 130.0 175.0 
4279 175.0 130.0 200.0 
4280 175.0 130.0 225.0 
4281 175.0 130.0 250.0 
4282 175.0 130.0 275.0 
4283 175.0 130.0 300.0 
4284 175.0 130.0 325.0 
4285 175.0 130.0 350.0 
4286 175.0 130.0 375.0 
4287 175.0 130.0 400.0 
4288 200.0 130.0 25.0 
4289 200.0 130.0 50.0 
4290 200.0 130.0 75.0 
4291 200.0 130.0 100.0 
4292 200.0 130.0 125.0 
4293 200.0 130.0 150.0 
4294 200.0 130.0 175.0 
4295 200.0 130.0 200.0 
4296 200.0 130.0 225.0 
4297 200.0 130.0 250.0 
4298 200.0 130.0 275.0 
4299 200.0 130.0 300.0 
4300 200.0 130.0 325.0 
4301 200.0 130.0 350.0 
4302 200.0 130.0 375.0 
4303 200.0 130.0 400.0 
4304 225.0 130.0 25.0 
4305 225.0 130.0 50.0 
4306 225.0 130.0 75.0 
4307 225.0 130.0 100.0 
4308 225.0 130.0 125.0 
4309 225.0 130.0 150.0 
4310 225.0 130.0 175.0 
4311 225.0 130.0 200.0 
4312 225.0 130.0 225.0 
4313 225.0 130.0 250.0 
4314 225.0 130.0 275.0 
4315 225.0 130.0 300.0 
4316 225.0 130.0 325.0 
4317 225.0 130.0 350.0 
4318 225.0 130.0 375.0 
4319 225.0 130.0 400.0 
4320 250.0 130.0 25.0 
4321 250.0 130.0 50.0 
4322 250.0 130.0 75.0 
4323 250.0 130.0 100.0 
4324 250.0 130.0 125.0 
4325 250.0 130.0 150.0 
4326 250.0 130.0 175.0 
4327 250.0 130.0 200.0 
4328 250.0 130.0 225.0 
4329 250.0 130.0 250.0 
4330 250.0 130.0 275.0 
4331 250.0 130.0 300.0 
4332 250.0 130.0 325.0 
4333 250.0 130.0 350.0 
4334 250.0 130.0 375.0 
4335 250.0 130.0 400.0 
4336 275.0 130.0 25.0 
4337 275.0 130.0 50.0 
4338 275.0 130.0 75.0 
4339 275.0 130.0 100.0 
4340 275.0 130.0 125.0 
4341 275.0 130.0 150.0 
4342 275.0 130.0 175.0 
4343 275.0 130.0 200.0 
4344 275.0 130.0 225.0 
4345 275.0 130.0 250.0 
4346 275.0 130.0 275.0 
4347 275.0 130.0 300.0 
4348 275.0 130.0 325.0 
4349 275.0 130.0 350.0 
4350 275.0 130.0 375.0 
4351 275.0 130.0 400.0 
4352 300.0 130.0 25.0 
4353 300.0 130.0 50.0 
4354 300.0 130.0 75.0 
4355 300.0 130.0 100.0 
4356 300.0 130.0 125.0 
4357 300.0 130.0 150.0 
4358 300.0 130.0 175.0 
4359 300.0 130.0 200.0 
4360 300.0 130.0 225.0 
4361 300.0 130.0 250.0 
4362 300.0 130.0 275.0 
4363 300.0 130.0 300.0 
4364 300.0 130.0 325.0 
4365 300.0 130.0 350.0 
4366 300.0 130.0 375.0 
4367 300.0 130.0 400.0 
